New Slice
Start
561 305 8
560 305 0
559 305 0
559 305 0
558 305 0
557 305 0
557 305 0
557 305 0
556 305 0
555 305 0
555 305 0
555 304 0
554 304 0
553 304 0
553 303 0
552 303 0
551 303 0
551 303 0
551 303 0
550 303 0
549 303 0
549 303 0
548 303 0
547 303 0
547 303 0
546 303 0
545 303 0
545 303 0
544 303 0
543 303 0
543 303 0
542 303 0
541 303 0
541 303 0
540 302 0
539 302 0
539 302 0
538 302 0
537 301 0
537 301 0
536 301 0
536 301 0
535 301 0
535 301 0
534 301 0
534 300 0
533 300 0
533 300 0
532 299 0
531 299 0
530 298 0
529 297 0
529 297 0
528 297 0
528 296 0
527 296 0
527 295 0
527 295 0
526 295 0
526 294 0
526 293 0
526 293 0
526 292 0
525 292 0
525 291 0
525 291 0
525 290 0
525 289 0
525 288 0
525 287 0
525 287 0
525 287 0
525 286 0
525 285 0
525 285 0
525 284 0
525 283 0
525 283 0
525 282 0
525 281 0
525 281 0
525 280 0
525 279 0
525 279 0
525 278 0
525 277 0
525 277 0
525 276 0
525 275 0
525 275 0
525 274 0
525 273 0
525 273 0
525 272 0
525 271 0
525 271 0
525 270 0
525 269 0
525 269 0
525 268 0
525 267 0
525 267 0
525 266 0
525 265 0
525 265 0
525 264 0
525 263 0
525 263 0
525 262 0
525 261 0
525 261 0
525 260 0
525 259 0
525 259 0
525 258 0
525 257 0
525 257 0
525 256 0
525 255 0
525 255 0
525 254 0
525 253 0
525 253 0
525 252 0
525 251 0
525 251 0
525 250 0
525 249 0
525 249 0
525 248 0
525 247 0
525 247 0
525 246 0
526 245 0
526 245 0
526 244 0
526 243 0
526 243 0
527 242 0
527 241 0
527 241 0
527 240 0
527 239 0
527 239 0
527 238 0
527 237 0
527 237 0
527 236 0
527 235 0
528 234 0
528 233 0
528 233 0
528 232 0
528 231 0
528 230 0
528 229 0
528 228 0
528 227 0
528 226 0
528 225 0
528 225 0
528 224 0
528 223 0
528 223 0
528 222 0
528 221 0
528 221 0
528 220 0
528 219 0
528 219 0
528 218 0
528 217 0
528 217 0
528 216 0
528 215 0
528 215 0
528 214 0
528 213 0
528 211 0
528 211 0
528 209 2
528 208 10
528 207 10
529 206 7
529 205 7
529 204 3
529 203 3
529 203 3
529 202 5
529 201 7
529 201 7
529 200 7
529 199 5
529 199 5
529 198 5
529 197 4
529 197 4
529 196 0
529 195 0
529 194 0
529 193 0
529 191 0
529 191 0
529 190 0
529 189 0
529 189 0
529 188 0
529 187 0
529 187 0
529 186 0
529 185 0
529 185 0
529 184 0
529 183 0
528 182 0
528 181 0
528 180 0
528 179 0
528 179 0
528 178 0
528 177 0
528 177 0
527 177 0
527 176 0
527 175 0
527 175 0
527 174 0
527 173 0
527 173 0
527 172 0
527 171 0
527 171 0
527 170 0
527 169 0
527 169 0
527 168 0
527 167 3
527 166 3
527 165 15
527 165 15
528 164 0
528 163 9
529 163 9
529 163 9
529 163 9
530 162 0
531 162 0
531 161 8
532 161 0
533 161 0
533 161 0
534 161 0
535 162 0
535 162 0
536 162 0
536 163 0
537 163 0
537 163 0
537 163 0
538 164 0
539 165 0
539 165 0
540 165 0
540 166 0
541 167 0
541 167 0
541 168 0
541 169 0
541 169 0
541 170 0
541 171 0
542 171 0
542 172 0
542 173 0
542 173 0
543 174 0
543 175 0
543 175 0
543 176 0
543 177 0
543 177 0
543 178 0
543 179 0
543 180 0
543 181 0
543 181 0
544 183 0
544 183 0
544 184 0
545 185 0
545 185 0
545 186 0
545 187 0
545 188 0
545 189 0
545 189 0
545 190 0
545 191 0
546 191 0
546 191 0
546 192 0
546 193 0
546 193 0
546 194 0
546 195 0
546 195 0
547 196 0
547 197 0
547 197 0
547 198 2
547 199 2
547 199 2
547 200 1
547 201 1
547 201 1
547 202 0
547 203 0
547 203 0
547 204 0
547 205 0
547 205 0
547 206 0
547 207 12
547 207 12
547 208 12
547 209 8
547 209 8
547 210 4
547 211 4
547 211 4
546 212 0
546 213 0
546 213 0
546 214 0
546 215 18
545 215 7
545 215 7
545 216 7
545 217 6
545 218 6
545 219 10
545 219 10
545 220 15
545 221 15
545 221 15
545 222 9
545 223 9
545 223 9
545 224 25
545 225 25
545 225 25
544 227 14
544 227 14
544 228 14
544 229 15
543 229 0
543 230 0
543 231 0
543 231 0
543 232 0
543 233 0
543 233 0
543 234 0
543 235 0
543 235 0
543 236 0
543 237 0
543 237 0
543 238 0
543 239 0
543 239 0
543 240 0
543 241 0
543 241 0
543 242 0
543 243 0
543 243 0
543 244 0
543 245 0
544 245 0
545 246 0
545 247 0
545 247 0
546 247 0
546 248 0
547 249 0
547 249 0
547 250 0
548 250 0
548 251 0
548 252 0
549 252 0
549 253 0
549 253 0
549 253 0
549 254 0
549 255 0
549 255 0
549 256 0
550 256 0
550 257 0
550 257 0
550 258 0
550 259 0
550 259 0
550 260 0
551 261 0
551 261 0
551 262 8
551 263 9
551 263 9
551 264 9
551 265 12
551 265 12
551 266 12
551 267 8
551 267 8
551 268 4
551 269 4
552 269 10
552 270 13
552 271 13
552 271 13
552 272 21
552 273 21
552 273 21
552 274 21
553 275 18
553 275 18
553 276 18
553 277 15
553 277 15
553 278 15
553 279 4
553 279 4
554 279 15
554 280 3
554 281 3
554 281 3
555 282 1
555 283 1
555 283 1
555 283 1
555 284 0
556 284 14
556 285 9
556 285 9
557 286 9
557 287 0
557 287 0
558 287 10
558 288 10
558 289 1
558 289 1
559 290 20
559 291 20
559 291 20
559 291 20
559 293 4
560 293 4
560 294 0
560 295 0
561 295 13
561 296 7
561 297 0
561 297 0
561 298 0
561 299 0
561 299 0
561 300 0
561 301 0
561 301 0
561 302 0
561 303 0
561 303 0
561 304 8
561 304 8
561 305 8
560 305 0
560 305 0
Stop
New Slice
Start
561 307 27
560 307 30
560 306 30
559 306 30
559 306 30
558 305 0
557 305 0
557 305 0
556 305 0
555 305 0
554 305 0
553 305 0
553 304 0
553 304 0
552 304 0
551 304 0
551 303 0
550 303 0
549 303 0
549 303 0
548 303 0
547 303 0
547 303 0
546 303 0
545 303 0
545 303 0
544 303 0
543 303 0
542 303 0
541 303 0
541 303 0
540 303 0
539 303 0
539 303 0
538 303 0
537 303 0
537 303 0
536 303 0
535 303 0
535 303 0
534 303 0
533 303 6
533 303 6
532 303 6
532 302 0
531 301 0
530 301 0
530 301 0
529 301 0
529 300 0
528 299 0
528 299 0
527 299 0
527 298 0
527 297 0
526 297 6
526 296 0
526 295 0
526 295 0
525 295 0
525 294 0
525 293 0
525 293 0
525 292 0
525 291 0
525 291 0
525 290 0
525 289 0
525 289 0
525 288 0
525 287 0
525 287 0
525 286 0
525 285 0
525 285 0
525 284 0
525 283 0
525 283 0
525 282 0
525 281 0
525 281 0
525 280 0
525 279 0
525 279 0
525 278 0
525 277 0
525 277 0
525 276 0
525 275 0
525 275 0
525 274 0
525 273 0
525 273 0
525 272 0
525 271 0
525 271 0
525 270 0
525 269 0
525 269 0
525 268 0
525 267 0
525 267 0
525 266 0
525 265 0
525 265 0
525 264 0
525 263 0
525 263 0
525 262 0
525 261 0
525 261 0
525 260 0
525 259 0
525 259 0
525 258 0
525 257 0
525 257 0
525 256 0
525 255 0
525 255 0
525 254 0
525 253 0
525 253 0
525 252 0
525 251 0
525 251 0
525 250 0
525 249 0
525 248 0
525 247 0
525 247 0
525 246 0
525 245 0
525 245 0
525 244 0
525 243 0
525 243 0
525 242 2
526 241 2
526 241 2
526 240 7
526 239 7
526 239 7
526 238 7
526 237 16
526 237 16
527 236 0
527 235 0
527 234 0
527 233 0
527 231 0
528 231 0
528 229 0
528 227 0
528 227 0
528 225 0
528 225 0
529 223 0
529 223 0
529 222 0
529 221 0
529 221 0
529 220 0
529 219 0
529 219 0
529 217 0
529 217 0
529 215 0
529 215 0
529 213 0
529 213 0
529 212 0
529 211 0
529 210 0
529 209 2
529 209 2
529 208 10
529 207 10
529 207 10
529 206 7
529 205 7
529 205 7
529 204 3
529 203 3
529 203 3
529 201 7
529 200 7
529 199 5
529 198 5
529 197 4
529 197 4
529 196 0
529 195 0
529 195 0
529 194 0
529 193 0
529 193 0
529 192 0
529 191 0
529 191 0
529 190 0
529 189 0
529 189 0
529 188 0
529 187 0
529 187 0
529 186 0
529 185 0
529 185 0
528 184 0
528 183 0
527 183 0
527 182 0
527 181 0
527 181 0
527 180 0
526 180 14
526 179 14
526 179 14
525 179 14
525 178 4
525 177 0
525 177 0
525 176 0
525 175 0
525 175 0
525 174 0
525 173 9
525 173 9
525 172 8
525 171 8
525 171 8
525 170 11
525 169 11
525 169 11
525 168 15
526 167 22
526 167 22
527 166 3
527 165 15
527 165 15
528 165 0
528 164 0
529 164 0
529 163 9
529 163 9
529 163 9
530 163 0
531 163 0
531 162 0
531 162 0
531 161 8
532 161 0
533 161 0
533 161 0
534 161 0
535 161 0
535 161 0
536 161 0
536 162 0
537 162 0
537 163 0
538 163 0
538 164 0
539 165 0
539 165 0
539 166 0
540 167 0
540 167 0
541 167 0
541 168 0
541 169 0
541 169 0
541 169 0
542 170 0
542 171 0
542 172 0
543 173 0
543 173 0
543 174 0
543 175 0
543 175 0
543 175 0
543 176 0
543 177 0
543 177 0
543 178 0
543 179 0
544 179 0
544 179 0
545 180 0
545 181 0
545 181 0
545 182 0
545 183 0
545 183 0
545 184 0
545 185 0
545 185 0
545 186 0
545 187 0
546 187 0
546 188 0
547 189 0
547 189 0
547 190 0
547 191 0
547 191 0
547 192 0
547 193 0
547 193 0
547 194 0
547 195 0
547 195 0
547 196 0
547 197 0
547 197 0
547 198 2
547 199 2
547 199 2
547 200 1
547 201 1
547 201 1
547 202 0
547 203 0
547 203 0
547 204 0
547 205 0
547 205 0
547 206 0
547 207 12
547 207 12
547 208 12
547 209 8
547 209 8
547 210 4
547 211 4
547 211 4
547 212 1
547 213 1
547 213 1
547 214 13
547 215 20
546 215 18
546 215 18
546 216 18
546 217 25
545 217 6
545 218 6
545 219 10
545 219 10
545 220 15
545 221 15
545 221 15
545 222 9
545 223 9
545 223 9
545 224 25
545 225 25
545 226 23
545 227 14
544 227 14
544 228 14
544 229 15
543 229 0
543 230 0
543 231 0
543 231 0
543 232 0
543 233 0
543 233 0
543 234 0
543 235 0
543 235 0
543 236 0
543 237 0
543 237 0
543 238 0
543 239 0
544 239 0
544 239 0
544 240 0
544 241 0
545 242 0
545 243 0
545 243 0
545 243 0
545 244 0
546 245 0
546 245 0
546 246 0
547 246 0
547 247 0
547 248 0
548 249 0
548 249 0
548 250 0
548 251 0
549 251 0
549 252 0
549 253 0
549 253 0
549 254 0
549 255 0
549 255 0
549 256 0
549 256 0
549 257 0
549 257 0
549 258 0
549 259 0
550 259 0
550 260 0
550 261 0
550 261 0
550 262 0
550 263 0
550 263 0
550 264 0
550 265 0
550 265 0
550 266 0
550 267 0
550 267 0
550 268 0
550 269 0
550 269 0
551 270 5
551 271 5
551 271 5
551 272 11
551 273 4
551 273 4
551 274 4
551 275 0
552 275 18
552 275 18
552 277 15
553 277 15
553 278 15
553 279 4
553 279 4
553 280 0
554 281 3
554 281 3
554 282 1
555 283 1
555 283 1
555 284 0
555 285 0
556 285 9
556 285 9
557 286 9
557 287 0
557 287 0
558 287 10
558 289 1
559 289 20
559 289 20
559 289 20
560 290 20
560 291 20
560 291 20
561 291 31
561 292 23
561 293 23
561 293 23
562 294 13
562 295 13
563 296 26
563 297 18
563 297 18
563 298 18
563 299 18
563 299 18
563 300 18
564 301 31
564 301 31
564 302 31
564 303 25
564 303 25
564 304 29
563 304 19
563 305 19
562 305 8
562 306 27
562 306 27
Stop
New Slice
Start
558 307 26
558 306 26
557 306 13
557 305 0
557 305 0
556 305 0
555 305 0
555 305 0
554 305 0
553 305 0
553 305 0
552 305 0
551 305 0
551 305 0
550 305 0
549 305 0
549 305 0
549 305 0
548 305 6
547 305 6
547 305 6
546 305 17
545 305 17
544 305 17
543 305 7
543 305 7
542 305 7
541 305 0
541 304 0
540 304 0
539 304 0
539 304 0
538 303 0
537 303 0
537 303 0
536 303 0
535 303 0
535 303 0
534 303 0
533 303 6
533 303 6
533 303 6
532 303 6
531 303 20
531 302 0
530 301 0
529 301 0
529 301 0
529 301 0
529 300 0
528 299 0
527 299 0
527 299 0
527 298 0
527 297 0
526 297 6
525 296 0
525 295 0
525 295 0
525 294 0
525 293 0
525 293 0
525 292 0
525 291 0
525 291 0
524 290 0
524 289 0
524 289 0
524 288 0
524 287 0
524 287 0
524 286 0
523 285 0
523 285 0
523 284 0
523 283 0
523 283 0
523 282 0
523 281 0
523 281 0
523 280 0
523 279 0
523 279 0
523 278 0
523 277 0
523 277 0
523 276 0
523 275 0
523 275 0
523 274 0
523 273 0
523 273 0
524 272 0
524 271 0
524 270 0
524 269 0
524 269 0
524 268 0
525 267 0
525 267 0
525 266 0
525 265 0
525 265 0
525 264 0
525 263 0
525 263 0
525 262 0
525 261 0
525 261 0
525 260 0
525 259 0
526 258 0
526 257 0
526 257 0
526 256 0
526 255 0
526 255 0
526 254 0
526 253 0
527 252 0
527 251 0
527 251 0
527 250 0
527 249 0
527 249 0
527 248 0
527 247 0
527 247 0
527 246 0
527 245 0
527 245 0
527 244 0
527 243 0
527 243 0
527 242 0
527 241 0
527 241 0
527 240 0
527 239 0
527 239 0
527 238 0
527 237 0
527 237 0
527 236 0
527 235 0
527 235 0
527 234 0
527 233 0
527 233 0
527 232 0
527 231 0
527 231 0
527 230 0
527 229 0
527 229 0
527 228 0
527 227 0
527 227 0
527 226 0
527 225 0
527 225 0
527 224 0
527 223 0
527 223 0
527 222 0
527 221 0
527 221 0
527 220 0
527 219 5
527 219 5
527 218 6
527 217 6
527 217 6
527 216 12
527 215 12
527 215 12
527 214 7
527 213 9
527 213 9
527 212 9
527 211 16
527 211 16
527 210 16
527 209 19
527 209 19
527 208 36
527 207 36
527 207 36
527 206 30
527 205 30
527 205 30
527 204 35
527 203 35
527 203 35
527 202 34
527 201 26
527 201 26
527 200 26
527 199 23
527 199 23
527 198 23
527 197 25
527 197 25
527 196 16
527 195 16
527 195 16
527 194 12
527 193 12
527 193 12
527 192 16
527 191 16
527 191 16
527 190 12
527 189 0
527 189 0
527 187 0
527 187 0
527 186 0
527 185 0
527 185 0
527 184 0
527 183 0
527 183 0
528 181 0
528 181 0
528 180 0
528 179 0
528 179 0
528 178 0
528 177 0
528 176 0
528 175 0
528 175 0
528 174 0
527 173 0
527 172 0
527 171 0
527 171 0
527 170 0
527 169 0
527 169 0
527 168 0
527 167 3
527 166 3
527 165 15
527 165 15
527 164 15
527 163 23
527 163 23
527 162 23
528 162 9
528 161 13
529 161 13
529 161 13
530 161 8
531 161 8
531 161 8
532 161 0
533 161 0
533 161 0
534 161 0
535 161 0
535 161 0
536 161 0
536 162 0
537 162 0
537 162 0
538 163 0
538 163 0
539 163 0
539 164 0
540 165 0
540 165 0
541 165 0
541 166 0
541 167 0
541 167 0
542 167 6
542 168 0
543 169 0
543 169 0
543 170 0
544 170 12
544 171 6
544 171 6
544 172 6
545 172 6
545 173 6
545 173 6
545 174 6
545 175 6
546 175 15
546 176 0
546 177 0
546 177 0
546 178 0
547 179 0
547 179 0
547 180 0
547 181 10
547 181 10
547 182 10
547 183 16
547 183 16
547 184 16
547 185 6
547 185 6
547 186 2
547 187 2
547 187 2
547 188 0
547 189 0
547 189 0
547 190 0
547 191 0
547 191 0
547 192 0
547 193 0
547 193 0
547 194 0
547 195 0
547 195 0
547 197 0
547 197 0
547 198 2
547 199 2
547 199 2
547 200 1
547 201 1
547 201 1
547 202 0
547 203 0
547 203 0
547 204 0
547 205 0
547 205 0
547 206 0
547 207 12
547 207 12
546 208 0
546 209 0
545 209 0
545 210 0
545 211 0
545 213 0
545 213 0
544 213 0
544 214 0
544 215 7
544 215 7
544 216 7
544 217 6
544 217 6
544 218 6
544 219 10
544 219 10
543 220 0
543 221 0
543 221 0
543 222 0
543 223 0
543 223 0
543 224 7
543 225 7
543 225 7
543 226 7
543 227 0
543 227 0
543 228 0
543 229 0
543 229 0
543 230 0
543 231 0
543 231 0
543 232 0
543 233 0
543 233 0
543 234 0
543 235 0
543 235 0
543 236 0
543 237 0
543 237 0
543 238 0
543 239 0
543 239 0
543 240 0
544 240 0
544 241 0
544 241 0
544 242 0
545 243 0
545 243 0
545 244 0
545 245 0
546 245 0
547 246 0
547 247 0
548 247 0
548 248 0
549 248 0
549 249 0
550 249 0
550 250 0
551 250 3
551 250 3
551 251 0
551 251 0
551 252 0
552 253 12
552 253 12
552 254 12
552 255 14
552 255 14
552 256 14
552 257 14
552 257 14
552 258 15
552 259 15
552 259 15
552 260 19
552 261 19
552 261 19
552 262 24
552 263 22
552 263 22
552 264 22
552 265 17
552 265 17
552 266 17
552 267 15
552 267 15
552 268 10
552 269 10
552 269 10
552 270 13
552 271 13
552 271 13
552 272 21
552 273 21
552 273 21
552 274 21
553 274 21
553 275 18
553 275 18
553 276 18
553 277 15
553 277 15
553 278 15
553 279 4
554 279 15
554 279 15
554 280 3
554 281 3
554 281 3
555 281 3
555 282 1
555 283 1
555 283 1
555 284 0
555 285 0
555 285 0
556 285 9
556 286 9
557 287 0
557 287 0
557 288 0
558 289 1
558 289 1
559 290 20
559 291 20
560 291 20
560 292 4
561 293 23
561 293 23
561 294 13
562 294 13
562 295 13
563 296 26
563 297 18
563 297 18
563 298 18
563 299 18
563 299 18
564 299 32
564 300 32
564 301 31
564 301 31
564 302 31
563 302 14
563 303 6
563 303 6
563 304 19
562 305 8
561 305 8
561 305 8
560 305 0
559 305 0
559 305 0
559 305 0
Stop
