New Slice
Start
538 143 51
537 142 51
537 142 51
536 142 38
535 141 40
535 141 40
534 142 26
534 143 26
534 143 26
534 144 28
534 145 25
534 145 25
534 146 25
534 147 25
534 147 25
534 148 25
534 149 13
534 149 13
534 150 13
534 151 13
534 151 13
534 152 21
534 153 21
534 153 21
535 154 19
535 155 19
535 155 19
536 156 30
536 157 41
536 157 41
537 157 30
537 158 30
537 159 35
538 159 35
538 160 35
538 161 37
538 161 37
539 161 19
539 162 20
539 163 20
539 163 20
539 164 32
539 165 32
539 165 32
539 166 21
539 167 21
539 167 21
539 168 17
539 169 28
539 169 28
539 170 28
539 171 28
539 171 28
539 172 28
539 173 31
539 173 31
539 174 28
539 175 28
539 175 28
539 176 28
539 177 28
539 178 13
539 179 9
539 179 9
539 180 9
539 181 3
539 181 3
539 182 3
538 182 3
538 183 2
537 183 2
537 184 2
537 185 2
537 185 2
537 186 6
537 187 6
537 187 6
536 188 17
535 189 17
535 189 17
535 190 14
535 191 3
535 191 3
535 192 3
535 193 2
534 193 15
533 193 27
533 194 27
533 194 27
532 194 27
531 194 31
531 194 31
530 193 31
529 193 29
529 193 29
528 193 29
527 192 50
526 192 39
526 191 39
525 191 39
525 191 39
524 190 48
523 189 61
523 189 61
522 189 55
522 188 55
521 188 32
521 187 38
521 187 38
521 187 38
521 186 38
520 185 42
520 185 42
520 184 47
519 183 32
519 183 32
519 182 38
519 182 38
518 181 38
518 180 45
518 179 45
517 179 29
517 179 29
517 178 37
517 177 42
517 177 42
517 175 45
517 175 45
517 174 45
517 173 42
517 173 42
517 172 40
517 171 40
517 171 40
517 170 47
517 169 47
517 169 47
517 168 43
517 167 45
517 167 45
517 166 45
517 165 43
517 165 43
517 164 43
517 163 49
517 163 49
517 162 49
517 161 41
517 161 41
517 160 30
517 159 30
517 159 30
517 158 32
517 157 32
517 157 32
517 156 19
517 155 12
517 155 12
517 154 12
517 153 17
517 153 17
517 152 17
517 151 31
517 151 31
518 151 25
518 150 25
518 149 34
519 149 34
519 149 34
519 148 33
519 147 33
520 147 41
520 146 40
520 145 40
520 145 40
520 144 31
520 143 39
520 143 39
520 142 39
519 141 33
518 141 33
517 141 50
517 141 50
516 142 67
516 143 67
516 143 67
516 144 72
516 145 72
515 145 72
515 145 72
515 146 72
515 147 68
515 147 68
515 148 68
515 149 64
515 149 64
514 150 65
514 151 65
514 151 65
514 152 53
513 152 53
513 153 53
513 153 53
513 154 33
513 155 33
513 155 33
513 155 33
513 156 22
513 157 25
513 157 25
512 158 42
512 159 34
512 159 34
512 160 34
512 161 36
512 161 36
511 161 36
511 162 33
511 163 33
511 163 33
511 164 31
511 165 31
511 165 31
511 166 28
511 167 28
511 167 28
511 168 24
511 169 25
511 169 25
511 170 25
511 171 25
511 171 25
511 172 25
511 173 25
512 173 25
512 174 25
512 175 25
512 175 25
512 176 22
512 177 22
512 177 22
512 178 26
513 179 12
513 180 12
513 181 17
513 181 17
513 182 17
514 183 28
514 183 28
514 184 28
514 185 29
515 185 19
515 186 10
515 187 10
516 187 10
516 188 13
517 189 4
517 189 4
518 190 7
518 191 2
519 191 2
519 191 2
519 191 2
520 192 8
520 193 2
521 193 2
521 193 2
521 193 2
521 194 2
522 194 3
523 194 7
523 195 3
523 195 3
525 195 3
525 196 3
526 197 2
527 197 2
527 197 2
527 197 2
528 198 7
529 199 7
529 199 7
530 199 2
530 200 15
531 201 15
531 201 15
532 201 2
532 202 9
533 203 24
533 203 24
533 204 24
534 205 19
534 205 19
534 206 19
535 207 23
535 208 23
535 209 32
535 209 32
535 210 34
535 211 34
535 212 25
535 212 25
535 213 25
535 213 25
535 214 17
535 215 20
535 215 20
535 216 20
535 217 11
535 217 11
535 218 11
535 219 16
535 219 16
535 220 18
535 221 18
535 221 18
535 222 35
535 223 35
535 223 35
535 224 35
535 225 35
535 225 35
535 226 33
535 227 24
535 227 24
535 228 24
535 229 23
535 229 23
535 230 23
535 231 31
535 231 31
536 232 33
536 233 33
536 233 33
536 234 33
536 235 33
536 235 33
536 236 39
536 237 39
536 237 39
536 238 34
536 239 27
536 239 27
536 240 27
536 241 28
536 241 28
536 242 28
536 243 26
536 243 26
536 244 32
536 245 32
536 245 32
536 246 34
536 247 34
536 247 34
536 248 47
536 249 47
536 249 47
536 250 57
536 251 55
536 251 55
536 252 55
536 253 59
536 253 59
536 254 59
536 255 60
536 255 60
536 256 62
537 256 45
537 257 45
537 257 45
537 258 53
537 259 53
537 259 53
537 260 48
537 261 48
537 262 56
537 263 59
537 263 59
537 264 59
538 264 59
538 265 54
538 266 54
538 267 48
538 267 48
538 268 49
538 269 49
539 269 41
539 270 39
539 271 39
539 271 39
539 272 42
539 273 41
539 273 41
538 274 26
537 274 26
537 275 33
537 275 33
537 275 33
537 276 33
536 277 42
535 277 42
535 278 42
534 278 36
533 278 41
533 279 45
533 279 45
532 279 45
531 279 39
531 280 37
530 280 37
529 280 28
529 280 28
528 280 28
527 281 28
527 281 28
526 281 35
525 281 35
524 281 44
523 281 44
523 281 44
522 281 48
521 281 45
521 281 45
521 281 45
520 281 45
519 281 46
519 282 22
519 282 22
518 282 22
517 282 34
517 282 34
515 282 51
515 282 51
514 282 60
514 283 60
513 283 60
513 283 60
512 283 54
511 283 54
511 283 54
510 283 44
509 283 31
508 283 31
508 282 31
507 282 34
507 281 70
506 281 70
505 281 67
504 281 56
503 280 56
503 280 56
503 279 75
502 279 64
501 279 64
501 279 64
500 279 54
499 279 54
499 279 54
498 279 50
497 279 49
497 278 50
496 278 50
495 277 51
495 277 51
493 277 45
493 277 45
492 276 34
491 275 34
491 275 34
490 274 31
489 274 31
489 273 31
489 273 31
489 272 42
488 271 46
488 271 46
487 271 46
487 270 46
487 269 51
487 269 51
487 268 51
487 267 56
486 267 40
486 267 40
486 266 55
486 265 55
486 265 55
485 264 45
485 263 45
485 263 45
485 262 49
485 261 49
484 261 49
484 261 49
484 260 49
484 259 45
484 259 45
484 258 45
484 257 46
484 257 46
484 256 46
484 255 49
484 255 49
484 254 48
484 253 48
484 253 48
484 252 53
484 251 53
484 251 53
484 250 52
484 249 43
484 249 43
484 248 43
484 247 38
484 247 38
484 246 38
484 245 28
484 245 28
484 244 28
484 243 28
484 243 28
484 242 13
484 241 13
484 241 13
485 240 15
485 239 15
485 239 15
486 238 14
486 237 9
487 237 11
487 237 11
488 236 11
488 235 25
489 235 33
489 235 33
490 235 33
491 234 50
491 233 43
492 233 43
492 233 43
493 233 53
493 232 53
493 231 59
492 231 53
491 231 53
491 231 53
490 231 51
489 231 51
489 231 51
488 232 36
487 232 36
487 233 36
487 233 36
487 233 36
486 233 44
486 234 32
485 234 48
485 234 48
485 235 48
484 235 48
484 235 48
483 235 59
483 236 39
482 236 39
481 237 59
481 237 59
481 237 59
480 238 52
479 238 52
479 239 34
478 239 50
478 240 50
477 240 50
477 241 46
477 242 46
476 242 57
476 243 57
475 244 54
475 245 54
475 245 54
475 246 42
475 247 42
475 247 42
475 248 47
475 249 47
475 249 47
475 250 48
475 251 46
475 251 46
475 253 44
475 253 44
475 254 44
475 255 54
475 255 54
475 255 54
475 257 56
476 257 56
477 259 44
477 259 44
477 260 61
477 261 61
477 261 61
477 262 64
478 263 65
478 263 65
479 264 53
479 265 55
479 265 55
480 266 55
480 267 57
481 267 44
481 269 51
482 269 34
482 270 53
483 271 53
483 271 53
483 271 53
483 272 74
484 273 61
485 273 61
485 274 61
486 275 49
487 275 32
487 275 32
487 275 32
487 276 32
488 277 64
489 277 49
489 277 49
489 277 49
490 278 49
491 279 62
491 279 62
491 279 62
492 279 62
493 280 70
493 281 70
494 281 59
495 281 59
495 281 59
495 281 59
496 281 55
497 281 55
497 281 55
498 281 46
499 281 39
499 281 39
501 282 33
501 282 33
502 282 33
503 282 36
503 282 36
504 282 36
504 283 36
505 283 37
505 283 37
506 283 34
507 283 34
507 283 34
508 283 31
509 283 31
509 283 31
510 283 44
511 283 54
511 283 54
512 283 54
513 283 60
513 283 60
514 283 60
515 283 51
515 283 51
516 283 51
517 283 34
517 283 34
518 283 22
519 283 22
519 283 22
520 283 20
521 283 20
521 283 20
522 283 23
523 283 32
523 283 32
524 283 32
525 283 40
525 283 40
526 283 40
527 283 43
527 283 43
528 283 44
529 283 44
529 283 44
530 283 58
531 283 58
531 283 58
532 283 80
533 283 80
533 282 80
534 281 71
535 281 85
535 281 85
536 281 85
537 280 85
538 279 79
539 279 79
539 279 79
539 278 65
540 277 90
541 277 90
541 276 81
542 276 107
542 275 107
542 275 107
542 274 95
542 273 95
543 273 95
543 272 92
543 271 84
543 271 84
543 270 84
543 269 80
543 269 80
543 268 80
543 267 86
543 267 86
543 266 72
543 265 72
543 265 72
543 264 71
543 263 71
543 263 71
543 262 80
543 261 77
543 261 77
543 260 77
543 259 66
543 259 66
543 258 66
543 257 65
543 257 65
543 256 65
543 255 62
543 255 62
543 254 66
543 253 66
543 253 66
543 252 67
543 251 67
542 251 67
542 250 59
541 250 41
541 249 54
541 249 54
541 248 54
541 247 64
541 247 64
541 247 64
541 246 64
540 245 68
540 245 68
540 244 68
540 243 75
540 242 73
540 241 73
539 241 54
539 240 53
539 239 53
539 239 53
539 238 50
539 237 59
539 237 59
539 236 59
539 235 53
539 235 53
539 234 53
539 233 53
539 233 53
539 232 53
539 231 55
539 231 55
539 230 46
539 229 46
539 229 46
539 228 47
539 227 47
539 227 47
539 226 40
539 225 41
539 225 41
539 224 41
539 223 43
539 222 43
539 221 41
539 221 41
539 220 41
539 219 41
539 219 41
539 218 47
539 217 47
539 217 47
539 216 48
539 215 48
539 215 48
539 214 47
539 213 50
539 213 50
539 212 50
539 211 52
539 211 52
539 210 52
539 209 59
539 209 59
539 208 64
539 207 64
539 207 64
539 206 58
539 205 58
539 205 58
539 204 50
539 203 50
539 203 50
539 202 44
539 201 41
539 201 41
539 200 41
539 199 40
539 199 40
539 198 40
539 197 37
539 197 37
539 196 27
539 195 27
539 195 27
540 195 47
540 194 43
540 193 43
540 192 31
541 191 31
541 191 31
541 190 19
541 189 18
541 189 18
542 188 36
542 187 37
542 187 37
542 186 37
542 185 44
543 185 44
543 185 44
543 184 44
543 183 44
543 183 44
543 182 41
543 181 41
543 181 41
543 180 38
543 179 38
543 179 38
543 178 39
543 177 45
543 177 45
543 176 45
543 175 47
543 175 47
543 174 47
543 173 44
543 173 44
543 172 39
543 171 39
543 171 39
543 170 33
543 169 33
543 169 33
543 168 30
543 167 30
543 167 30
543 166 30
543 165 31
543 165 31
543 164 31
543 163 36
543 163 36
543 162 36
543 161 41
543 161 41
543 160 41
543 159 41
543 159 41
543 158 46
543 157 46
543 157 46
543 156 59
543 155 68
543 155 68
543 154 68
542 154 68
541 153 62
541 153 62
541 152 62
541 151 67
540 151 67
539 150 44
539 149 49
539 148 54
539 147 54
539 147 54
539 146 59
539 145 59
538 145 46
538 145 46
Stop
Start
539 145 59
539 144 68
539 143 61
539 143 61
539 143 61
Stop
New Slice
Start
537 143 51
537 143 51
537 142 51
537 141 48
536 141 40
535 141 40
535 141 40
534 140 36
533 140 44
533 140 44
533 141 44
533 141 44
533 142 28
533 143 28
532 143 28
532 144 30
532 145 27
532 145 27
532 146 27
532 147 27
532 147 27
532 148 27
532 149 26
532 149 26
533 150 30
533 151 30
534 151 13
535 153 14
536 153 14
536 154 19
537 155 15
537 155 15
537 155 15
538 156 14
538 157 30
538 157 30
538 158 30
539 158 30
539 159 32
539 159 32
539 160 32
539 161 19
539 161 19
539 162 20
539 163 20
539 163 20
539 164 32
539 165 32
539 165 32
539 166 21
539 167 21
539 167 21
539 168 17
539 169 28
539 169 28
539 170 28
539 171 28
539 171 28
539 172 28
539 173 31
539 174 28
539 175 28
539 175 28
539 176 28
539 177 28
539 177 28
539 178 13
539 179 9
539 179 9
539 180 9
539 181 3
539 181 3
539 182 3
539 183 2
538 183 2
538 184 2
537 185 2
537 185 2
537 186 6
537 187 6
537 187 6
536 188 17
535 189 17
535 189 17
535 190 14
535 190 14
535 191 3
534 191 23
533 192 45
533 193 27
532 193 27
531 193 31
531 193 31
530 193 31
529 193 29
529 193 29
528 193 29
527 193 25
527 192 50
527 192 50
526 191 39
525 191 39
525 191 39
525 191 39
524 190 48
524 189 61
523 189 61
523 189 61
523 189 61
522 187 56
522 187 56
521 186 38
521 185 42
520 184 47
520 183 47
520 183 47
520 182 54
519 182 38
519 181 38
519 181 38
519 180 45
519 179 45
519 179 45
519 178 52
519 177 53
519 177 53
519 176 53
519 175 58
519 175 58
519 174 58
519 173 58
519 173 58
519 172 52
519 171 52
519 171 52
519 170 60
519 169 60
519 169 60
519 167 59
519 167 59
519 166 59
519 165 57
519 165 57
519 164 57
519 163 60
519 163 60
519 162 60
519 161 56
519 161 56
519 160 53
519 159 53
519 159 53
519 158 53
519 157 53
519 157 53
519 156 42
519 155 35
519 155 35
519 154 35
519 153 32
519 153 32
519 152 32
519 151 25
519 151 25
519 150 25
519 149 34
519 149 34
519 148 33
519 147 33
519 147 33
519 146 31
519 145 31
518 145 31
517 145 47
517 145 47
517 145 47
516 146 72
516 147 68
515 148 68
515 149 64
515 150 50
515 150 50
515 151 50
515 151 50
515 152 27
514 152 53
514 153 53
514 153 53
514 154 33
514 155 33
513 155 33
513 155 33
513 156 22
513 157 25
513 157 25
513 158 25
513 159 13
512 159 34
512 160 34
512 161 36
512 161 36
512 162 33
512 163 33
512 163 33
511 164 31
511 165 31
511 165 31
511 166 28
511 167 28
511 167 28
511 168 24
511 169 25
511 169 25
511 170 25
511 171 25
511 171 25
511 172 25
511 173 25
511 173 25
511 174 25
511 175 25
512 175 25
512 175 25
513 177 8
513 177 8
513 178 13
513 179 12
513 179 12
513 180 12
514 180 12
515 181 12
515 181 12
515 182 12
515 183 22
515 183 22
516 183 22
517 184 23
517 185 15
517 186 5
517 187 5
517 187 5
518 188 10
518 189 10
519 189 10
519 190 7
519 190 7
519 191 2
520 191 8
521 192 8
521 193 2
521 193 2
522 193 3
522 194 3
523 195 3
523 195 3
523 195 3
524 195 3
524 196 3
525 197 2
525 197 2
526 197 2
526 198 28
527 198 16
527 199 16
527 199 16
528 199 7
528 200 33
529 200 33
529 201 33
530 201 15
531 202 28
531 203 37
531 203 37
532 204 24
533 205 28
533 205 28
533 206 28
533 207 35
533 207 35
533 208 35
533 209 34
534 209 29
534 210 29
534 211 29
535 211 34
535 212 25
535 213 25
535 213 25
535 214 17
535 215 20
535 215 20
535 216 20
535 217 11
535 217 11
535 217 11
535 218 11
535 219 16
535 219 16
535 220 18
535 221 18
535 221 18
535 222 35
535 223 35
535 223 35
535 224 35
535 225 35
535 225 35
535 226 33
535 227 24
535 227 24
535 228 24
535 229 23
535 229 23
535 230 23
535 231 31
535 231 31
535 232 33
535 233 33
535 233 33
535 234 33
535 235 33
535 235 33
535 237 39
535 237 39
535 238 34
535 239 27
535 239 27
535 240 27
535 241 28
535 241 28
535 242 28
535 243 26
535 243 26
535 244 32
535 245 32
536 246 34
536 247 34
536 247 34
537 248 32
537 249 32
537 249 32
537 251 36
537 251 36
537 252 36
537 253 36
537 253 36
537 253 36
537 254 36
537 255 37
537 255 37
537 256 45
537 257 45
537 257 45
537 258 53
537 259 53
538 260 48
538 261 48
538 261 48
539 262 46
539 263 45
539 263 45
539 264 45
539 265 43
539 265 43
539 266 43
539 267 38
539 267 38
539 268 41
539 269 41
539 269 41
539 270 39
539 271 39
539 271 39
538 272 32
538 273 26
537 273 26
537 273 26
537 274 26
536 275 34
536 275 34
535 275 34
535 276 34
535 277 42
534 277 36
533 277 41
533 278 41
532 279 45
531 279 39
531 279 39
531 279 39
530 279 39
529 279 40
529 279 40
529 280 28
528 280 28
527 280 28
527 281 28
527 281 28
526 281 35
525 281 35
525 281 35
524 281 44
523 281 44
522 281 48
521 281 45
521 282 20
521 282 20
520 282 20
519 282 22
519 282 22
518 282 22
517 282 34
517 282 34
517 283 34
516 283 51
515 283 51
515 283 51
514 283 60
513 283 60
513 283 60
512 283 54
511 283 54
511 283 54
510 283 44
509 283 31
509 283 31
508 283 31
507 283 34
507 283 34
506 283 34
505 283 37
505 283 37
504 283 36
503 283 36
503 283 36
502 283 33
501 283 33
501 283 33
500 283 34
499 283 34
499 282 34
497 282 60
497 281 55
497 281 55
496 281 55
495 281 59
495 280 59
495 280 59
495 279 47
494 279 47
493 279 52
493 278 45
493 278 45
493 277 45
492 277 42
491 276 34
491 275 34
491 275 34
491 275 34
491 274 46
490 274 31
490 273 31
489 273 31
489 272 42
489 271 59
489 271 59
489 270 59
488 269 51
488 269 51
487 267 56
487 267 56
487 266 69
487 265 69
486 265 55
486 264 64
486 263 64
486 263 64
485 262 49
485 261 49
485 261 49
485 260 49
485 259 45
485 259 45
485 258 45
484 257 46
484 256 46
484 255 49
484 255 49
484 254 48
484 253 48
484 253 48
484 252 53
484 251 53
484 251 53
484 250 52
484 249 43
484 249 43
484 248 43
484 247 38
484 246 38
484 245 28
484 245 28
484 244 28
484 243 28
484 243 28
484 242 13
484 241 13
484 241 13
484 240 15
484 239 15
484 239 15
485 238 16
485 237 21
485 237 21
485 237 21
486 237 9
486 236 9
487 235 25
487 235 25
488 235 25
489 235 33
489 234 33
490 234 33
491 233 43
491 233 43
491 233 43
491 232 43
492 232 43
493 231 59
493 231 59
493 230 61
492 230 53
492 229 53
491 229 53
491 229 53
490 229 55
489 229 55
489 229 55
487 230 66
487 231 56
487 231 56
487 231 56
486 231 64
485 231 70
485 232 57
485 232 57
485 233 57
484 233 57
483 233 67
483 234 59
483 234 59
483 235 59
482 235 59
481 236 59
481 236 59
481 237 59
480 237 62
479 239 34
479 239 34
478 240 50
477 241 46
477 241 46
477 242 46
477 243 41
476 243 57
476 243 57
475 244 54
475 245 54
475 246 42
475 247 42
475 247 42
475 248 47
475 249 47
475 249 47
475 250 48
475 251 46
475 251 46
475 252 46
475 253 44
475 254 44
476 255 54
476 255 54
476 256 56
477 257 44
477 257 44
477 258 44
477 259 44
478 259 44
478 260 61
478 261 61
479 261 42
479 262 48
479 263 53
479 263 53
479 264 53
480 264 53
480 265 55
481 265 43
481 266 43
481 267 44
482 267 30
482 268 34
482 269 34
482 269 34
483 269 34
483 270 53
484 271 43
484 271 43
485 271 43
485 272 56
485 273 61
486 273 38
487 274 27
487 275 32
488 275 32
489 275 28
490 276 28
491 277 42
491 277 42
492 277 42
493 277 45
493 277 45
494 278 51
495 278 51
495 279 47
497 279 49
497 279 49
499 279 54
499 279 54
500 279 54
501 279 64
501 280 43
501 280 43
503 281 56
503 281 56
504 281 56
505 281 67
505 281 67
506 281 70
507 281 70
507 281 70
508 281 67
509 281 67
509 281 67
510 281 72
511 281 79
512 281 79
513 281 82
513 281 82
514 281 82
515 281 73
515 282 51
517 282 34
518 283 22
519 283 22
519 283 22
520 283 20
521 283 20
521 283 20
522 283 23
523 283 32
523 283 32
524 283 32
525 283 40
525 283 40
526 283 40
527 283 43
527 283 43
528 283 44
529 283 44
529 283 44
530 283 58
531 282 58
531 282 58
532 282 80
532 281 52
533 281 52
533 281 52
534 281 71
535 281 85
535 280 85
535 280 85
536 279 71
536 279 71
537 279 79
537 278 49
538 277 49
539 277 65
539 276 53
539 275 53
540 275 81
540 274 67
540 273 67
541 273 67
541 272 64
541 271 54
541 271 54
541 270 54
541 269 51
541 269 51
541 268 51
541 267 53
541 267 53
541 266 46
541 265 46
541 265 46
541 264 46
541 263 46
541 262 55
541 261 54
541 261 54
541 259 47
541 259 47
541 259 47
541 258 47
541 257 43
540 257 43
540 256 43
540 255 37
540 255 37
540 254 45
540 253 45
540 253 45
540 252 45
540 251 45
539 250 28
539 249 37
539 249 37
539 248 37
539 247 41
539 247 41
539 246 41
539 245 42
539 245 42
539 244 42
539 243 52
539 243 52
539 241 54
539 241 54
539 240 53
539 239 53
539 239 53
539 238 50
539 237 59
539 237 59
539 236 59
539 235 53
539 235 53
539 234 53
539 233 53
539 233 53
539 232 53
539 231 55
539 231 55
539 230 46
539 229 46
539 229 46
539 229 46
539 228 47
539 227 47
539 227 47
539 226 40
539 225 41
539 224 41
539 223 43
539 223 43
539 222 43
539 221 41
539 221 41
539 220 41
539 219 41
539 219 41
539 218 47
539 217 47
539 217 47
539 216 48
539 215 48
539 215 48
539 214 47
539 213 50
539 213 50
539 212 50
539 211 52
539 211 52
539 210 52
539 209 59
539 209 59
539 208 64
539 207 64
539 207 64
539 206 58
538 206 41
538 205 41
538 205 41
538 204 39
538 203 39
538 203 39
538 202 38
538 201 28
538 201 28
538 200 28
538 199 23
538 199 23
538 198 23
538 197 20
538 197 20
538 196 9
538 195 9
538 195 9
538 194 3
538 193 3
538 193 3
538 192 2
538 191 2
538 191 2
539 190 5
539 189 7
539 189 7
539 188 7
539 187 5
539 187 5
539 187 5
539 186 5
539 185 3
540 185 21
540 185 21
540 184 21
541 183 21
541 183 21
541 182 18
541 181 18
541 180 19
541 179 19
541 179 19
541 178 19
541 177 31
541 177 31
541 176 31
541 175 29
541 175 29
541 174 29
541 173 29
541 173 29
541 172 27
541 171 27
541 171 27
541 170 22
541 169 22
541 169 22
541 168 11
541 167 10
541 167 10
541 166 10
541 165 22
541 165 22
541 164 22
541 163 20
541 163 20
541 162 20
541 161 20
541 161 20
541 160 32
541 159 32
541 159 32
541 158 34
541 157 34
541 157 34
541 156 41
541 155 52
541 155 52
541 154 52
541 153 62
541 153 62
541 152 62
541 151 67
541 151 67
541 150 67
541 149 72
540 149 72
540 148 72
539 147 54
539 147 54
539 146 59
539 145 59
539 145 59
538 145 46
538 144 53
538 143 51
537 143 51
537 142 51
537 142 51
Stop
New Slice
Start
536 142 38
535 142 38
535 143 38
535 143 38
535 143 38
535 144 36
535 145 33
535 145 33
535 146 33
534 147 25
534 147 25
534 148 25
534 149 13
534 149 13
534 150 13
534 151 13
534 151 13
534 152 21
534 153 21
534 153 21
534 155 38
535 155 19
535 156 30
535 157 41
536 157 41
537 157 30
537 158 30
537 159 35
537 159 35
537 159 35
537 160 35
537 161 37
538 161 37
538 161 37
538 162 33
538 163 33
538 163 33
539 164 32
539 165 32
539 165 32
539 166 21
539 167 21
539 167 21
539 168 17
539 169 28
539 169 28
539 170 28
539 171 28
539 171 28
539 172 28
539 173 31
539 174 28
539 175 28
539 175 28
539 176 28
539 177 28
539 177 28
539 178 13
539 179 9
539 179 9
539 180 9
539 181 3
539 181 3
538 182 3
538 183 2
537 183 2
537 184 2
537 185 2
537 185 2
537 186 6
537 187 6
537 187 6
537 188 4
536 188 17
536 189 17
535 189 17
535 189 17
535 190 14
535 191 3
535 191 3
535 191 3
535 192 3
535 193 2
534 193 15
533 193 27
533 193 27
533 193 27
531 193 31
531 193 31
530 193 31
530 193 31
529 193 29
529 192 57
528 192 57
528 191 57
527 191 50
527 191 50
526 191 39
525 190 55
525 189 60
525 189 60
525 189 60
524 189 61
524 188 61
523 187 61
523 187 61
523 186 61
522 185 59
522 185 59
522 184 60
522 183 60
521 182 54
521 181 54
521 181 54
521 180 52
521 179 52
521 179 52
521 178 59
521 177 61
521 177 61
521 176 61
521 175 66
520 175 66
520 175 66
520 174 66
520 173 72
519 173 58
519 172 52
519 171 52
519 170 60
519 169 60
519 169 60
519 168 57
519 167 59
519 167 59
519 166 59
519 165 57
519 165 57
519 164 57
519 163 60
519 163 60
519 162 60
519 161 56
519 161 56
519 160 53
519 159 53
519 159 53
519 158 53
519 157 53
519 157 53
519 156 42
519 155 35
519 155 35
519 154 35
519 153 32
519 153 32
519 152 32
519 151 25
519 151 25
519 150 25
519 149 34
519 149 34
519 148 33
519 147 33
519 147 33
519 146 31
519 145 31
519 145 31
519 145 31
519 144 24
519 143 30
518 143 30
517 143 45
517 143 45
517 144 49
517 145 47
517 145 47
517 146 47
517 147 48
517 147 48
516 147 68
516 148 68
516 149 64
516 149 64
516 150 50
516 151 50
516 151 50
516 152 27
515 153 27
515 154 12
515 155 12
515 155 12
515 156 11
515 157 20
515 157 20
515 158 20
514 158 25
514 159 13
514 159 13
514 160 13
513 161 22
513 161 22
513 162 26
513 163 26
513 163 26
513 164 24
513 165 24
513 165 24
513 166 20
513 167 20
513 167 20
513 168 21
513 169 23
513 169 23
513 170 23
513 171 23
513 171 23
513 172 23
513 173 22
513 173 22
513 175 19
513 175 19
513 176 8
513 177 8
513 177 8
513 177 8
514 178 13
514 179 12
514 179 12
515 179 13
515 181 12
515 181 12
516 182 12
516 183 22
517 183 23
517 183 23
517 184 23
517 185 15
518 185 23
518 186 16
519 186 16
519 187 16
519 187 16
519 188 10
520 188 32
520 189 32
521 189 32
521 190 21
521 191 8
522 191 19
522 191 19
523 192 30
523 193 7
523 193 7
524 194 7
524 195 3
525 195 3
525 195 3
525 195 3
526 196 3
526 197 2
527 197 2
527 199 16
528 199 7
528 199 7
529 200 33
529 201 33
529 201 33
529 201 33
530 202 28
530 203 37
531 203 37
531 203 37
531 205 47
532 205 28
532 206 28
532 207 35
533 207 35
533 208 35
533 209 34
533 209 34
533 210 35
533 211 35
534 211 29
534 211 29
534 212 35
534 213 35
534 213 35
534 214 26
535 215 20
535 215 20
535 216 20
535 217 11
535 217 11
535 218 11
535 219 16
535 219 16
535 220 18
535 221 18
535 222 35
535 223 35
535 223 35
535 224 35
535 225 35
535 225 35
535 226 33
535 227 24
535 228 24
535 229 23
535 230 23
535 231 31
535 231 31
535 232 33
535 233 33
535 233 33
535 234 33
535 235 33
535 235 33
535 236 39
535 237 39
535 237 39
535 238 34
535 239 27
535 239 27
535 240 27
535 241 28
535 241 28
535 242 28
535 243 26
535 243 26
535 244 32
535 245 32
535 245 32
535 246 34
535 247 34
535 247 34
535 248 47
535 249 47
535 249 47
535 250 57
536 250 57
536 251 55
536 252 55
536 253 59
536 253 59
536 254 59
537 255 37
537 255 37
537 256 45
537 257 45
537 257 45
537 258 53
537 259 53
537 259 53
537 260 48
537 261 48
537 261 48
537 262 56
537 263 59
537 263 59
537 264 59
537 265 54
537 265 54
537 266 54
537 267 48
537 267 48
537 269 49
537 269 49
537 270 43
537 271 43
537 273 26
537 273 26
537 275 33
537 276 33
537 277 49
537 277 49
537 278 49
537 279 79
537 279 79
537 280 85
537 280 85
537 281 85
536 281 85
535 281 85
535 281 85
534 281 71
533 281 52
533 281 52
532 281 52
531 281 37
531 281 37
530 281 37
529 281 28
529 281 28
528 281 28
527 281 28
527 281 28
526 281 35
525 282 40
524 282 32
523 282 32
522 282 23
521 282 20
521 282 20
520 282 20
519 282 22
519 282 22
518 282 22
517 282 34
517 283 34
517 283 34
516 283 51
515 283 51
515 283 51
514 283 60
513 283 60
513 283 60
512 283 54
511 283 54
511 283 54
510 283 44
509 283 31
509 283 31
508 283 31
507 283 34
507 283 34
506 283 34
505 283 37
505 283 37
504 283 36
503 283 36
502 283 33
502 283 33
501 283 33
500 283 34
500 282 34
499 282 34
499 281 39
498 281 46
497 281 55
497 280 55
497 280 55
496 280 55
496 279 49
495 279 47
495 279 47
494 278 51
493 277 45
493 277 45
492 277 42
492 276 34
491 276 34
491 275 34
491 275 34
491 275 34
490 274 31
489 274 31
489 273 31
489 273 31
489 273 31
488 273 27
487 271 46
487 271 46
487 270 46
486 269 37
485 269 32
485 268 32
485 267 32
485 267 32
485 266 40
484 265 40
484 265 40
484 264 45
484 263 45
483 263 34
483 262 37
483 261 35
483 261 35
483 260 35
483 259 35
483 259 35
483 258 35
483 257 36
483 257 36
483 256 36
483 255 26
483 254 29
483 253 29
483 252 33
483 251 33
483 251 33
483 250 33
483 249 24
484 249 43
484 248 43
484 247 38
484 247 38
485 247 38
485 246 38
485 245 28
485 245 28
485 244 28
485 243 28
485 243 28
486 242 30
487 242 52
487 241 52
487 241 52
487 240 36
487 239 36
488 239 36
488 239 36
489 238 44
489 237 28
489 237 28
490 236 28
491 236 57
491 235 50
491 235 50
491 234 50
492 233 43
493 232 53
493 231 59
493 231 59
493 231 59
493 230 61
493 229 61
493 229 61
493 229 61
492 229 53
491 229 53
491 229 53
490 229 55
490 229 55
489 230 55
489 231 51
488 231 56
488 231 56
487 232 36
487 232 36
487 233 36
486 233 44
485 233 57
485 233 57
484 233 57
484 234 48
483 235 59
483 235 59
482 235 59
481 236 59
481 237 59
481 237 59
481 237 59
480 237 62
479 238 52
479 239 34
479 239 34
479 240 34
477 242 46
477 243 41
477 243 41
477 244 33
476 245 54
476 246 42
476 247 42
476 247 42
476 248 47
475 249 47
475 249 47
475 250 48
475 251 46
475 251 46
475 252 46
475 253 44
475 253 44
475 254 44
476 255 54
477 255 37
477 256 44
477 257 44
477 257 44
478 258 44
478 259 44
479 259 32
479 259 32
479 260 42
479 261 42
479 261 42
479 262 48
480 262 48
481 263 43
481 264 43
481 265 43
481 265 43
481 265 43
482 265 34
482 266 34
482 267 30
483 267 30
483 268 34
483 269 34
483 269 34
484 270 43
485 271 43
485 271 43
485 272 56
485 273 61
486 273 38
487 273 27
487 274 27
487 274 27
487 275 32
489 275 28
489 275 28
489 276 28
490 276 28
491 276 34
491 277 42
492 277 42
493 277 45
493 278 45
494 279 47
495 279 47
495 279 47
496 280 55
497 281 55
497 281 55
498 281 46
498 281 46
499 281 39
499 282 34
500 282 34
501 283 33
501 283 33
502 283 33
503 283 36
503 283 36
504 283 36
505 283 37
505 283 37
506 283 34
507 283 34
507 284 30
508 284 19
509 284 19
509 285 52
510 285 47
511 285 56
512 285 56
513 285 63
514 285 63
515 285 63
516 285 63
517 285 60
517 285 60
518 285 62
519 285 62
520 285 71
521 285 71
521 284 41
522 284 50
523 284 55
523 284 55
524 283 32
525 283 40
525 283 40
526 283 40
527 282 43
527 282 43
528 282 44
529 281 28
529 281 28
530 281 37
531 281 37
531 281 37
531 280 37
532 279 45
533 279 45
533 279 45
533 279 45
534 279 58
535 278 42
535 278 42
536 277 42
537 277 49
537 277 49
538 276 33
538 275 33
539 275 53
539 275 53
539 275 53
540 274 67
540 273 67
541 273 67
541 272 64
541 271 54
542 270 84
542 269 80
542 269 80
542 268 80
542 267 86
542 267 86
542 266 72
542 265 72
542 265 72
542 264 71
542 263 71
542 262 80
542 261 77
542 260 77
542 259 66
542 259 66
542 258 66
542 257 65
542 257 65
541 256 43
541 255 37
541 255 37
541 254 45
541 253 45
541 252 45
541 251 45
541 251 45
541 250 41
541 250 41
541 249 54
541 249 54
541 248 54
541 247 64
541 247 64
541 246 64
541 245 68
541 245 68
541 244 68
541 243 75
541 243 75
541 242 73
541 241 73
541 241 73
541 239 71
541 239 71
541 238 68
541 237 72
541 237 72
541 236 72
541 235 66
541 234 66
541 233 68
541 233 68
541 232 68
541 231 67
541 231 67
541 230 66
541 229 66
541 229 66
541 228 71
541 227 71
541 227 71
541 226 58
541 225 63
541 225 63
541 224 63
541 223 64
541 223 64
541 222 64
541 221 63
541 220 63
541 219 66
541 219 66
541 218 71
541 217 71
541 217 71
541 216 71
541 215 71
541 214 64
541 213 69
541 213 69
541 212 69
541 211 60
541 211 60
541 210 60
541 209 62
541 209 62
541 208 76
541 207 76
541 207 76
541 206 72
541 205 72
541 205 72
541 204 60
541 203 60
541 203 60
541 202 52
541 201 49
541 201 49
541 200 49
540 199 50
540 199 50
540 198 50
540 197 50
540 197 50
540 196 47
540 195 47
540 195 47
540 194 43
540 193 43
540 193 43
540 192 31
540 191 31
540 191 31
540 190 19
540 189 18
540 189 18
540 188 18
540 187 15
540 187 15
540 186 15
540 185 21
540 185 21
540 184 21
540 183 21
541 183 21
541 182 18
541 181 18
541 181 18
541 180 19
541 179 19
541 179 19
541 178 19
541 177 31
541 177 31
542 175 47
542 175 47
542 174 47
542 173 44
542 173 44
542 172 39
542 171 39
542 171 39
542 170 33
542 169 33
542 169 33
542 168 30
542 167 30
542 167 30
542 166 30
542 165 31
542 165 31
542 164 31
542 163 36
542 163 36
542 162 36
542 161 41
542 160 41
542 159 41
542 159 41
542 158 46
542 157 46
542 157 46
542 156 59
542 155 68
542 155 68
542 154 68
542 153 73
541 153 62
541 152 62
541 152 62
541 151 67
541 151 67
541 150 67
541 149 72
540 149 72
540 149 72
539 149 49
539 148 54
539 147 54
538 147 38
538 146 46
537 145 46
537 145 46
537 145 46
536 144 36
536 144 36
Stop
