New Slice
Start
580 150 26
581 149 50
581 149 50
582 149 37
583 149 30
583 149 30
584 149 30
585 149 23
585 149 23
586 149 23
587 149 11
587 149 11
588 149 3
589 149 3
589 149 3
590 149 2
591 149 2
591 149 2
592 149 8
593 149 23
593 149 23
594 149 23
595 149 41
595 149 41
596 149 41
596 150 26
597 150 41
597 151 41
598 151 41
598 152 38
599 153 59
599 153 59
599 154 56
599 155 56
599 155 56
599 156 50
599 157 34
599 157 34
600 158 55
600 159 48
600 159 48
600 160 48
600 161 44
600 161 44
600 162 37
600 163 37
600 163 37
600 164 42
599 165 31
599 165 31
599 166 31
599 167 31
599 167 31
599 167 31
599 168 33
598 169 19
598 169 19
597 171 23
597 171 23
597 172 23
597 173 26
597 173 26
597 174 20
597 175 20
596 175 18
596 175 18
596 176 13
596 177 13
596 177 13
596 178 6
596 179 5
596 179 5
596 180 5
596 181 13
596 181 13
596 182 13
596 183 8
596 183 8
596 184 8
596 185 22
596 185 22
596 186 20
596 187 20
596 187 20
596 188 17
596 189 17
596 189 17
595 190 24
595 191 31
595 191 31
595 192 31
595 192 31
595 193 48
595 193 48
594 194 22
594 195 34
593 195 34
593 196 34
593 196 34
593 197 44
592 198 47
591 199 32
591 199 32
591 200 60
590 201 60
590 201 60
589 202 65
589 203 71
588 203 71
587 203 78
587 203 78
586 203 77
585 203 77
585 203 77
584 203 68
583 203 68
583 203 68
582 203 59
581 204 45
580 204 45
580 205 65
579 205 59
579 205 59
578 205 59
578 206 59
577 206 46
577 206 46
576 207 61
575 207 51
575 207 51
574 208 36
573 209 40
573 209 40
573 210 42
572 211 29
572 212 44
572 213 44
571 213 44
571 214 48
571 215 46
571 215 46
571 216 46
571 217 50
570 217 35
570 218 35
570 219 36
570 219 36
570 220 34
569 221 19
569 221 19
569 223 25
569 223 25
569 224 32
569 225 32
568 225 32
568 225 32
568 226 34
568 227 40
568 227 40
568 228 40
567 229 37
567 229 37
567 230 37
567 231 49
567 231 49
567 232 55
567 233 55
567 234 51
567 235 51
567 235 51
567 236 48
566 237 48
565 237 32
565 238 32
565 239 35
565 239 35
565 240 35
565 241 50
565 241 50
565 242 50
565 243 45
565 243 45
565 244 53
565 245 53
565 245 53
565 246 68
564 246 68
564 247 68
564 247 68
564 248 69
564 249 69
564 249 69
564 251 69
563 251 62
563 252 62
563 253 60
563 253 60
563 254 60
563 255 68
563 255 68
563 256 71
563 257 71
563 257 71
563 258 56
563 259 56
563 259 56
563 260 62
563 261 62
563 261 62
563 262 68
563 263 70
563 263 70
563 264 70
563 265 64
563 265 64
563 266 64
563 267 50
563 267 50
563 268 46
563 269 46
563 269 46
563 270 50
563 271 50
563 271 50
563 272 42
563 273 22
563 273 22
563 274 22
564 275 28
564 275 28
565 276 28
565 276 28
565 277 30
566 277 27
566 278 27
567 278 27
567 279 23
568 279 17
569 279 17
569 279 17
570 279 28
571 279 43
571 280 20
572 280 20
573 280 26
573 280 26
574 280 26
575 280 32
575 280 32
576 281 38
577 281 38
577 281 38
578 281 56
579 281 56
580 281 66
581 281 66
581 281 66
582 281 71
583 281 77
583 281 77
584 281 77
585 281 87
585 281 87
586 281 87
587 281 88
587 281 88
588 281 82
589 281 82
589 281 82
590 281 79
591 281 79
591 281 79
592 281 70
593 281 66
593 281 66
594 281 66
595 281 62
595 281 62
596 281 62
597 281 59
598 281 59
599 281 53
599 281 53
600 281 44
601 281 44
601 281 44
602 281 39
603 280 39
603 279 41
605 279 43
605 278 46
607 277 40
607 277 40
607 277 40
607 276 41
608 276 41
609 276 32
609 275 32
609 275 32
610 274 29
611 273 30
611 273 30
612 273 43
612 272 35
613 272 35
613 271 28
613 271 28
614 270 27
614 269 27
615 269 27
615 268 27
615 268 27
615 267 40
616 267 34
616 266 40
616 265 40
616 265 40
616 264 44
617 264 37
617 263 37
617 263 37
617 262 37
617 261 42
617 261 42
617 260 42
617 259 49
617 259 49
618 258 49
618 257 47
618 257 47
618 256 47
618 255 49
619 255 34
619 255 34
619 254 32
619 253 32
619 253 32
619 252 28
619 251 28
619 251 28
619 250 35
619 249 23
619 248 23
619 247 13
619 247 13
619 246 13
619 245 12
619 245 12
619 244 12
619 243 12
619 242 15
619 241 15
618 241 12
617 239 13
617 239 13
617 239 13
617 238 13
617 237 12
616 237 19
615 237 25
615 236 25
615 235 13
615 235 13
614 235 13
613 234 16
613 233 9
613 233 9
612 233 9
612 232 9
611 232 10
611 231 6
611 231 6
610 231 15
610 230 10
609 229 10
609 229 10
609 228 10
608 228 27
608 227 27
607 227 27
607 226 13
607 226 13
607 225 9
607 224 9
606 224 19
606 223 6
606 223 6
605 222 6
605 221 7
605 221 7
605 220 7
604 220 11
604 219 17
604 219 17
604 218 4
603 218 18
603 217 18
603 217 18
603 216 8
603 215 8
603 215 8
603 214 5
603 213 8
602 213 8
602 212 8
602 211 10
602 211 10
602 210 10
602 209 28
602 209 28
602 208 55
603 208 55
603 208 55
604 208 56
605 209 24
605 209 24
606 209 24
607 210 35
607 211 35
608 211 35
609 212 39
609 213 39
610 213 39
610 214 35
611 215 53
611 215 53
612 216 57
612 217 57
613 217 57
613 218 57
613 219 41
614 219 56
615 221 52
615 221 52
615 222 34
616 222 48
616 223 48
617 223 56
617 224 36
617 225 36
617 225 36
618 225 36
618 226 18
619 227 12
619 227 12
619 227 12
619 228 12
620 229 10
620 230 10
621 231 18
621 231 18
621 232 16
621 233 16
621 233 16
622 234 16
623 235 25
623 235 25
623 236 28
623 237 28
623 237 28
623 238 34
623 239 24
623 239 24
623 240 24
623 241 26
623 242 26
623 243 30
623 243 30
623 244 33
623 245 33
623 245 33
623 246 33
623 247 33
623 247 33
623 248 28
623 249 28
623 249 28
623 250 21
623 251 32
623 251 32
623 252 32
623 253 32
623 253 32
623 254 32
623 255 34
623 255 34
623 257 43
623 257 43
623 258 45
623 259 45
623 259 45
623 260 55
623 261 55
622 261 40
622 261 40
621 262 43
621 262 43
621 263 45
621 263 45
620 263 39
620 264 39
619 265 52
619 265 52
619 266 52
618 266 41
618 267 37
618 267 37
617 268 41
617 269 41
617 269 41
616 270 38
616 271 38
615 271 27
615 271 27
615 272 41
614 273 59
613 273 43
613 274 43
613 274 43
613 275 52
612 275 52
611 275 35
611 276 35
611 276 35
611 277 54
610 277 41
609 277 41
609 277 41
608 278 40
607 279 50
607 279 50
605 280 55
605 281 55
604 281 37
603 281 39
603 281 39
603 282 46
602 283 46
601 283 36
601 283 36
600 283 36
600 283 36
599 283 35
599 284 50
598 284 42
597 284 42
597 285 68
597 285 68
596 285 61
595 285 61
595 286 61
594 286 53
593 286 53
593 286 53
592 286 43
591 286 30
591 286 30
590 286 30
589 286 28
589 286 28
588 286 28
587 286 28
587 286 28
586 286 29
585 286 29
585 286 29
584 286 28
583 286 28
583 286 28
582 286 29
581 286 36
581 286 36
580 286 36
579 286 44
579 286 44
578 286 44
577 286 53
577 286 53
576 286 53
575 286 64
575 285 64
574 285 74
573 285 74
573 285 74
573 285 74
573 284 35
572 284 46
571 284 46
571 283 22
570 283 31
569 283 47
569 283 47
569 283 47
568 282 47
567 282 68
567 281 40
566 281 40
565 280 62
565 279 35
564 279 35
563 278 35
563 277 35
563 277 35
562 277 47
562 276 35
561 275 35
561 275 35
561 274 30
561 273 30
560 273 47
560 273 47
560 272 36
559 271 29
559 271 29
559 270 29
559 269 28
559 269 28
559 269 28
558 268 37
558 267 41
558 267 41
558 266 32
558 265 32
558 265 32
558 264 26
558 263 26
558 263 26
558 262 17
558 261 24
558 261 24
558 260 24
558 259 23
558 259 23
558 258 23
558 257 11
558 257 11
558 256 11
558 255 13
558 255 13
558 254 18
558 253 18
558 252 14
558 251 14
558 251 14
558 250 17
558 249 19
558 249 19
558 248 19
558 247 21
558 247 21
558 246 21
558 245 25
558 245 25
558 244 25
558 243 33
558 243 33
558 242 44
558 241 44
558 241 44
558 240 57
558 239 57
558 239 57
558 238 61
558 237 62
558 237 62
558 236 62
559 235 44
559 235 44
559 234 44
559 233 41
559 233 41
559 232 41
559 231 42
559 231 42
559 230 54
559 229 54
560 229 54
560 229 54
560 228 55
561 227 46
561 227 46
561 226 39
561 225 46
561 225 46
561 224 46
561 223 57
561 223 57
562 222 57
562 221 59
563 221 57
563 220 57
563 219 57
563 219 57
563 218 53
564 217 36
564 217 36
565 217 36
565 216 38
565 215 38
565 215 38
565 214 47
565 213 62
566 213 44
566 212 44
566 211 56
567 211 56
567 211 56
567 210 56
567 209 50
568 209 43
568 208 38
568 207 38
568 207 38
568 206 43
569 205 43
569 205 43
569 204 39
569 203 39
569 203 39
569 202 42
569 201 36
569 201 36
569 200 36
569 199 42
569 199 42
569 198 42
569 197 36
569 197 36
569 196 32
569 195 32
569 195 32
569 194 17
569 193 17
569 193 17
569 192 11
569 191 11
569 191 11
569 190 4
569 189 7
569 189 7
569 188 7
569 187 8
568 187 8
568 185 12
567 185 29
567 184 20
567 183 20
567 183 20
567 182 10
567 181 10
567 181 10
566 180 16
566 179 16
565 179 30
565 178 26
565 177 25
565 177 25
565 176 25
565 175 27
565 175 27
565 174 27
565 173 32
565 173 32
565 172 25
565 171 25
565 171 25
565 170 32
565 169 32
565 169 32
565 168 35
565 167 38
565 166 38
565 165 32
565 165 32
565 164 32
565 163 32
565 163 32
565 162 32
565 161 38
565 161 38
565 160 31
565 159 31
565 159 31
565 158 35
565 157 35
565 157 35
565 156 41
565 155 50
565 155 50
565 154 50
565 153 70
565 153 70
565 152 70
566 151 65
566 151 65
566 150 65
567 150 65
567 149 70
567 149 70
568 149 59
568 148 69
569 147 69
569 147 69
569 148 69
569 149 59
569 149 59
570 151 30
570 151 30
570 152 29
570 153 29
570 153 29
570 154 33
570 155 33
570 155 33
570 156 34
570 157 37
570 157 37
570 158 37
570 159 43
570 159 43
570 160 43
570 161 45
570 161 45
570 162 48
570 163 48
570 163 48
570 164 49
570 165 49
570 165 49
570 166 55
570 167 55
570 167 55
570 168 57
570 169 56
570 169 56
570 170 56
570 171 51
570 171 51
571 172 62
571 173 56
571 173 56
571 174 48
571 175 48
571 175 48
571 176 47
571 177 47
571 177 47
571 178 42
571 179 33
572 180 33
572 181 38
572 181 38
572 182 38
572 183 33
572 183 33
572 184 33
572 185 29
572 185 29
572 186 28
572 187 28
572 187 28
572 188 21
573 189 49
573 189 49
573 190 35
573 191 29
573 191 29
573 192 29
573 193 26
574 193 26
574 194 26
574 195 15
575 195 31
575 195 31
576 195 44
577 196 44
577 196 44
578 196 48
579 196 48
579 196 48
580 196 53
581 196 53
581 196 53
582 196 57
583 196 56
583 196 56
584 196 56
585 196 45
585 196 45
586 196 45
587 196 27
587 196 27
588 196 10
589 195 10
589 195 10
590 194 4
591 193 4
591 193 4
592 192 17
592 191 17
593 191 21
593 191 21
593 190 17
593 189 5
593 189 5
593 189 5
593 188 5
593 187 8
593 187 8
594 186 8
594 185 13
594 185 13
594 184 6
594 183 6
594 183 6
594 182 17
594 181 17
594 181 17
594 180 12
594 179 12
594 179 12
594 178 10
594 177 17
594 177 17
594 176 17
594 175 21
594 175 21
594 174 21
594 173 25
594 173 25
594 172 31
594 171 31
595 171 19
595 170 27
595 169 27
595 169 27
595 168 34
595 167 35
595 167 35
595 166 35
595 165 28
595 165 28
595 164 28
595 163 21
595 163 21
595 162 21
595 161 18
595 161 18
595 160 22
595 159 22
595 159 22
595 158 14
595 157 14
594 157 19
593 156 3
593 156 3
592 156 12
591 156 29
591 156 29
590 156 29
590 157 46
589 157 54
589 157 54
588 157 54
588 158 54
587 158 52
587 159 73
586 159 68
585 159 68
585 159 68
584 159 59
583 159 59
583 159 59
582 158 14
581 158 14
581 157 14
580 157 14
580 156 8
579 156 24
579 155 29
579 155 29
578 154 29
578 153 32
578 153 32
578 152 32
578 151 44
579 151 44
579 151 44
580 151 26
581 150 26
581 150 26
581 150 26
Stop
New Slice
Start
579 152 32
579 152 32
580 151 26
581 151 26
581 151 26
581 150 26
582 150 15
582 149 37
583 149 30
583 149 30
584 149 30
585 149 23
585 149 23
586 149 23
586 148 63
587 148 42
587 148 42
588 148 18
589 148 18
589 148 18
590 148 5
591 148 5
591 148 5
592 148 9
593 148 27
593 148 27
593 149 23
594 149 23
595 149 41
595 149 41
595 150 26
596 151 26
597 151 41
597 152 38
597 153 38
597 153 38
597 154 32
598 154 32
598 155 32
598 155 32
598 156 23
598 157 21
598 157 21
598 158 21
598 159 23
598 159 23
598 160 23
598 161 14
598 161 14
598 162 19
598 163 19
598 163 19
598 164 27
598 165 27
599 165 31
599 166 31
599 167 31
599 167 31
599 168 33
599 169 28
599 169 28
599 170 28
599 171 37
599 171 37
599 172 37
599 173 35
599 173 35
599 174 26
598 175 20
598 176 29
598 177 29
597 177 29
597 178 26
597 179 23
597 179 23
596 179 5
596 180 5
596 181 13
596 181 13
595 182 13
595 183 8
595 183 8
595 184 8
594 185 13
594 185 13
594 186 8
594 187 8
594 187 8
594 188 5
594 189 5
594 189 5
594 190 17
593 190 17
593 191 21
593 191 21
593 192 21
593 193 22
593 193 22
593 193 22
593 194 22
592 195 19
592 195 19
592 196 19
591 196 2
591 197 10
591 197 10
591 198 32
590 198 32
590 199 32
589 199 19
589 200 46
589 200 46
588 200 46
587 201 32
587 201 32
586 201 19
585 201 19
585 201 19
584 202 34
583 202 34
583 202 34
581 203 45
580 203 45
579 203 28
579 203 28
579 204 28
578 204 28
578 205 59
577 205 46
577 205 46
576 206 46
575 207 51
575 207 51
575 209 60
574 209 40
574 209 40
573 211 42
573 211 42
573 212 60
572 213 44
572 213 44
571 215 46
571 215 46
571 215 46
571 216 46
570 217 35
570 217 35
569 218 26
569 219 26
569 219 26
569 219 26
569 220 19
569 221 19
569 221 19
568 222 25
568 223 25
568 223 25
568 224 32
568 225 32
568 225 32
568 226 34
568 227 40
568 227 40
567 229 37
567 229 37
567 230 37
567 231 49
567 233 55
566 233 55
566 233 55
566 234 51
566 235 51
566 235 51
565 235 37
565 236 32
565 237 32
565 237 32
565 238 32
565 239 35
565 239 35
565 240 35
565 241 50
564 242 50
564 243 45
564 245 53
564 246 68
564 248 69
564 249 69
564 251 69
564 253 70
564 255 79
564 257 70
564 258 63
564 259 63
564 259 63
564 260 74
564 261 74
564 261 74
564 262 82
564 263 85
564 263 85
564 264 85
564 265 81
564 265 81
565 266 81
565 267 67
565 268 61
565 269 61
565 269 61
566 270 65
566 271 65
567 271 65
567 271 65
567 272 59
567 273 44
567 274 44
567 277 27
567 277 27
567 279 23
568 280 19
568 281 19
568 283 47
568 283 47
569 285 104
569 285 104
570 285 94
571 285 83
571 285 83
572 285 83
573 285 74
573 285 74
574 285 74
575 285 64
575 285 64
576 285 53
577 285 53
577 285 53
578 285 44
579 285 44
579 285 44
580 285 36
581 285 36
581 285 36
582 285 29
583 285 28
583 285 28
585 285 29
585 285 29
586 285 29
587 285 28
587 285 28
588 285 28
589 285 28
589 285 28
590 285 30
591 285 30
592 285 43
593 285 53
593 285 53
594 285 53
595 285 61
595 285 61
596 284 34
597 284 42
597 283 35
597 283 35
598 283 35
599 283 35
599 282 35
599 282 35
600 281 44
601 281 44
602 280 39
603 279 41
603 279 41
604 278 47
604 277 47
605 277 46
605 277 46
605 277 46
606 276 52
606 275 52
607 275 41
607 275 41
607 275 41
607 274 44
607 273 44
608 273 44
608 273 44
609 272 36
609 271 53
609 271 53
609 271 53
610 271 53
611 269 49
611 269 49
611 268 49
612 268 35
612 267 50
613 267 50
613 266 62
613 266 62
613 265 62
614 265 50
615 264 53
615 263 53
615 263 53
616 262 48
616 261 53
617 260 42
617 259 49
617 259 49
617 258 49
617 257 47
617 257 47
617 256 47
617 255 49
617 255 49
617 254 43
617 253 43
617 253 43
617 252 43
618 252 43
618 251 43
618 251 43
618 250 48
618 249 40
618 249 40
618 248 40
618 247 29
618 247 29
618 246 29
618 245 19
618 245 19
618 244 19
618 243 18
618 242 12
617 242 12
617 241 12
617 241 12
617 240 13
617 239 13
616 239 19
616 239 19
616 238 17
615 238 25
615 237 25
615 237 25
614 237 25
614 236 25
613 235 16
613 234 16
612 234 16
612 233 9
611 233 10
611 232 10
610 231 15
610 230 10
609 229 10
609 229 10
609 229 10
608 229 37
608 228 27
607 228 27
607 227 27
606 225 19
605 225 19
605 225 19
605 223 6
604 223 21
604 223 21
604 222 21
604 221 11
603 221 27
603 221 27
603 219 17
603 219 17
603 218 18
602 217 18
602 217 18
602 216 8
602 215 8
602 215 8
602 214 5
601 213 26
601 213 26
601 212 26
601 211 25
601 211 25
602 211 10
603 211 10
603 211 10
604 211 12
604 211 12
605 211 21
605 212 22
606 213 22
607 213 34
607 213 34
607 214 25
608 215 26
609 215 41
609 215 41
609 215 41
609 216 41
610 216 41
611 217 51
611 217 51
612 218 57
613 218 57
613 219 41
613 219 41
614 219 56
615 220 52
615 221 52
616 222 48
616 223 48
617 223 56
617 224 36
617 224 36
617 225 36
617 226 18
618 227 5
618 227 5
618 228 5
618 229 9
618 229 9
619 230 10
619 231 14
619 231 14
619 231 14
619 232 12
619 233 12
619 233 12
619 234 19
620 235 19
620 235 19
620 236 12
620 237 12
620 237 12
620 238 14
621 238 21
621 239 13
621 239 13
621 240 13
621 241 21
621 241 21
621 242 21
621 243 17
621 243 17
621 244 19
621 245 19
621 245 19
621 246 17
621 247 17
621 247 17
622 247 17
622 248 21
622 249 21
622 249 21
622 250 24
622 251 24
622 251 24
622 252 24
622 253 27
622 253 27
622 254 27
622 255 28
622 256 32
622 257 32
622 257 32
622 258 34
622 259 34
622 259 34
622 260 40
622 261 40
622 261 40
622 262 43
622 263 45
622 263 45
621 264 45
621 265 53
621 265 53
620 265 52
620 266 52
619 267 47
619 267 47
619 267 47
618 268 41
617 269 41
617 269 41
616 269 30
616 270 38
615 270 27
615 271 27
614 271 27
613 272 35
613 272 35
612 273 43
612 273 43
611 273 30
611 274 30
610 274 29
610 275 32
609 275 32
609 275 32
608 276 41
607 277 40
607 277 40
606 278 46
605 278 46
605 279 43
605 279 43
605 279 43
604 279 34
603 279 41
603 280 39
603 281 39
602 281 39
601 281 44
601 281 44
601 282 36
600 283 36
599 283 35
599 283 35
598 283 35
597 283 35
597 283 35
596 283 41
595 283 41
595 283 41
594 284 29
593 284 29
593 284 29
592 284 25
591 284 21
591 284 21
591 285 30
590 285 30
589 285 28
589 285 28
588 285 28
587 285 28
587 285 28
586 285 29
585 285 29
585 285 29
584 285 28
583 285 28
583 285 28
582 285 29
581 285 36
581 285 36
580 285 36
579 285 44
579 285 44
578 285 44
577 285 53
577 285 53
576 284 24
575 284 30
575 284 30
574 284 35
573 283 16
573 283 16
572 283 22
571 282 22
571 282 22
570 281 15
569 281 19
569 281 19
569 280 19
568 280 19
567 279 23
567 279 23
566 279 23
565 279 35
565 278 30
565 277 30
564 277 30
563 277 35
563 277 35
562 277 47
562 276 35
561 275 35
561 275 35
560 273 47
559 273 47
559 273 47
559 272 36
559 271 29
559 271 29
559 270 29
558 269 37
558 269 37
558 268 37
558 267 41
558 267 41
558 266 32
558 265 32
558 265 32
558 264 26
558 263 26
558 262 17
558 261 24
558 261 24
558 260 24
558 259 23
558 259 23
558 258 23
558 257 11
558 257 11
558 256 11
558 255 13
558 255 13
558 254 18
558 253 18
558 253 18
558 252 14
558 251 14
558 251 14
558 249 19
558 249 19
559 248 2
559 247 8
559 247 8
559 246 8
559 245 9
559 245 9
559 244 9
559 243 15
559 243 15
559 242 20
559 241 20
559 241 20
559 240 31
559 239 31
559 239 31
560 238 38
560 237 44
560 237 44
560 236 44
561 235 32
561 234 32
561 233 34
561 233 34
561 232 34
561 231 35
561 231 35
561 230 45
561 229 45
561 229 45
561 228 46
562 227 46
562 227 46
562 226 39
562 225 46
562 225 46
562 224 46
562 223 57
563 222 40
563 221 57
563 221 57
563 220 57
563 219 57
563 219 57
564 218 36
564 217 36
564 216 38
564 215 38
565 215 38
565 214 47
565 213 62
565 213 62
566 212 44
566 211 56
566 211 56
567 210 56
567 209 50
567 208 53
568 207 38
568 207 38
568 206 43
568 205 43
568 205 43
569 204 39
569 203 39
569 203 39
569 203 39
569 202 42
569 201 36
569 201 36
569 199 42
569 199 42
569 198 42
569 197 36
569 196 32
569 195 32
569 195 32
569 194 17
569 193 17
569 193 17
569 192 11
569 191 11
569 191 11
569 190 4
569 189 7
569 189 7
569 188 7
569 187 8
568 187 8
568 186 8
568 185 12
567 185 29
567 184 20
567 184 20
567 183 20
566 182 10
566 181 10
566 181 10
566 180 16
565 180 30
565 179 30
565 179 30
565 178 26
565 177 25
565 177 25
565 176 25
565 175 27
565 174 27
565 173 32
564 173 32
564 172 25
564 171 25
564 171 25
564 170 32
564 169 32
564 169 32
564 168 35
564 167 38
564 167 38
564 166 38
564 165 32
564 165 32
564 164 32
564 163 32
564 163 32
564 162 32
564 161 38
564 161 38
564 160 31
564 159 31
564 159 31
564 158 35
564 157 35
564 157 35
564 156 41
564 155 50
564 155 50
564 154 50
564 153 70
564 153 70
564 152 70
565 151 79
565 151 79
565 150 79
566 150 65
566 149 70
567 149 70
567 148 76
568 147 69
569 147 69
569 147 69
570 147 51
570 147 51
570 148 51
570 149 39
570 150 30
570 151 30
570 151 30
570 152 29
570 153 29
570 153 29
570 154 33
570 155 33
570 155 33
570 156 34
570 157 37
570 157 37
570 158 37
570 159 43
570 159 43
570 160 43
570 161 45
570 161 45
570 162 48
570 163 48
570 163 48
570 164 49
570 165 49
570 165 49
570 166 55
570 167 55
570 167 55
570 168 57
570 169 56
570 169 56
570 170 56
570 171 51
570 171 51
571 172 62
571 173 56
571 174 48
571 175 48
571 175 48
571 176 47
571 177 47
571 177 47
571 178 42
571 178 42
571 179 33
571 179 33
572 180 33
572 181 38
572 181 38
572 182 38
572 183 33
572 183 33
572 184 33
572 185 29
572 185 29
573 186 48
573 187 48
573 187 48
573 188 49
573 189 49
573 189 49
573 190 35
573 191 29
574 191 29
574 191 29
574 192 29
575 193 45
575 193 45
575 194 45
575 194 45
576 195 44
577 196 44
577 197 27
578 197 25
579 197 25
579 197 25
580 197 21
581 197 21
582 197 22
583 197 30
583 197 30
584 197 30
585 196 45
586 196 45
586 195 45
587 195 27
588 195 10
588 194 21
589 194 21
589 193 21
590 193 4
591 192 26
591 192 26
591 191 26
591 191 26
592 190 16
592 189 8
592 188 8
592 187 15
593 187 8
593 186 8
593 185 13
593 185 13
593 184 6
593 183 6
593 183 6
593 182 17
593 181 17
593 181 17
593 180 12
593 179 12
594 179 12
594 179 12
594 178 10
594 177 17
594 176 17
594 175 21
594 174 21
594 173 25
594 173 25
595 173 20
595 172 19
595 171 19
595 171 19
595 170 27
595 170 27
595 169 27
595 169 27
595 168 34
595 167 35
595 167 35
595 166 35
595 165 28
595 165 28
595 164 28
595 163 21
595 163 21
595 162 21
595 161 18
595 161 18
595 160 22
595 159 22
595 159 22
594 159 29
593 158 19
593 158 19
592 158 33
592 157 33
591 157 46
591 157 46
590 157 46
589 157 54
589 157 54
588 157 54
587 157 52
587 157 52
586 157 38
585 158 38
583 159 59
583 159 59
582 159 48
581 159 44
581 159 44
580 159 44
579 159 49
579 158 23
579 158 23
579 157 23
578 157 23
577 156 53
577 155 56
577 155 56
577 155 56
577 154 56
577 153 59
577 153 59
577 152 59
577 151 64
577 151 64
578 150 44
579 150 44
579 150 44
580 150 26
581 150 26
581 151 26
581 151 26
Stop
New Slice
Start
579 152 32
579 151 44
580 151 26
581 151 26
581 150 26
582 150 15
583 150 12
583 150 12
583 149 30
584 149 30
585 149 23
585 149 23
586 149 23
587 149 11
588 149 3
589 149 3
589 149 3
590 149 2
591 149 2
591 149 2
592 149 8
593 149 23
593 149 23
594 149 23
595 149 41
595 149 41
596 149 41
597 149 56
597 149 56
598 150 41
598 151 41
598 151 41
599 153 59
599 153 59
599 153 59
599 154 56
599 155 56
599 155 56
599 156 50
599 157 34
599 157 34
599 158 34
600 159 48
600 159 48
600 160 48
600 161 44
600 161 44
600 162 37
600 163 37
600 163 37
600 164 42
600 165 42
600 165 42
600 166 41
600 167 41
600 167 41
600 168 49
600 169 43
600 169 43
600 170 43
599 171 37
599 171 37
599 172 37
599 173 35
599 173 35
599 174 26
599 175 26
599 175 26
599 176 44
599 177 44
599 177 44
599 178 43
599 179 46
598 179 23
598 180 23
598 181 27
597 182 27
597 183 27
597 183 27
597 184 27
597 185 33
597 185 33
597 186 41
596 187 20
596 187 20
596 188 17
595 189 17
595 189 17
595 190 24
595 191 31
595 191 31
594 192 21
594 193 22
594 193 22
593 193 22
593 194 22
593 195 34
593 195 34
593 196 34
592 196 19
592 197 32
591 197 10
591 198 32
591 198 32
590 199 32
590 199 32
589 200 46
589 201 46
588 201 46
587 201 32
587 202 64
587 202 64
586 202 54
585 203 77
585 203 77
584 203 68
583 203 68
583 203 68
582 204 59
581 204 45
581 204 45
580 205 65
579 205 59
579 205 59
578 205 59
578 205 59
577 205 46
577 205 46
575 206 32
575 207 51
575 207 51
575 207 51
574 207 36
574 208 36
573 209 40
573 209 40
573 209 40
572 209 30
572 210 29
571 210 29
571 211 29
571 211 29
570 212 28
570 213 28
569 213 27
569 214 17
569 215 25
568 215 25
568 216 25
568 217 26
568 217 26
567 218 29
567 219 30
567 219 30
567 220 26
567 221 26
567 222 19
567 223 19
566 223 19
566 224 17
566 225 17
566 225 17
566 226 24
566 227 27
566 227 27
565 228 31
565 229 34
565 229 34
565 230 34
565 231 46
565 231 46
565 232 42
565 233 42
565 233 42
565 234 37
565 235 37
565 235 37
565 236 32
564 236 32
564 237 32
564 237 32
564 238 32
563 239 18
563 239 18
563 240 18
563 241 23
563 241 23
563 242 23
563 242 23
563 243 30
563 244 38
563 245 38
563 245 38
563 246 45
563 247 45
563 247 45
562 248 14
562 249 14
562 249 14
562 250 30
562 251 37
562 251 37
562 252 37
562 253 45
562 253 45
562 254 45
562 255 44
562 255 44
562 256 46
562 257 46
562 257 46
562 258 38
562 259 38
562 259 38
562 260 43
562 261 43
562 261 43
562 262 43
563 263 70
563 263 70
563 263 70
563 264 70
564 264 85
565 265 81
565 266 81
565 267 67
565 269 61
566 270 65
567 271 65
567 271 65
567 273 44
568 273 62
568 274 62
568 275 52
568 275 52
569 275 52
569 276 52
569 277 32
570 277 47
571 278 64
571 279 43
572 279 43
572 280 20
573 280 26
573 280 26
573 281 26
574 281 26
575 281 32
575 281 32
576 281 38
577 281 38
577 281 38
578 282 22
579 282 22
579 282 22
580 282 30
581 282 30
581 282 30
582 282 39
583 282 45
584 283 45
585 283 49
585 283 49
586 283 49
587 283 54
587 283 54
588 283 56
589 283 56
589 283 56
590 283 57
591 283 57
591 283 57
592 283 52
593 283 49
593 283 49
594 283 49
595 283 41
595 282 41
596 282 41
597 281 59
597 281 59
598 281 59
599 281 53
599 280 53
599 280 53
600 279 56
600 279 56
601 279 56
601 278 69
602 278 55
603 277 55
603 277 55
603 277 55
604 277 47
604 276 60
605 276 52
605 275 52
605 275 52
606 274 61
607 274 44
607 273 44
607 273 44
608 273 44
609 272 36
609 271 53
609 271 53
610 270 53
611 270 37
611 269 49
611 269 49
611 268 49
612 268 35
612 267 50
613 267 50
613 267 50
613 266 62
613 266 62
613 265 62
614 265 50
614 265 50
615 264 53
615 263 53
615 262 61
615 261 63
616 261 53
616 260 53
616 259 63
616 259 63
616 258 63
616 257 64
617 257 47
617 256 47
617 255 49
617 255 49
617 254 43
617 253 43
617 253 43
617 252 43
617 251 43
617 251 43
617 250 48
617 249 40
617 249 40
617 247 29
617 247 29
617 246 29
617 245 19
617 245 19
617 244 19
617 243 18
617 243 18
617 242 12
617 241 12
617 240 13
617 239 13
617 239 13
616 238 17
616 237 19
615 237 25
615 236 25
615 235 13
614 235 13
614 234 13
613 233 9
613 233 9
613 233 9
612 232 9
611 231 6
611 231 6
611 231 6
610 231 15
610 230 10
609 230 10
609 229 10
609 229 10
608 229 37
608 228 27
607 228 27
607 227 27
607 227 27
606 227 41
605 226 30
605 225 19
605 225 19
604 224 32
604 223 21
604 223 21
604 222 21
604 221 11
603 221 27
603 221 27
603 220 27
603 220 27
603 219 17
603 218 18
603 217 18
603 217 18
602 217 18
602 216 8
602 215 8
601 215 25
601 214 23
601 213 26
601 213 26
601 212 26
601 211 25
602 211 10
603 211 10
603 211 10
604 211 12
605 211 21
605 211 21
606 211 21
607 211 35
607 212 34
607 213 34
608 213 34
608 214 25
609 215 41
610 216 41
611 217 51
611 217 51
611 218 51
612 219 41
612 219 41
613 220 37
613 221 37
613 221 37
613 221 37
614 221 52
614 222 34
615 222 34
615 223 34
615 223 34
616 223 48
616 224 33
617 224 36
617 225 36
617 225 36
618 226 18
619 226 30
619 227 12
619 227 12
620 228 12
621 228 30
621 229 25
621 229 25
621 230 25
622 230 25
622 231 18
623 231 35
623 232 30
623 233 30
624 233 52
625 234 45
625 235 45
625 235 45
625 236 46
625 237 46
626 237 63
626 237 63
626 238 54
627 238 54
627 239 58
627 239 58
627 240 58
627 241 65
627 241 65
627 242 65
627 243 66
627 243 66
627 244 63
627 245 63
627 245 63
627 246 60
627 247 60
627 247 60
627 248 67
627 249 67
627 249 67
627 250 66
627 251 62
627 251 62
626 252 62
626 253 68
626 253 68
626 254 68
626 255 69
626 255 69
626 256 77
625 257 61
625 257 61
625 258 65
625 259 65
625 259 65
625 259 65
624 259 65
624 260 68
624 261 68
624 261 68
624 262 69
623 262 56
623 263 52
623 263 52
623 264 52
623 264 52
623 265 51
622 265 53
622 266 53
622 267 54
621 267 54
621 268 62
621 269 62
621 269 62
620 270 72
620 271 72
619 271 72
619 272 78
619 272 78
618 273 79
618 273 79
617 274 79
617 275 96
617 275 96
616 276 89
615 276 73
615 277 92
615 277 92
615 278 92
614 278 92
614 279 103
613 279 92
613 280 105
612 281 105
611 281 87
611 281 87
611 282 105
611 283 105
610 283 97
610 283 97
610 284 120
609 284 120
609 285 130
608 285 126
607 286 126
607 287 133
606 287 135
606 287 135
605 287 135
605 287 135
605 288 135
604 288 120
603 289 132
603 289 132
602 289 132
601 289 128
601 290 128
600 290 128
599 290 133
599 290 133
598 290 139
597 290 139
597 290 139
596 290 136
595 290 136
595 290 136
594 290 125
593 290 125
593 289 125
593 289 125
592 289 116
591 289 109
591 289 109
590 289 109
589 289 109
589 289 109
588 289 109
587 289 109
587 288 77
587 288 77
586 288 73
585 288 73
585 288 73
584 288 70
583 288 70
583 288 70
582 288 66
581 287 67
580 287 67
579 287 76
579 287 76
578 287 76
578 287 76
577 287 95
577 287 95
576 286 53
575 286 64
575 286 64
575 285 64
574 285 74
573 285 74
573 285 74
573 284 35
572 284 46
571 284 46
571 283 22
570 283 31
570 283 31
569 283 47
569 282 47
568 282 47
568 281 19
567 281 40
567 281 40
566 281 40
565 280 62
565 280 62
565 279 35
564 279 35
564 279 35
563 279 48
563 278 35
562 277 47
562 277 47
561 276 35
561 275 35
561 275 35
561 275 35
560 274 47
560 273 47
560 273 47
559 273 47
559 272 36
559 271 29
559 271 29
559 271 29
559 270 29
559 269 28
559 269 28
558 269 37
558 268 37
558 267 41
558 266 32
558 265 32
558 265 32
558 264 26
557 263 50
557 263 50
557 262 39
557 261 44
557 261 44
557 259 47
557 259 47
557 258 47
557 257 29
557 257 29
557 256 29
557 255 32
557 255 32
557 254 26
557 253 26
557 253 26
557 251 29
557 251 29
557 250 41
557 249 48
557 249 48
557 248 48
557 247 48
557 247 48
557 246 48
557 245 53
557 245 53
557 244 53
557 243 57
557 243 57
557 242 62
557 241 62
557 241 62
557 240 73
557 239 73
557 239 73
557 238 72
557 237 72
557 237 72
557 236 72
557 235 70
557 235 70
557 234 70
557 233 63
557 233 63
557 231 71
557 231 71
558 229 61
559 229 54
559 228 55
559 227 55
559 227 55
559 227 55
560 226 56
560 225 60
561 225 46
561 224 46
561 223 57
562 223 57
563 222 40
563 221 57
563 221 57
563 220 57
563 219 57
564 219 39
564 219 39
565 218 36
565 217 36
565 216 38
565 215 38
566 215 33
566 214 29
566 213 44
567 213 44
567 212 44
567 211 56
567 211 56
568 210 42
568 209 43
568 209 43
568 208 38
569 207 38
569 207 38
569 206 43
569 205 43
569 205 43
569 204 39
569 203 39
569 203 39
569 202 42
569 201 36
569 201 36
569 199 42
569 199 42
569 198 42
569 197 36
569 197 36
569 195 32
569 195 32
569 194 17
569 193 17
569 193 17
569 192 11
569 191 11
569 191 11
569 190 4
569 189 7
569 189 7
569 188 7
569 187 8
569 187 8
569 186 8
568 186 8
568 185 12
567 185 29
567 184 20
567 183 20
567 183 20
567 182 10
567 181 10
567 181 10
567 180 16
566 180 16
566 179 16
565 178 26
565 177 25
565 176 25
565 175 27
565 175 27
565 174 27
565 173 32
565 173 32
565 172 25
565 171 25
565 170 32
565 169 32
565 169 32
565 168 35
565 167 38
565 167 38
565 166 38
565 165 32
565 165 32
565 164 32
565 163 32
565 163 32
565 162 32
565 161 38
565 161 38
565 160 31
565 159 31
565 159 31
565 158 35
565 157 35
565 157 35
565 156 41
565 155 50
565 155 50
565 154 50
565 153 70
565 153 70
565 152 70
565 151 79
565 151 79
565 150 79
566 150 65
566 149 70
567 149 70
567 149 70
568 148 69
569 148 69
569 148 69
570 148 51
570 149 39
570 149 39
570 150 30
570 151 30
570 152 29
570 153 29
570 154 33
570 155 33
570 155 33
570 156 34
570 157 37
570 157 37
570 158 37
571 158 68
571 159 65
571 159 65
571 160 65
571 161 62
571 161 62
571 162 58
571 163 58
571 163 58
571 164 57
571 165 57
571 165 57
571 166 61
571 167 61
571 167 61
571 168 64
571 169 63
571 169 63
571 170 63
571 171 62
571 171 62
571 172 62
571 173 56
571 173 56
571 174 48
571 175 48
571 175 48
571 177 47
571 177 47
571 178 42
571 179 33
571 179 33
571 180 33
571 181 38
571 181 38
571 182 38
571 183 33
571 183 33
572 185 29
572 185 29
572 186 28
572 187 28
573 187 48
573 188 49
573 189 49
573 189 49
573 190 35
573 191 29
573 191 29
573 192 29
574 193 26
574 194 26
575 194 45
575 195 31
576 195 44
577 195 44
577 196 44
578 196 48
579 196 48
580 196 53
581 196 53
581 196 53
582 196 57
583 196 56
583 196 56
584 195 56
585 195 45
585 195 45
586 195 45
587 195 27
587 194 44
587 193 44
588 193 21
588 193 21
589 193 21
589 192 38
589 191 38
589 191 38
590 191 26
590 189 30
591 189 30
591 188 30
591 187 40
591 187 40
591 186 40
591 186 40
591 185 46
591 185 46
591 184 45
591 183 45
592 183 19
592 183 19
593 182 17
593 181 17
593 181 17
593 180 12
593 179 12
593 179 12
594 178 10
594 177 17
594 177 17
594 176 17
594 175 21
594 174 21
595 174 18
595 173 20
595 173 20
595 172 19
595 171 19
595 171 19
595 170 27
595 169 27
595 169 27
595 168 34
595 167 35
595 167 35
595 166 35
595 165 28
595 165 28
595 164 28
595 163 21
595 163 21
595 162 21
595 161 18
595 161 18
595 160 22
594 160 29
594 159 29
593 159 29
593 158 19
593 157 19
593 157 19
592 157 33
592 156 12
591 156 29
591 155 8
591 155 8
590 155 8
589 155 13
589 155 13
588 155 13
587 155 15
587 155 15
585 155 11
585 155 11
584 156 8
583 156 8
583 157 25
582 157 14
581 157 14
581 156 8
581 156 8
581 155 9
580 155 9
580 154 9
580 153 6
580 153 6
580 152 6
580 151 26
580 151 26
581 151 26
581 150 26
581 149 50
581 149 50
Stop
