New Layer
Start
1054 436 24
1054 436 24
1054 436 24
1053 437 18
1053 437 18
1053 437 18
1052 438 16
1052 439 12
1052 439 12
1051 440 10
1051 441 8
1051 441 8
1051 442 5
1050 442 10
1050 443 7
1050 443 7
1049 444 8
1049 445 5
1048 445 10
1048 446 9
1047 447 10
1047 447 10
1046 448 13
1046 448 13
1045 449 14
1045 449 14
1045 450 10
1044 450 14
1044 451 10
1043 451 15
1042 451 19
1042 452 15
1042 452 15
1041 452 19
1041 453 15
1041 453 15
1040 453 19
1039 454 18
1039 454 18
1038 454 21
1037 454 22
1037 455 17
1035 455 18
1035 455 18
1034 455 19
1032 456 15
1032 456 15
1030 457 15
1029 457 19
1028 458 16
1026 458 25
1025 459 24
1025 459 24
1024 459 27
1023 460 24
1022 460 24
1022 460 24
1022 460 24
1021 460 25
1020 460 26
1020 460 26
1019 460 27
1018 461 24
1016 461 27
1015 461 29
1014 461 30
1014 461 30
1013 461 31
1012 461 32
1011 461 32
1011 461 32
1010 462 25
1009 462 25
1007 462 25
1005 462 26
1004 463 23
1002 463 27
1001 463 30
1001 463 30
1000 463 31
999 463 33
998 463 35
997 464 30
997 464 30
996 464 31
996 464 31
995 464 31
995 464 31
994 464 32
994 464 32
993 464 34
992 464 36
991 464 38
991 464 38
990 464 39
990 464 39
990 464 39
989 464 41
989 464 41
989 464 41
988 464 43
988 464 43
988 464 43
987 465 43
987 466 42
987 466 42
987 466 42
988 467 39
988 467 39
988 467 39
988 468 40
988 469 40
988 469 40
989 469 37
989 469 37
989 470 39
990 470 36
990 470 36
991 470 34
992 470 32
992 470 32
992 470 32
993 470 31
994 470 31
994 470 31
995 470 31
996 470 31
996 470 31
997 470 30
997 470 30
998 470 29
1000 470 25
1000 470 25
1001 470 23
1002 470 21
1003 470 19
1003 470 19
1003 470 19
1004 470 19
1005 470 20
1006 469 18
1006 469 18
1006 469 18
1007 469 18
1007 469 18
1007 469 18
1007 469 18
1008 469 17
1008 470 22
1009 470 20
1009 471 24
1010 471 20
1010 471 20
1011 472 20
1012 473 19
1012 473 19
1013 473 15
1013 474 19
1014 475 19
1014 476 23
1015 476 18
1015 477 23
1016 478 22
1016 479 25
1017 480 25
1018 480 23
1018 481 27
1018 481 27
1019 482 29
1019 482 29
1019 483 32
1019 483 32
1020 484 35
1020 484 35
1022 484 33
1023 484 33
1023 484 33
1024 484 32
1025 484 32
1025 484 32
1026 483 28
1026 483 28
1027 482 24
1027 481 20
1028 480 20
1028 480 20
1028 480 20
1029 479 19
1031 479 22
1032 479 21
1033 480 21
1034 480 19
1035 482 18
1036 483 18
1037 484 19
1038 486 22
1039 487 25
1040 488 27
1040 488 27
1040 488 27
1041 489 27
1042 489 24
1042 489 24
1043 489 22
1044 490 21
1044 490 21
1045 490 20
1046 491 21
1047 492 21
1047 492 21
1048 493 22
1048 493 22
1049 493 23
1049 493 23
1050 493 24
1050 493 24
1051 492 25
1051 491 26
1052 490 30
1052 489 31
1052 487 30
1052 486 29
1052 486 29
1052 485 28
1052 485 28
1052 484 27
1052 482 27
1051 480 25
1051 478 25
1051 477 25
1051 475 24
1051 474 23
1051 473 21
1052 471 22
1052 470 20
1053 469 22
1054 469 26
1055 468 27
1055 468 27
1056 467 27
1057 467 32
1058 466 34
1059 465 35
1060 464 38
1060 464 38
1060 463 34
1060 462 31
1061 461 32
1061 460 30
1061 459 27
1061 459 27
1061 458 25
1061 458 25
1061 458 25
1061 457 24
1061 457 24
1061 456 24
1061 455 23
1061 454 23
1061 454 23
1061 453 24
1060 452 23
1060 451 24
1060 450 26
1060 450 26
1059 449 23
1059 448 23
1059 447 23
1059 446 22
1059 446 22
1059 445 22
1059 445 22
1059 444 22
1059 443 24
1059 442 25
1058 441 19
1058 440 20
1058 440 20
1058 439 22
1058 439 22
1058 439 22
1058 439 22
1057 438 19
1057 438 19
1057 438 19
1057 437 24
1056 437 19
1056 437 19
1056 437 19
1055 437 17
1055 437 17
1054 437 17
1054 437 17
Stop
Start
1273 841 23
1273 841 23
1273 841 23
1272 841 22
1272 841 22
1271 842 24
1270 842 23
1270 842 23
1269 842 21
1268 843 27
1267 843 26
1266 843 25
1265 843 24
1264 843 24
1263 843 23
1263 843 23
1263 843 23
1262 843 22
1261 843 23
1261 843 23
1259 843 26
1259 843 26
1258 842 21
1257 842 25
1256 842 28
1256 842 28
1255 841 26
1254 841 32
1253 840 29
1252 840 33
1251 840 38
1251 840 38
1250 839 30
1250 839 30
1249 839 33
1248 839 34
1247 838 27
1246 838 29
1245 838 31
1245 838 31
1244 837 24
1243 837 25
1243 837 25
1242 836 21
1241 836 23
1240 836 25
1239 835 20
1238 835 23
1237 835 25
1235 835 27
1234 834 19
1232 834 17
1230 834 16
1230 834 16
1228 834 17
1227 834 17
1226 834 17
1224 834 17
1223 834 16
1223 834 16
1222 834 16
1220 834 17
1218 833 12
1217 833 14
1215 833 17
1214 833 17
1212 833 16
1211 833 15
1209 833 13
1207 833 12
1206 834 20
1204 834 19
1202 834 18
1201 834 17
1200 834 16
1199 834 16
1198 835 21
1197 835 21
1197 835 21
1196 835 19
1194 836 21
1194 836 21
1193 836 17
1192 837 18
1191 837 12
1189 837 5
1188 838 8
1187 838 8
1187 838 8
1187 838 8
1186 838 9
1185 839 13
1185 839 13
1183 840 15
1182 841 16
1181 841 11
1181 841 11
1181 842 15
1180 842 10
1180 842 10
1180 843 16
1179 844 19
1179 844 19
1178 845 21
1178 846 28
1177 846 23
1177 846 23
1176 847 25
1175 848 26
1175 848 26
1173 849 27
1172 850 32
1172 850 32
1170 850 30
1169 851 37
1169 851 37
1168 851 37
1167 851 36
1166 851 36
1165 852 44
1164 852 43
1163 852 43
1162 852 43
1161 852 43
1161 852 43
1161 852 43
1161 852 43
1160 851 37
1159 851 39
1159 850 34
1157 849 37
1156 848 39
1156 847 34
1155 847 39
1155 846 34
1155 846 34
1154 846 39
1154 845 32
1154 845 32
1153 845 37
1153 844 31
1152 843 28
1151 843 30
1150 842 25
1149 842 28
1148 841 25
1148 841 25
1147 841 27
1147 840 21
1146 840 23
1145 840 25
1145 840 25
1144 840 26
1143 839 20
1142 839 20
1141 839 21
1141 838 14
1140 838 15
1139 838 17
1138 838 19
1137 838 21
1137 838 21
1136 838 23
1136 837 14
1135 837 16
1135 837 16
1134 837 17
1133 837 19
1132 837 19
1131 836 13
1130 836 14
1129 836 16
1128 836 18
1127 836 20
1127 836 20
1126 836 23
1125 836 26
1124 836 30
1124 835 21
1123 835 23
1123 835 23
1122 835 24
1121 835 25
1120 835 25
1120 835 25
1118 835 27
1118 835 27
1117 835 28
1116 835 30
1114 835 32
1113 835 32
1111 835 31
1111 835 31
1110 835 30
1109 835 28
1108 835 27
1108 835 27
1106 835 22
1106 835 22
1104 835 17
1103 835 13
1102 835 11
1100 835 6
1099 836 11
1098 836 9
1098 836 9
1097 836 8
1097 836 8
1096 837 12
1095 837 9
1094 837 8
1094 837 8
1093 837 6
1092 838 12
1091 838 10
1091 838 10
1089 839 10
1088 839 8
1087 840 12
1085 841 13
1085 841 13
1084 842 19
1083 842 18
1082 842 17
1081 843 24
1080 843 24
1079 843 22
1079 843 22
1078 844 27
1077 844 22
1076 844 17
1076 845 23
1075 845 18
1074 845 15
1074 845 15
1073 846 19
1073 846 19
1071 847 21
1071 847 21
1070 847 18
1070 848 25
1069 848 22
1068 848 19
1067 849 21
1067 849 21
1066 850 22
1066 850 22
1065 850 17
1065 850 17
1064 850 11
1063 851 11
1063 851 11
1063 851 11
1062 852 14
1062 852 14
1061 852 10
1060 853 14
1060 853 14
1059 853 12
1059 854 18
1059 854 18
1058 854 15
1058 855 20
1057 855 15
1057 855 15
1057 856 21
1057 856 21
1057 856 21
1056 856 15
1056 856 15
1056 857 19
1056 857 19
Stop
Start
1055 858 19
1055 858 19
1054 858 14
1054 858 14
1054 858 14
1054 858 14
1053 859 15
1053 859 15
1053 859 15
1052 859 12
1052 860 18
1051 860 15
1051 860 15
1050 860 12
1050 860 12
1050 861 19
1050 861 19
1049 861 16
1049 861 16
1048 861 14
1047 862 20
1047 862 20
1046 862 18
1045 862 16
1045 862 16
1044 862 15
1044 862 15
1043 862 16
1042 862 17
1042 862 17
1042 862 17
1041 862 17
1040 863 20
1040 863 20
1039 863 17
1039 863 17
1039 863 17
1039 864 23
1038 864 18
1038 865 23
1037 865 17
1037 865 17
1036 866 22
1036 866 22
1035 866 19
1035 867 27
1034 867 26
1034 867 26
1033 867 26
1033 867 26
1033 866 19
1032 866 22
1032 865 18
1031 865 21
1031 865 21
1031 864 20
1031 864 20
1031 863 20
1031 863 20
1031 862 20
1031 862 20
1031 861 21
1031 860 21
1032 859 17
1033 858 14
1033 858 14
1033 858 14
1034 857 12
1034 856 13
1035 856 10
1035 855 12
1036 853 15
1037 852 14
1037 851 18
1038 850 17
1038 850 17
1038 850 17
1038 850 17
1039 849 18
1039 849 18
1040 848 17
1040 848 17
1041 848 15
1042 847 12
1042 847 12
1044 846 10
1045 846 8
1046 845 13
1047 845 13
1048 844 18
1048 844 18
1049 844 16
1050 844 12
1051 843 15
1052 842 17
1053 842 12
1054 841 14
1055 841 10
1055 841 10
1056 840 11
1058 840 5
1059 839 6
1059 839 6
1060 838 7
1061 838 4
1062 837 5
1062 837 5
1063 836 8
1063 836 8
1063 835 14
1063 835 14
1064 834 14
1065 833 17
1066 832 16
1066 832 16
1066 832 16
1067 831 18
1068 830 16
1069 829 16
1069 829 16
1070 829 13
1070 828 15
1070 828 15
1070 828 15
1071 828 11
1071 827 13
1071 827 13
1072 826 13
1072 826 13
1072 826 13
1072 825 16
1072 825 16
1072 824 17
1072 824 17
1072 824 17
1072 823 19
1073 822 14
1073 821 13
1073 820 12
1073 819 12
1073 818 13
1073 818 13
1073 817 12
1073 816 11
1072 816 17
1072 815 16
1072 814 15
1072 814 15
1072 813 13
1072 813 13
1071 813 17
1071 812 15
1071 812 15
1071 812 15
1071 812 15
1070 812 20
1070 811 16
1070 811 16
1069 810 18
1069 810 18
1069 809 13
1068 809 19
1068 809 19
1068 808 14
1067 807 21
1067 806 17
1066 804 16
1065 803 19
1065 802 16
1064 801 19
1064 800 16
1064 800 16
1064 800 16
1063 799 20
1063 799 20
1063 799 20
1062 799 24
1062 799 24
1061 798 26
1061 798 26
1061 798 26
1061 798 26
1060 798 30
1060 797 24
1060 797 24
1060 797 24
1059 797 27
1059 797 27
1058 797 30
1058 797 30
1057 797 32
1057 796 24
1057 796 24
1056 796 25
1056 796 25
1056 796 25
1055 796 27
1054 796 27
1054 796 27
1053 796 29
1053 796 29
1052 795 24
1052 795 24
1052 795 24
1051 795 27
1051 795 27
1051 794 22
1050 794 26
1050 794 26
1050 794 26
1050 793 24
1049 793 30
1049 793 30
1049 792 28
1049 792 28
1049 792 28
1049 792 28
1049 791 29
1049 791 29
1049 790 30
1049 790 30
1049 789 31
1050 788 26
1050 787 28
1050 787 28
1051 787 21
1051 786 24
1051 785 27
1052 784 26
1052 783 30
1053 783 24
1053 782 28
1054 781 28
1054 779 37
1055 778 36
1056 777 33
1057 775 32
1057 775 32
1058 774 26
1058 773 30
1059 773 24
1060 773 19
1060 772 23
1061 772 19
1062 771 19
1062 771 19
1063 770 18
1063 769 20
1064 769 17
1064 768 19
1065 768 16
1065 767 18
1065 766 20
1066 765 18
1066 765 18
1066 764 20
1066 764 20
1066 763 21
1066 763 21
1066 762 22
1066 762 22
1066 761 23
1066 760 24
1066 760 24
1066 760 24
Stop
Start
1066 760 24
1066 759 24
1066 759 24
1066 759 24
1066 758 24
1066 758 24
1066 757 24
1066 756 24
1066 756 24
1066 755 24
1066 754 25
1066 754 25
1066 753 26
1066 752 27
1066 752 27
1066 752 27
1067 751 24
1067 751 24
1067 750 26
1068 750 20
1068 750 20
1069 749 19
1069 749 19
1069 749 19
1069 749 19
1070 749 15
1070 748 21
1070 748 21
1070 748 21
1071 748 20
1071 748 20
1071 748 20
1071 748 20
1072 748 19
1072 748 19
1073 749 14
1074 749 15
1074 749 15
1075 749 17
1076 750 13
1076 750 13
1076 750 13
1077 750 14
1078 750 14
1079 750 14
1080 749 17
1081 749 15
1081 749 15
1081 748 20
1082 748 17
1082 748 17
1083 748 15
1083 747 19
1084 747 16
1085 746 18
1086 746 15
1087 745 19
1088 745 15
1088 745 15
1088 745 15
1088 744 18
1089 744 14
1089 743 17
1090 743 11
1090 742 13
1090 742 13
1090 742 13
1090 741 16
1090 740 19
1090 740 19
1090 739 21
1090 739 21
1090 738 22
1090 736 26
1090 734 28
1090 732 29
1090 731 28
1090 730 27
1090 728 26
1090 727 26
1090 726 27
1090 726 27
1090 725 27
1090 724 27
1090 724 27
1090 723 27
1090 721 28
1090 720 28
1090 719 28
1090 717 27
1090 716 27
1090 715 27
1090 714 27
1091 713 26
1091 712 29
1091 712 29
1091 712 29
1091 711 31
1091 711 31
1092 711 29
1092 711 29
1093 710 31
1093 710 31
1094 710 29
1094 710 29
1095 710 29
1095 710 29
1096 709 31
1097 709 29
1098 709 29
1099 709 29
1099 709 29
1100 709 26
1100 709 26
1101 708 28
1102 708 25
1103 708 22
1103 708 22
1104 707 23
1104 707 23
1105 707 20
1105 706 25
1105 706 25
1106 706 22
1106 705 27
1107 705 25
1107 704 29
1107 704 29
1108 704 27
1108 704 27
1108 704 27
1109 703 31
1109 703 31
1110 703 29
1112 703 28
1114 703 28
1115 703 27
1117 703 27
1119 703 28
1120 703 31
1122 703 35
1123 703 36
1123 703 36
1125 703 38
1126 703 40
1128 703 41
1129 704 36
1130 704 37
1130 704 37
1131 705 31
1132 705 32
1133 705 35
1134 705 38
1135 706 30
1135 706 30
1136 706 33
1137 706 34
1138 706 36
1140 706 37
1141 706 37
1142 707 33
1143 707 34
1143 707 34
1143 707 34
1144 707 36
1144 707 36
1145 707 37
1146 707 39
1147 707 40
1148 707 41
1149 708 33
1149 708 33
1150 708 35
1151 708 36
1151 709 28
1152 709 33
1153 710 29
1154 711 27
1154 711 27
1155 711 31
1156 712 30
1156 712 30
1157 712 33
1157 713 27
1158 713 29
1159 714 23
1160 714 25
1160 715 18
1161 715 19
1162 715 21
1162 715 21
1163 716 16
1163 716 16
1164 716 17
1164 716 17
1165 716 18
1165 716 18
1166 716 18
1166 716 18
1166 716 18
1167 716 17
1167 716 17
Stop
Start
1167 716 17
1167 716 17
1167 716 17
1168 715 21
1168 715 21
1168 715 21
1168 715 21
1168 714 26
1169 714 23
1169 714 23
1169 713 30
1170 713 28
1170 713 28
1170 713 28
1170 713 28
1171 713 26
1171 713 26
1172 713 24
1173 713 23
1174 713 23
1175 713 23
1176 713 23
1177 713 24
1178 713 26
1179 713 27
1179 713 27
1180 713 28
1180 713 28
1180 713 28
1181 713 30
1182 714 26
1183 714 26
1183 714 26
1184 714 25
1184 714 25
1185 714 24
1185 715 17
1186 715 15
1186 715 15
1187 715 14
1188 715 12
1189 714 19
1190 714 18
1190 714 18
1191 714 18
1191 714 18
1192 713 23
1193 713 23
1194 713 23
1194 713 23
1195 713 22
1196 713 23
1198 713 24
1200 713 25
1202 713 28
1204 714 26
1204 714 26
1206 714 29
1207 714 30
1208 715 25
1209 715 28
1210 716 25
1211 716 27
1211 716 27
1212 717 26
1213 718 24
1215 718 31
1215 719 27
1216 720 27
1217 720 29
1218 721 29
1219 722 28
1221 723 32
1221 724 28
1222 724 33
1222 725 29
1222 726 24
1223 727 24
1223 727 24
1224 728 24
1224 728 24
1224 729 20
1224 729 20
1225 730 19
1225 732 16
1225 733 15
1226 733 19
1226 734 18
1226 734 18
1226 735 16
1227 735 21
1228 737 21
1229 737 26
1230 739 24
1231 741 20
1232 741 22
1233 742 24
1234 743 25
1234 743 25
1234 743 25
1235 744 26
1235 744 26
1236 745 27
1236 745 27
1237 746 28
1237 746 28
1238 747 30
1239 748 28
1239 749 23
1240 750 21
1240 750 21
1241 751 21
1241 751 21
1241 752 17
1241 752 17
1241 752 17
1242 752 21
1242 753 18
1242 753 18
1242 754 15
1243 755 16
1243 756 14
1244 758 17
1244 759 16
1244 759 16
1244 760 15
1245 760 19
1245 761 19
1245 761 19
1245 762 18
1245 762 18
1245 763 17
1245 764 17
1246 764 21
1246 765 21
1246 766 19
1247 767 21
1247 768 19
1247 769 18
1247 769 18
1247 770 17
1248 770 20
1248 771 17
1248 772 14
1249 773 14
1249 773 14
1250 774 11
1251 775 9
1251 775 9
1252 776 7
1253 776 9
1253 777 6
1253 777 6
1254 777 9
1255 777 12
1255 778 7
1256 778 10
1257 778 15
1257 779 12
1257 779 12
1258 779 17
1259 780 17
1260 780 22
1261 781 21
1261 782 16
1262 782 18
1262 782 18
1263 783 16
1263 783 16
1264 784 13
1264 784 13
1265 785 11
1265 785 11
1266 785 16
1266 785 16
1266 785 16
1266 785 16
1266 786 11
1267 786 17
1268 787 20
1268 788 18
1268 788 18
1268 788 18
1268 789 18
1268 789 18
1268 790 20
1268 791 22
1268 792 25
1268 793 28
1268 793 28
1267 794 27
1267 795 32
1267 795 32
1267 795 32
1266 796 33
1266 796 33
1265 796 27
1265 796 27
1264 797 28
1264 797 28
1263 797 22
1263 798 29
1262 798 22
1262 798 22
1261 799 19
1261 799 19
1261 800 26
1261 800 26
1260 800 19
1260 801 24
1259 802 22
1259 802 22
1258 803 22
1258 804 28
1257 804 21
1257 805 26
1256 805 19
1255 805 14
1255 806 19
1254 806 15
1254 806 15
1254 807 19
1254 807 19
1253 808 18
1253 808 18
1253 808 18
1253 809 21
1253 810 23
1253 811 24
1253 812 24
1253 812 24
1253 813 24
1253 814 22
1253 815 20
1253 817 16
1253 817 16
1254 818 20
1254 819 18
1254 820 16
1254 820 16
1255 821 20
1255 822 18
1255 822 18
1255 822 18
1255 822 18
1256 822 24
1256 823 20
1256 823 20
Stop
Start
1256 824 18
1256 824 18
1256 824 18
1257 825 19
1257 825 19
1258 826 19
1259 826 23
1259 827 17
1260 827 20
1260 827 20
1261 828 18
1261 828 18
1261 828 18
1262 828 21
1263 829 19
1263 829 19
1263 829 19
1264 830 18
1265 831 16
1265 831 16
1266 832 15
1267 832 20
1267 833 17
1268 833 22
1268 833 22
1268 834 18
1269 834 22
1269 834 22
1269 834 22
1270 835 23
1271 835 26
1271 836 21
1271 836 21
1272 836 25
1272 836 25
1272 836 25
1272 837 21
1273 837 25
1273 837 25
1273 838 23
1274 838 26
1274 838 26
1274 838 26
1274 838 26
1274 838 26
1274 839 24
1274 839 24
1275 839 26
1275 840 28
1275 840 28
1275 840 28
1275 840 28
1275 840 28
1275 840 28
1275 841 28
1275 841 28
1275 841 28
1274 841 26
1274 841 26
1274 841 26
1274 841 26
1273 841 23
1273 841 23
Stop
Start
1200 583 18
1200 584 19
1200 584 19
1200 586 20
1200 587 21
1200 588 21
1200 589 21
1200 589 21
1200 590 22
1199 592 17
1199 593 18
1199 594 18
1198 595 19
1198 597 22
1197 598 22
1197 599 22
1197 601 25
1197 602 27
1197 603 28
1197 604 29
1197 605 29
1197 606 28
1197 606 28
1197 607 26
1197 608 25
1197 609 24
1197 610 22
1197 610 22
1197 610 22
1197 611 21
1197 612 20
1197 613 20
1197 614 22
1196 614 19
1196 614 19
1195 614 17
1193 614 18
1192 614 20
1191 613 21
1190 613 23
1190 612 22
1189 611 24
1188 610 26
1188 609 25
1187 609 28
1187 608 27
1187 608 27
1186 608 30
1185 608 30
1184 608 30
1183 608 27
1182 609 25
1182 609 25
1181 610 22
1181 610 22
1181 611 22
1181 611 22
1180 612 20
1180 612 20
1180 612 20
1179 613 20
1178 613 21
1177 613 22
1176 614 24
1175 614 27
1175 614 27
1174 614 27
1173 614 27
1172 614 27
1170 614 28
1168 614 28
1168 614 28
1166 614 29
1165 613 29
1163 612 28
1162 612 27
1161 611 26
1161 611 26
1160 610 27
1159 609 27
1158 608 27
1158 608 27
1157 608 30
1156 607 30
1156 605 30
1155 603 30
1154 601 30
1154 600 31
1153 599 31
1153 597 29
1153 596 28
1152 595 29
1152 592 26
1152 590 24
1151 588 20
1151 586 16
1151 585 15
1150 584 16
1150 582 19
1149 580 24
1148 578 26
1147 576 27
1146 574 27
1145 572 28
1144 570 27
1143 568 26
1143 568 26
1142 567 27
1142 565 25
1142 565 25
1141 564 27
1140 562 28
1139 561 29
1139 560 29
1138 559 31
1137 558 34
1137 557 33
1137 556 32
1136 555 34
1136 554 33
1135 553 34
1135 551 32
1134 550 32
1134 548 29
1133 547 30
1133 545 29
1132 544 30
1132 543 31
1132 542 30
1132 541 29
1132 540 28
1132 539 27
1132 538 26
1132 536 26
1132 533 30
1133 532 28
1134 531 28
1134 530 30
1135 529 28
1135 528 31
1136 528 30
1136 528 30
1137 527 29
1137 527 29
1138 527 26
1139 526 24
1140 525 21
1140 525 21
1140 525 21
Stop
Start
1201 583 19
1201 583 19
1201 582 18
1201 582 18
1201 580 16
1202 579 18
1202 578 19
1202 577 19
1203 576 24
1203 575 24
1203 574 25
1203 574 25
1203 573 26
1203 572 26
1203 572 26
1203 570 26
1203 570 26
1203 569 25
1203 568 24
1202 568 21
1202 567 20
1202 566 19
1202 566 19
1202 565 19
1202 565 19
1201 564 18
1201 563 19
1201 562 20
1201 560 21
1201 559 22
1200 557 23
1200 555 25
1200 554 26
1199 552 26
1199 549 26
1199 547 27
1198 546 25
1198 545 25
1198 543 25
1197 542 21
1197 541 21
1196 540 18
1196 539 19
1196 539 19
1196 538 21
1196 537 23
1196 536 25
1195 535 26
1195 535 26
1195 534 27
1194 533 25
1194 533 25
1193 532 24
1193 532 24
1192 531 23
1192 531 23
1192 530 23
1191 529 24
1191 528 26
1191 527 27
1191 527 27
1191 526 29
1190 525 29
1190 523 31
1190 521 32
1189 520 30
1189 518 30
1189 518 30
1189 518 30
1189 517 29
1189 517 29
Stop
Start
1189 517 29
1189 517 29
1189 517 29
1189 516 28
1189 516 28
1189 515 27
1189 514 27
1188 514 25
1188 513 25
1188 511 26
1187 510 27
1187 510 27
1187 509 28
1187 508 29
1186 507 28
1186 506 28
1185 506 28
1185 504 27
1184 503 27
1183 502 30
1182 500 31
1181 499 33
1180 499 34
1180 499 34
1179 498 31
1179 497 30
1178 497 29
1177 496 28
1176 496 27
1176 496 27
1175 496 27
1174 496 27
1172 495 32
1171 495 34
1170 494 38
1167 493 39
1167 493 39
1166 493 37
1165 492 36
1163 491 34
1163 491 34
1161 490 33
1160 490 32
1160 489 36
1159 489 36
1158 489 35
1157 489 34
1155 489 34
1154 490 33
1154 490 33
1153 490 33
1151 491 31
1150 491 31
1149 492 30
1148 493 31
1147 494 33
1146 494 34
1146 495 33
1146 496 34
1145 497 37
1145 499 36
1145 500 35
1145 502 32
1144 503 34
1144 504 33
1144 505 33
1144 507 32
1144 509 32
1144 509 32
1144 510 34
1144 511 35
1144 511 35
1144 513 37
1144 514 39
1144 515 39
1144 516 38
1144 518 34
1144 519 32
1143 519 33
1143 520 29
1143 521 26
1142 521 26
1142 522 22
1142 522 22
1141 523 20
1141 523 20
1141 523 20
1141 523 20
1141 523 20
1141 523 20
1141 523 20
1140 524 22
1140 524 22
1140 524 22
Stop
New Layer
Start
1199 602 32
1199 602 32
1199 603 33
1199 603 33
1199 604 34
1199 606 34
1199 607 32
1199 609 32
1199 610 30
1199 610 30
1199 611 29
1198 612 25
1198 613 25
1198 613 25
1197 614 22
1197 615 25
1197 615 25
1197 615 25
1197 615 25
1196 615 22
1195 615 20
1194 616 23
1194 616 23
1194 616 23
1193 616 24
1193 616 24
1192 615 23
1191 614 23
1190 613 23
1190 612 22
1190 612 22
1189 611 24
1188 609 25
1187 608 27
1187 608 27
1186 608 30
1186 608 30
1186 608 30
1185 608 30
1184 608 30
1183 609 28
1182 610 25
1181 612 21
1181 613 21
1180 614 20
1180 615 21
1180 615 21
1180 616 22
1180 616 22
1180 617 23
1179 618 24
1179 618 24
1178 619 24
1176 620 25
1174 620 26
1172 621 30
1171 621 30
1169 621 33
1167 621 37
1164 620 40
1163 619 39
1162 619 42
1162 617 34
1160 615 32
1160 613 27
1159 611 28
1159 609 27
1158 608 27
1158 606 28
1157 605 29
1156 603 31
1156 603 31
1155 601 30
1154 599 30
1154 597 27
1153 595 27
1152 593 27
1150 590 24
1149 588 22
1148 586 24
1147 583 28
1147 582 28
1146 582 31
1146 581 31
1145 579 32
1144 579 33
1143 578 34
1142 577 35
1142 576 35
1141 574 35
1140 573 36
1139 570 38
1138 568 40
1138 567 40
1138 566 40
1138 565 38
1137 563 39
1137 562 38
1136 560 40
1135 558 41
1135 556 39
1134 555 41
1133 553 41
1133 552 39
1132 550 38
1132 548 34
1131 546 33
1131 545 33
1130 543 34
1130 542 34
1130 540 33
1130 539 33
1130 537 35
1130 536 36
1131 535 32
1131 534 34
1131 533 37
1131 533 37
1132 532 33
1132 531 36
1133 530 34
1134 529 32
1134 529 32
1135 528 31
1135 527 34
1136 526 32
1137 525 31
1137 524 32
1138 523 28
1138 522 28
1139 521 29
1140 519 33
1140 518 36
1141 518 36
1141 517 39
1141 517 39
1141 516 41
1141 516 41
1141 516 41
Stop
Start
1142 516 40
1142 516 40
1143 516 39
1144 515 39
1145 514 37
1147 513 33
1148 511 30
1149 508 29
1149 506 28
1150 504 23
1150 502 21
1151 500 20
1151 498 23
1151 495 27
1152 493 28
1152 492 29
1152 491 31
1153 490 33
1154 489 34
1155 489 34
1156 489 34
1158 488 37
1160 488 40
1162 487 43
1162 487 43
1163 487 42
1165 487 40
1166 487 39
1168 487 36
1171 488 36
1172 488 37
1174 489 38
1175 490 35
1176 492 32
1177 493 31
1178 495 28
1179 496 30
1181 498 32
1181 499 33
1182 500 31
1183 501 30
1183 502 30
1184 503 27
1185 504 27
1185 505 27
1186 506 28
1187 507 29
1188 509 29
1189 511 28
1189 511 28
1190 513 31
1191 515 35
1192 517 40
1193 518 43
1193 520 41
1194 521 41
1194 522 39
1195 523 36
1195 525 31
1196 527 31
1196 530 29
1197 533 30
1198 536 27
1199 538 27
1200 541 30
1200 541 30
1201 544 34
1202 548 35
1202 549 34
1203 551 33
1203 553 31
1203 554 29
1203 555 29
1203 556 28
1203 557 27
1203 558 27
1203 559 27
1203 560 26
1203 560 26
1203 561 27
1203 561 27
1203 561 27
1203 562 26
1203 563 24
1203 564 23
1202 566 19
1202 567 20
1202 569 22
1202 569 22
1202 570 23
1202 571 22
1202 572 21
1202 573 21
1202 574 21
1202 575 20
1203 576 24
1203 576 24
1203 577 24
1203 577 24
1203 578 23
1203 578 23
1203 578 23
Stop
Start
1203 579 22
1203 579 22
1203 580 22
1203 581 23
1203 581 23
1203 582 23
1203 583 24
1204 583 27
1204 584 28
1204 584 28
1204 585 29
1204 585 29
1204 586 31
1204 586 31
1204 587 32
1204 588 33
1204 589 34
1204 590 35
1204 591 35
1204 592 35
1203 593 31
1203 593 31
1203 594 32
1203 594 32
1203 595 33
1203 595 33
1202 596 31
1202 596 31
1202 596 31
1201 597 29
1201 597 29
1201 598 31
1200 598 28
1200 599 31
1200 599 31
1200 599 31
1200 599 31
1200 600 32
1200 601 34
1199 601 30
1199 601 30
1199 601 30
1199 601 30
1199 601 30
Stop
Start
1056 435 32
1056 435 32
1055 435 32
1055 435 32
1054 436 24
1054 436 24
1053 436 26
1053 436 26
1053 437 18
1052 437 23
1052 437 23
1051 438 21
1051 439 16
1050 439 21
1050 440 17
1049 441 20
1049 442 15
1049 442 15
1048 443 17
1048 444 13
1048 444 13
1047 445 15
1047 446 12
1046 447 17
1046 448 13
1045 449 14
1044 449 18
1044 450 14
1043 450 19
1043 451 15
1043 451 15
1043 451 15
1043 452 11
1042 452 15
1042 452 15
1041 452 19
1041 453 15
1040 453 19
1040 453 19
1039 453 22
1038 453 26
1037 453 28
1036 453 30
1036 453 30
1035 453 32
1035 454 24
1034 454 25
1034 454 25
1032 455 24
1030 456 22
1029 457 19
1028 457 23
1028 458 16
1026 458 25
1025 459 24
1025 459 24
1024 459 27
1023 459 30
1022 460 24
1021 460 25
1021 460 25
1020 460 26
1019 460 27
1018 460 29
1017 461 26
1016 461 27
1015 461 29
1014 461 30
1013 461 31
1012 461 32
1011 461 32
1010 461 32
1009 461 32
1009 461 32
1008 461 33
1008 461 33
1007 462 25
1006 462 25
1006 462 25
1005 462 26
1004 462 28
1004 462 28
1003 462 30
1002 463 27
1001 463 30
1001 463 30
1000 463 31
999 463 33
998 463 35
997 463 37
997 463 37
997 463 37
996 463 37
995 463 38
994 463 39
993 463 40
992 463 40
991 463 43
990 463 44
990 464 39
990 464 39
989 464 41
989 465 39
988 465 41
988 466 40
988 467 39
988 468 40
988 468 40
988 468 40
988 469 40
988 469 40
988 469 40
988 469 40
988 470 41
989 470 39
989 470 39
989 470 39
989 470 39
990 470 36
990 470 36
990 470 36
991 470 34
992 470 32
992 470 32
992 470 32
993 470 31
994 470 31
994 470 31
995 470 31
996 470 31
997 470 30
997 470 30
997 470 30
998 470 29
998 470 29
999 470 27
999 470 27
1000 471 28
1000 471 28
1000 471 28
1001 471 26
1002 471 23
1003 471 22
1003 471 22
1004 471 22
1004 470 19
1005 470 20
1005 470 20
1006 470 21
1006 470 21
1007 469 18
1007 469 18
1008 469 17
1008 469 17
1009 469 15
1009 470 20
1010 470 17
1010 470 17
1011 471 16
1012 472 16
1012 472 16
1013 474 19
1013 474 19
1014 475 19
1014 476 23
1015 477 23
1015 477 23
1015 478 27
1015 478 27
1016 479 25
1016 479 25
1016 480 28
1017 480 25
1017 481 29
1017 481 29
1018 481 27
1018 481 27
1018 482 30
1019 482 29
1020 482 27
1022 482 24
1023 482 24
1024 482 23
1025 482 23
1025 482 23
1026 481 19
1026 481 19
1027 481 20
1027 480 17
1027 480 17
1028 480 20
1028 479 17
1028 479 17
1029 479 19
1030 478 19
1031 478 20
1031 478 20
1032 478 20
1032 478 20
1032 478 20
1032 478 20
1033 478 19
1034 478 17
1034 479 18
1035 480 16
1035 480 16
1035 481 17
1036 481 15
1036 482 16
1036 482 16
1036 482 16
1036 483 18
1036 483 18
1037 484 19
1037 484 19
1037 484 19
1037 485 20
1037 485 20
1038 486 22
1038 487 25
1039 487 25
1039 488 28
1040 488 27
1040 488 27
1041 489 27
1043 491 25
1044 492 25
1045 492 23
1046 493 24
1046 493 24
1046 493 24
1047 494 26
1047 494 26
1047 495 29
1048 495 26
1048 495 26
1049 496 30
1049 496 30
1050 496 30
1050 496 30
1051 496 32
1051 496 32
1052 496 34
1052 496 34
1052 496 34
1053 496 39
1053 495 37
1053 494 35
1053 493 33
1053 492 32
1053 491 33
1053 490 33
1053 489 33
1053 488 32
1053 488 32
1053 488 32
1053 487 31
1054 486 31
1054 485 30
1054 484 30
1055 483 32
1055 481 34
1055 480 34
1055 479 34
1055 478 35
1055 477 35
1055 476 35
1055 475 34
1055 474 34
1054 473 31
1054 472 31
1054 471 30
1054 470 28
1055 469 30
1055 469 30
1056 468 31
1057 468 35
1059 467 41
1060 466 45
1061 465 47
1062 464 48
1063 464 53
1063 464 53
1063 463 49
1063 462 47
1063 462 47
1063 461 43
1063 460 40
1064 459 42
1064 458 40
1064 457 38
1064 456 36
1064 455 35
1064 453 36
1064 452 37
1064 451 38
1063 451 34
1063 450 36
1063 450 36
1063 449 38
1062 448 36
1062 447 38
1061 446 33
1060 444 29
1060 443 31
1060 442 33
1060 442 33
1059 441 26
1059 441 26
1059 440 26
1059 440 26
1059 439 28
1059 439 28
1059 438 31
1058 438 25
1058 437 29
1058 437 29
1058 437 29
1058 436 34
1057 436 29
1057 436 29
1057 436 29
1057 436 29
Stop
Start
1117 703 27
1117 703 27
1117 703 27
1118 703 28
1118 704 22
1119 704 23
1120 704 24
1121 704 26
1121 705 21
1122 705 23
1123 705 24
1124 705 25
1125 705 26
1127 705 28
1128 705 28
1128 705 28
1129 706 22
1130 706 22
1131 706 23
1132 706 24
1133 706 26
1133 706 26
1134 706 28
1135 706 30
1135 706 30
1136 706 33
1136 706 33
1137 705 44
1137 705 44
1138 705 46
1139 705 46
1140 705 45
1141 705 45
1142 705 45
1144 705 48
1145 705 50
1146 706 45
1147 706 47
1147 706 47
1147 706 47
1148 707 41
1148 707 41
1149 708 33
1150 708 35
1151 709 28
1151 709 28
1152 709 33
1153 710 29
1154 710 35
1154 711 27
1155 711 31
1155 711 31
1156 711 35
1157 712 33
1158 712 37
1159 713 31
1160 713 32
1160 713 32
1161 713 34
1162 713 35
1164 713 37
1164 713 37
1164 713 37
1164 713 37
1166 713 35
1167 713 34
1168 713 32
1169 712 37
1170 712 35
1171 712 33
1172 712 31
1174 712 30
1175 712 31
1175 712 31
1176 712 31
1177 712 32
1178 712 33
1180 712 36
1181 712 38
1181 712 38
1182 712 39
1183 712 38
1184 712 39
1185 712 38
1186 712 38
1186 712 38
1188 712 36
1189 712 35
1189 712 35
1191 712 34
1192 712 33
1193 712 32
1194 711 41
1195 711 40
1196 711 38
1197 711 38
1197 711 38
1198 711 37
1199 711 37
1200 711 39
1201 711 39
1202 711 40
1204 712 38
1205 712 40
1206 713 34
1207 713 36
1208 714 30
1210 714 36
1210 715 30
1211 715 33
1211 715 33
1212 716 31
1212 716 31
1213 717 28
1214 717 31
1215 718 31
1217 719 34
1217 720 29
1218 720 33
1218 721 29
1218 721 29
1219 722 28
1220 723 27
1220 723 27
1220 724 24
1221 724 28
1221 725 24
1222 725 29
1222 726 24
1222 726 24
1223 727 24
1224 728 24
1224 728 24
1225 729 22
1226 731 22
1227 732 26
1227 732 26
1228 733 31
1228 734 29
1229 734 36
1229 736 29
1230 737 33
1230 737 33
1231 738 32
1231 739 28
1232 740 27
1233 741 27
1233 742 24
1234 743 25
1235 744 26
1236 745 27
1236 745 27
1237 746 28
1238 747 30
1238 747 30
1239 748 28
1239 748 28
1240 749 27
1241 750 26
1242 751 25
1242 752 21
1243 752 27
1243 753 23
1243 753 23
1243 754 19
1244 754 25
1244 755 21
1245 756 24
1245 757 23
1246 759 27
1247 761 28
1248 762 34
1248 764 30
1249 765 33
1249 766 31
1249 766 31
1250 768 30
1250 768 30
1250 769 27
1250 769 27
1250 770 24
1251 771 23
1251 771 23
1251 772 19
1252 774 14
1253 775 12
1254 776 12
1255 777 12
1256 778 10
1256 778 10
1257 779 12
1258 779 17
1259 780 17
1259 780 17
1260 780 22
1261 781 21
1262 781 25
1263 782 22
1263 782 22
1263 782 22
1264 783 20
1265 784 16
1265 784 16
1266 784 22
1266 785 16
1266 785 16
1267 785 23
1267 786 17
1267 786 17
1268 787 20
1268 787 20
1268 788 18
1268 789 18
1268 790 20
1268 790 20
1268 791 22
1267 792 20
1267 792 20
1267 793 23
1266 793 18
1266 794 22
1265 794 17
1265 795 22
1264 796 23
1264 796 23
1263 797 22
1263 797 22
1263 797 22
1262 798 22
1262 799 28
1261 799 19
1260 800 19
1259 802 22
1259 802 22
1259 803 29
1258 804 28
1258 804 28
1257 806 32
1257 807 37
1256 809 37
1255 811 34
1254 812 28
1254 814 27
1254 814 27
1254 815 25
1254 815 25
1254 817 22
1254 818 20
1254 818 20
1254 820 16
1254 821 15
1255 822 18
1255 823 16
1256 824 18
1257 825 19
1257 825 19
1258 826 19
1259 826 23
1259 826 23
1259 827 17
1260 827 20
1260 827 20
1261 828 18
1262 828 21
1262 828 21
1262 828 21
1263 828 24
1263 828 24
Stop
Start
1263 828 24
1263 828 24
1264 828 28
1264 828 28
1264 829 23
1264 829 23
1264 829 23
1265 829 27
1265 829 27
1265 830 21
1265 830 21
1265 830 21
1266 830 26
1266 830 26
1266 831 20
1266 831 20
1267 831 25
1267 832 20
1268 832 26
1268 832 26
1269 833 27
1270 834 27
1270 834 27
1270 834 27
1271 834 31
1271 835 26
1271 835 26
1272 835 30
1272 836 25
1273 836 29
1273 836 29
1274 836 33
1275 837 32
1275 837 32
1276 837 37
1276 837 37
1276 838 33
1276 838 33
1277 838 37
1277 838 37
1277 839 33
1277 839 33
1277 839 33
1277 839 33
1277 840 32
1277 840 32
1277 840 32
1277 841 31
1276 841 29
1276 841 29
1276 841 29
1275 841 28
1274 841 26
1274 841 26
1273 841 23
1272 841 22
1272 841 22
1271 841 19
1270 841 17
1269 841 15
1269 842 21
1268 842 19
1267 842 18
1267 842 18
1266 842 17
1266 842 17
1265 842 16
1265 842 16
1264 842 16
1264 842 16
1263 842 15
1262 842 15
1261 842 15
1261 842 15
1260 842 17
1259 842 19
1259 842 19
1258 842 21
1257 841 18
1256 841 20
1256 841 20
1255 841 26
1254 840 24
1253 840 29
1251 839 28
1250 838 20
1249 838 23
1249 838 23
1248 838 24
1247 838 27
1247 837 18
1246 837 20
1245 837 22
1244 837 24
1244 837 24
1242 836 21
1241 836 23
1240 836 25
1239 835 20
1238 835 23
1237 835 25
1237 835 25
1236 835 26
1236 835 26
1236 835 26
1235 835 27
1234 835 27
1233 834 18
1232 834 17
1230 834 16
1228 834 17
1227 834 17
1226 833 11
1225 833 10
1224 833 10
1223 833 8
1222 833 9
1221 833 9
1220 833 9
1219 833 10
1218 833 12
1216 833 16
1214 833 17
1213 833 17
1212 833 16
1212 833 16
1211 834 23
1211 834 23
1210 834 22
1209 834 21
1208 834 21
1207 834 20
1206 834 20
1204 835 28
1202 835 26
1201 835 25
1201 835 25
1199 835 23
1198 835 21
1198 836 30
1197 836 29
1195 836 24
1194 837 28
1193 837 23
1192 837 18
1191 837 12
1190 838 15
1189 838 11
1189 838 11
1188 838 8
1187 838 8
1185 839 13
1184 839 13
1183 840 15
1182 840 12
1181 841 11
1181 842 15
1180 842 10
1180 842 10
1180 843 16
1179 843 12
1179 844 19
1179 844 19
1178 845 21
1178 845 21
1177 846 23
1176 846 19
1176 847 25
1175 847 19
1175 848 26
1174 848 24
1174 849 30
1173 849 27
1173 849 27
1172 849 25
1172 849 25
1171 849 24
1171 850 31
1170 850 30
1169 850 30
1168 850 30
1167 850 29
1166 850 29
1166 850 29
1166 850 29
1165 850 29
1164 850 28
1164 850 28
1163 850 28
1163 850 28
1162 850 28
1162 850 28
1161 850 30
1161 849 24
1160 849 25
1160 848 21
1159 848 25
1159 847 21
1158 847 24
1157 846 25
1157 846 25
1156 845 24
1155 845 28
1155 844 23
1154 844 27
1153 843 26
1152 843 28
1152 842 22
1151 842 23
1150 842 25
1148 841 25
1147 841 27
1147 840 21
1145 840 25
1143 840 29
1143 840 29
1142 840 30
1142 839 20
1140 839 23
1139 839 25
1139 839 25
1138 839 27
1137 838 21
1136 838 23
1135 838 24
1134 838 26
1132 837 19
1130 837 21
1128 837 25
1128 837 25
1127 836 20
1126 836 23
1126 836 23
1126 836 23
1125 836 26
1125 836 26
1124 836 30
1123 835 23
1121 835 25
1120 835 25
1119 835 26
1118 834 18
1117 834 19
1115 834 22
1112 834 22
1111 834 22
1111 834 22
1110 834 21
1109 834 20
1108 834 18
1106 834 14
1105 834 12
1105 834 12
1104 834 10
1103 834 7
1103 835 13
1102 835 11
1101 835 8
1100 835 6
1100 836 13
1099 836 11
1099 836 11
1098 836 9
1097 837 14
1096 837 12
1096 837 12
1096 837 12
1095 838 18
1094 838 17
1094 838 17
1094 838 17
Stop
Start
1093 838 14
1093 838 14
1093 838 14
1093 838 14
1093 838 14
1093 839 22
1092 839 19
1092 839 19
1092 839 19
1091 839 16
1091 839 16
1091 840 25
1091 840 25
1091 840 25
1090 840 22
1089 840 18
1089 840 18
1089 841 29
1088 841 25
1088 841 25
1086 841 17
1086 841 17
1086 841 17
1085 842 22
1084 842 19
1082 843 25
1082 843 25
1081 843 24
1080 843 24
1080 843 24
1079 844 29
1078 844 27
1077 844 22
1076 845 23
1075 845 18
1075 845 18
1074 845 15
1074 845 15
1072 846 16
1071 846 15
1071 847 21
1070 847 18
1069 848 22
1068 848 19
1067 849 21
1067 849 21
1066 849 17
1066 850 22
1065 851 21
1064 852 22
1063 852 17
1063 852 17
1062 853 19
1062 853 19
1061 854 23
1060 854 20
1060 855 27
1060 855 27
1060 855 27
1060 856 35
1059 856 30
1059 857 35
1058 858 36
1058 858 36
1058 858 36
1057 858 30
1057 859 35
1056 859 29
1055 860 30
1055 860 30
1054 860 25
1054 860 25
1053 861 29
1052 861 26
1052 861 26
1051 862 31
1051 862 31
1049 863 34
1048 863 30
1047 863 27
1046 863 24
1045 863 22
1045 863 22
1044 863 21
1043 863 21
1043 863 21
1042 863 22
1042 864 29
1041 864 27
1041 864 27
1041 864 27
1040 864 25
1040 865 32
1040 865 32
1040 865 32
1039 865 28
1038 866 30
1037 866 25
1036 866 22
1035 866 19
1034 867 26
1033 867 26
1033 867 26
1032 867 28
1032 867 28
1031 867 30
1031 867 30
1031 867 30
1030 866 28
1030 866 28
1030 865 25
1030 865 25
1029 865 31
1029 864 30
1029 863 31
1029 863 31
1029 862 32
1029 861 34
1029 861 34
1030 860 27
1030 859 29
1030 857 30
1030 857 30
1031 856 25
1031 855 27
1032 854 24
1032 853 27
1033 852 29
1033 851 34
1034 851 30
1034 850 34
1035 850 30
1036 849 30
1036 848 34
1037 848 30
1039 847 27
1040 847 22
1040 847 22
1040 847 22
1041 846 23
1042 846 17
1044 845 18
1045 845 15
1046 844 21
1046 844 21
1047 844 20
1048 844 18
1049 843 23
1049 843 23
1050 843 19
1051 842 22
1052 841 25
1053 841 19
1053 840 26
1054 839 27
1055 839 22
1056 839 16
1056 838 23
1057 838 19
1057 838 19
1058 837 19
1059 836 20
1059 836 20
1059 836 20
1060 836 16
1060 835 24
1061 835 21
1062 834 23
1063 834 19
1064 833 21
1064 833 21
1065 833 17
1066 832 16
1066 832 16
1066 832 16
1067 831 18
1068 830 16
1069 829 16
1070 829 13
1070 827 18
1071 825 18
1072 822 20
1072 821 19
1072 820 19
1073 820 12
1073 818 13
1073 816 11
1073 815 10
1073 814 9
1072 813 13
1072 813 13
1072 812 11
1071 812 15
1071 811 12
1070 810 13
1070 810 13
1070 809 10
1069 808 10
1069 808 10
1069 807 7
1068 806 9
1068 806 9
1068 805 7
1067 805 13
1067 804 10
1066 803 12
1066 802 10
1065 802 16
1064 801 19
1063 800 21
1063 799 20
1062 799 24
1062 798 21
1061 798 26
1061 798 26
1060 798 30
1060 798 30
1059 798 34
1058 797 30
1058 797 30
1057 797 32
1057 797 32
1056 797 33
1055 797 33
1055 797 33
1053 796 29
1052 796 31
1052 796 31
1051 796 33
1051 795 27
1050 795 30
1050 795 30
1050 794 26
1049 793 30
1049 792 28
1049 792 28
1049 791 29
1049 790 30
1049 790 30
1049 789 31
1049 788 33
1049 788 33
1049 787 35
1050 786 30
1051 785 27
1051 784 31
1052 783 30
1052 782 33
1053 781 33
1053 781 33
1053 780 38
1054 779 37
1055 778 36
1056 777 33
1056 776 36
1057 775 32
1057 774 34
1058 773 30
1058 772 33
1059 772 28
1060 771 27
1061 770 25
1062 768 26
1063 767 24
1064 766 23
1064 766 23
1065 765 23
1065 764 25
1066 764 20
1066 763 21
1066 763 21
1067 762 17
1067 762 17
1067 761 18
1067 760 18
1067 760 18
1067 759 20
1067 758 20
1067 758 20
1067 757 20
1067 757 20
1067 757 20
1067 756 20
1067 755 20
1066 754 25
1066 753 26
1066 753 26
1066 752 27
1066 751 30
1066 750 32
1066 750 32
1067 749 29
1067 749 29
1067 748 33
1067 748 33
1068 748 28
1068 748 28
1068 747 35
1069 747 31
1069 747 31
1069 747 31
1069 747 31
1070 747 29
1070 747 29
1071 747 27
1071 747 27
1071 748 20
1071 748 20
1072 748 19
1072 748 19
1072 748 19
1073 748 20
1073 748 20
1073 748 20
1074 749 15
1075 749 17
1075 749 17
1075 749 17
1075 749 17
Stop
Start
1075 750 11
1075 750 11
1076 750 13
1076 750 13
1076 750 13
1077 750 14
1078 750 14
1078 749 19
1079 749 18
1079 749 18
1080 749 17
1081 749 15
1082 749 13
1082 748 17
1083 748 15
1083 748 15
1084 748 12
1085 747 14
1085 747 14
1086 746 15
1087 746 14
1087 746 14
1088 745 15
1088 745 15
1088 745 15
1088 745 15
1088 744 18
1089 744 14
1089 744 14
1089 743 17
1089 742 19
1089 740 25
1090 738 22
1090 737 24
1090 735 27
1090 734 28
1090 734 28
1090 733 29
1090 732 29
1090 731 28
1090 730 27
1090 729 27
1090 729 27
1090 728 26
1090 727 26
1090 726 27
1090 726 27
1090 725 27
1090 724 27
1090 723 27
1090 722 27
1090 720 28
1090 719 28
1090 718 28
1090 718 28
1090 717 27
1090 717 27
1090 716 27
1090 715 27
1090 714 27
1091 713 26
1092 712 27
1092 712 27
1092 712 27
1093 711 27
1093 711 27
1094 711 26
1094 711 26
1094 711 26
1095 711 25
1095 711 25
1095 711 25
1096 711 25
1096 711 25
1096 711 25
1097 711 23
1097 711 23
1097 710 26
1098 710 26
1099 710 26
1099 709 29
1099 709 29
1100 709 26
1100 709 26
1101 708 28
1102 708 25
1103 707 26
1105 707 20
1106 706 22
1107 706 20
1108 705 23
1108 705 23
1109 705 20
1109 705 20
1110 704 24
1110 704 24
1110 704 24
1111 704 24
1112 704 23
1113 704 22
1113 703 28
1113 703 28
1114 703 28
1114 703 28
1115 703 27
1115 703 27
1115 703 27
1116 703 27
1116 703 27
1116 703 27
1116 703 27
Stop
New Layer
Start
1200 540 30
1200 540 30
1200 541 30
1200 541 30
1200 542 30
1200 543 30
1200 543 30
1200 544 30
1200 545 30
1200 546 30
1200 547 30
1200 548 30
1200 548 30
1200 548 30
1200 549 29
1200 549 29
1200 550 28
1201 551 30
1201 552 29
1201 553 28
1201 554 26
1202 554 28
1202 555 27
1202 556 26
1202 557 25
1202 557 25
1202 558 24
1202 559 24
1202 559 24
1202 560 23
1202 561 24
1202 563 21
1202 564 20
1202 565 19
1202 567 20
1202 568 21
1202 569 22
1202 570 23
1202 572 21
1202 574 21
1203 576 24
1203 576 24
1203 578 23
1203 578 23
1203 580 22
1203 581 23
1204 582 27
1204 583 27
1204 585 29
1204 586 31
1204 587 32
1204 588 33
1203 589 31
1203 590 32
1202 592 27
1202 592 27
1202 594 28
1201 595 26
1201 595 26
1201 596 28
1200 597 26
1200 599 31
1200 600 32
1199 600 28
1199 601 30
1199 602 32
1199 602 32
1199 602 32
1199 603 33
1199 604 34
1199 604 34
1199 605 35
1198 607 30
1198 608 29
1198 609 28
1197 610 22
1197 611 21
1197 611 21
1196 612 17
1196 612 17
1194 613 14
1193 613 16
1191 613 21
1191 613 21
1190 614 25
1188 614 28
1187 615 28
1186 615 28
1186 615 28
1185 616 28
1183 617 26
1182 617 25
1182 617 25
1181 618 26
1180 618 25
1179 619 26
1178 620 27
1178 620 27
1178 620 27
1177 620 25
1176 620 25
1175 621 27
1174 621 28
1173 620 28
1171 620 29
1170 619 27
1169 619 28
1167 618 27
1167 618 27
1166 618 28
1165 617 29
1165 617 29
1164 616 28
1163 615 29
1162 614 28
1161 613 26
1160 612 27
1158 610 29
1157 609 30
1157 608 30
1155 606 30
1155 605 29
1154 604 29
1153 602 29
1153 602 29
1153 600 31
1152 598 31
1151 596 31
1151 595 30
1150 593 28
1150 591 25
1149 589 24
1149 589 24
1149 587 21
1149 586 20
1149 584 19
1148 582 26
1148 580 27
1147 578 28
1147 577 27
1146 576 29
1146 574 27
1145 573 28
1144 571 29
1143 569 27
1143 568 26
1142 566 26
1142 566 26
1141 564 27
1140 562 28
1139 560 29
1138 558 30
1138 556 28
1137 555 31
1137 554 30
1136 553 32
1136 551 29
1135 550 30
1135 549 29
1134 548 29
1134 546 27
1133 545 29
1133 543 28
1133 542 28
1133 540 25
1132 539 27
1132 538 26
1132 535 27
1132 534 29
1133 532 28
1133 531 31
1134 530 30
1134 529 32
1135 527 34
1136 526 32
1136 526 32
1137 525 31
1138 524 28
1139 523 25
1139 523 25
1140 522 25
1141 521 26
1141 521 26
1141 521 26
1141 520 29
1141 520 29
Stop
Start
1142 520 29
1142 520 29
1142 520 29
1143 520 29
1143 520 29
1144 520 29
1145 520 28
1146 519 29
1147 519 28
1148 518 29
1148 517 30
1149 516 29
1149 516 29
1149 515 29
1150 514 27
1150 513 27
1150 512 27
1151 510 26
1151 509 26
1151 508 26
1151 507 26
1151 507 26
1152 505 21
1153 504 19
1154 502 18
1154 501 20
1156 500 27
1156 499 29
1157 498 32
1158 497 33
1158 496 32
1160 495 28
1161 493 29
1162 493 29
1163 492 32
1164 492 34
1165 492 36
1167 492 39
1171 492 37
1173 493 32
1176 494 28
1179 495 29
1180 496 32
1181 496 33
1181 497 32
1182 498 33
1183 500 30
1184 502 27
1185 503 27
1186 505 27
1187 507 29
1187 508 29
1187 510 27
1188 512 26
1188 514 25
1188 515 25
1188 516 26
1189 517 29
1189 519 30
1190 520 33
1191 522 35
1191 523 34
1192 525 31
1193 525 31
1193 526 29
1194 527 27
1194 527 27
1195 528 28
1196 529 30
1196 529 30
1197 530 32
1198 530 35
1198 531 34
1199 531 36
1199 531 36
1199 532 34
1200 532 36
1200 533 35
1200 533 35
1200 533 35
1201 534 35
1201 534 35
1201 535 35
1201 535 35
1201 536 35
1201 536 35
1201 536 35
1201 537 34
1201 537 34
1201 538 34
1201 538 34
1201 538 34
1201 539 34
1201 539 34
1201 539 34
1201 539 34
1201 539 34
1201 540 33
1201 540 33
1200 540 30
1200 540 30
Stop
Start
1114 704 21
1114 704 21
1113 704 22
1113 704 22
1112 704 23
1111 704 24
1110 704 24
1109 704 25
1109 704 25
1108 705 23
1106 705 27
1105 706 25
1105 707 20
1104 707 23
1104 707 23
1104 707 23
1103 707 26
1103 707 26
1102 707 29
1101 707 31
1100 707 33
1098 707 37
1096 707 40
1096 707 40
1095 707 41
1095 707 41
1094 707 43
1094 708 38
1093 708 40
1093 709 35
1092 709 37
1092 709 37
1092 710 33
1092 711 29
1091 711 31
1091 712 29
1091 713 26
1091 714 24
1091 716 24
1091 717 24
1091 718 24
1091 719 24
1091 721 24
1091 722 24
1092 724 18
1092 726 17
1092 728 16
1092 730 17
1092 732 18
1092 733 18
1092 734 17
1092 735 16
1092 735 16
1092 736 14
1092 737 13
1092 738 11
1091 739 16
1091 740 14
1090 740 19
1090 741 16
1089 741 22
1089 741 22
1089 741 22
1088 742 26
1088 742 26
1088 742 26
1088 743 23
1087 743 27
1087 744 24
1086 744 26
1086 745 20
1086 745 20
1085 745 24
1085 746 18
1084 746 21
1084 747 16
1083 747 19
1082 747 22
1080 748 22
1080 748 22
1079 748 24
1079 748 24
1078 748 25
1078 748 25
1078 748 25
1077 748 26
1077 748 26
1076 748 26
1076 748 26
1075 748 25
1075 747 33
1074 747 31
1074 747 31
1073 747 29
1073 746 36
1073 746 36
1072 746 35
1072 746 35
1071 746 35
1071 746 35
1070 746 36
1070 746 36
1069 746 38
1068 746 41
1068 747 35
1067 747 39
1067 748 33
1066 750 32
1066 751 30
1065 753 31
1065 754 30
1065 755 29
1065 756 28
1065 757 29
1065 759 29
1066 760 24
1066 760 24
1066 761 23
1066 761 23
1066 762 22
1066 762 22
1066 764 20
1066 764 20
1066 765 18
1066 765 18
1065 766 20
1065 767 18
1064 768 19
1063 769 20
1063 770 18
1063 770 18
1063 771 15
1062 772 16
1062 772 16
1061 773 15
1061 774 12
1060 775 11
1059 776 15
1059 777 13
1059 778 10
1058 778 15
1058 779 12
1057 780 15
1057 780 15
1057 781 11
1056 782 12
1055 783 14
1055 783 14
1054 784 14
1054 784 14
1053 785 16
1053 785 16
1052 786 18
1052 787 15
1051 788 19
1050 789 24
1050 789 24
1050 790 23
1050 791 22
1049 791 29
1049 792 28
1049 792 28
1049 792 28
1049 792 28
1049 793 30
1049 793 30
1050 794 26
1050 794 26
1050 794 26
1050 794 26
1050 795 30
1050 795 30
1051 795 27
1051 795 27
1051 795 27
1051 795 27
1052 796 31
1052 796 31
1052 796 31
1053 796 29
1053 796 29
1054 796 27
1054 796 27
1055 796 27
1055 796 27
1055 796 27
1056 796 25
1056 796 25
1057 796 24
1057 796 24
1058 796 22
1058 796 22
1058 796 22
1059 796 20
1059 796 20
1060 797 24
1060 797 24
1061 798 26
1061 799 30
1061 799 30
1062 799 24
1062 800 28
1062 800 28
1062 801 31
1063 801 24
1063 802 28
1063 802 28
1064 803 26
1065 804 23
1065 804 23
1065 804 23
1065 805 26
1066 806 24
1066 806 24
1067 807 21
1067 807 21
1067 808 22
1068 809 19
1068 809 19
1068 810 24
1068 810 24
1069 811 22
1069 812 28
1069 812 28
1069 812 28
1070 813 24
1070 814 27
1070 814 27
1070 815 30
1070 815 30
1070 815 30
1070 816 33
1070 816 33
1070 817 35
1071 817 28
1071 818 29
1071 819 28
1071 819 28
1071 820 27
1071 820 27
1071 821 27
1071 821 27
1071 822 25
1071 823 23
1071 823 23
1071 824 21
1071 824 21
1071 825 18
1070 825 24
1070 826 21
1070 827 18
1070 827 18
1069 827 22
1069 828 18
1069 828 18
1068 829 20
1068 829 20
1068 829 20
1067 830 22
1067 830 22
1067 830 22
1066 831 22
1066 831 22
1065 831 28
1065 832 22
1064 832 26
1063 833 26
1063 833 26
1062 833 30
1061 834 27
1060 834 30
1060 834 30
1059 835 27
1059 835 27
1058 835 32
1058 836 25
1058 836 25
1058 836 25
1058 836 25
1058 836 25
1058 836 25
Stop
Start
1058 836 25
1057 836 32
1057 836 32
1057 837 26
1057 837 26
1056 837 30
1056 838 23
1056 838 23
1056 838 23
1055 839 22
1055 839 22
1055 839 22
1054 840 20
1054 841 14
1053 841 19
1053 841 19
1053 842 12
1052 842 17
1052 842 17
1051 843 15
1051 843 15
1051 843 15
1050 843 19
1049 843 23
1049 843 23
1049 843 23
1048 844 18
1047 844 20
1047 844 20
1046 844 21
1046 844 21
1046 844 21
1045 844 23
1045 844 23
1044 844 26
1043 844 29
1043 845 21
1043 845 21
1042 845 25
1041 846 23
1040 846 27
1039 847 27
1038 848 25
1037 848 30
1037 848 30
1037 849 25
1036 849 30
1036 849 30
1035 850 30
1035 850 30
1035 851 26
1034 851 30
1034 851 30
1034 851 30
1033 852 29
1033 852 29
1033 852 29
1033 853 25
1033 854 21
1032 854 24
1032 855 22
1032 855 22
1032 856 20
1032 857 19
1032 857 19
1032 858 18
1032 859 17
1032 859 17
1032 860 16
1032 860 16
1032 860 16
1032 861 15
1032 862 15
1032 862 15
1032 862 15
1032 863 15
1032 863 15
1032 864 16
1032 864 16
1032 865 18
1032 865 18
1032 865 18
1032 865 18
1032 866 22
1032 866 22
1032 866 22
1032 866 22
1033 867 26
1033 867 26
1033 867 26
1033 867 26
1033 867 26
1034 867 26
1034 867 26
1034 867 26
1035 867 27
1035 867 27
1035 867 27
1035 867 27
1036 866 22
1036 866 22
1037 866 25
1038 865 23
1038 865 23
1039 865 28
1040 864 25
1040 864 25
1041 864 27
1042 864 29
1043 863 21
1044 863 21
1045 863 22
1046 862 18
1047 862 20
1048 862 22
1049 861 16
1050 861 19
1051 861 22
1052 860 18
1052 860 18
1052 860 18
1054 859 19
1054 859 19
1054 859 19
1055 858 19
1057 858 30
1058 857 30
1059 857 35
1060 856 35
1061 855 31
1061 855 31
1062 855 35
1062 854 27
1062 854 27
1064 853 28
1065 853 34
1065 852 28
1066 851 27
1068 851 37
1068 850 31
1069 850 36
1070 850 40
1070 849 32
1070 849 32
1071 849 36
1072 848 32
1072 848 32
1073 848 34
1073 847 25
1073 847 25
1074 847 30
1075 847 34
1075 846 26
1076 846 32
1076 846 32
1076 846 32
1076 845 23
1077 845 29
1077 845 29
1078 845 33
1078 845 33
1079 844 29
1079 844 29
1080 844 31
1080 844 31
1081 844 32
1081 843 24
1082 843 25
1082 843 25
1083 843 26
1083 843 26
1083 843 26
1084 843 29
1084 842 19
1084 842 19
1084 842 19
1084 842 19
1085 842 22
1085 842 22
1085 842 22
1086 842 27
1086 841 17
1086 841 17
1087 841 20
1087 841 20
1087 841 20
1088 841 25
1088 841 25
1088 841 25
1089 840 18
1089 840 18
1089 840 18
1090 840 22
1090 840 22
1090 840 22
1090 840 22
1091 839 16
1091 839 16
1092 839 19
1092 839 19
1092 839 19
1093 838 14
1094 838 17
1094 838 17
1095 838 18
1095 838 18
1095 838 18
1096 837 12
1096 837 12
1096 837 12
1097 837 14
1097 837 14
1097 837 14
1098 837 16
1099 837 18
1099 837 18
1100 837 20
1100 836 13
1101 836 15
1101 836 15
1102 836 19
1102 836 19
1103 836 21
1104 836 26
1104 836 26
1106 835 22
1107 835 24
1107 835 24
1108 835 27
1109 835 28
1109 835 28
1109 835 28
1110 835 30
1110 835 30
1110 835 30
1110 835 30
1111 835 31
1111 835 31
1112 835 32
1112 835 32
1113 835 32
1114 835 32
1114 835 32
1114 835 32
1115 835 31
1115 834 22
1116 834 21
1116 834 21
1116 834 21
1116 834 21
1116 834 21
1116 834 21
1117 834 19
1117 834 19
1117 834 19
1118 834 18
1118 834 18
1118 834 18
1119 834 18
1119 834 18
1119 834 18
1119 834 18
1120 834 17
1120 834 17
1120 834 17
1121 834 17
1121 834 17
1122 834 16
1122 834 16
1122 834 16
1123 834 15
1123 834 15
1124 834 14
1124 835 21
1125 835 18
1125 835 18
1126 835 15
1126 835 15
1127 835 13
1127 835 13
1127 835 13
1128 835 11
1129 835 10
1129 836 16
1129 836 16
1130 836 14
1130 836 14
1130 836 14
1131 836 13
1131 836 13
1132 836 13
1132 836 13
1133 836 12
1133 836 12
1133 836 12
1134 837 17
1134 837 17
1135 837 16
1135 837 16
1135 837 16
1136 837 14
1136 837 14
1137 837 13
1137 837 13
1138 837 11
1138 837 11
1139 838 17
1140 838 15
1140 838 15
1140 838 15
1140 838 15
1141 838 14
1141 838 14
1141 838 14
1141 838 14
1142 838 13
1142 838 13
1142 838 13
1143 838 13
1143 839 20
1144 839 18
1144 839 18
1145 839 17
1145 839 17
1146 839 16
1146 839 16
1146 839 16
1146 839 16
1147 839 15
1147 839 15
1147 839 15
1147 839 15
1148 840 18
1148 840 18
1148 840 18
1148 840 18
1148 840 18
1149 840 16
1149 840 16
1149 840 16
1149 840 16
1149 840 16
1150 841 20
1150 841 20
1150 841 20
1151 841 18
1151 841 18
1151 842 23
1151 842 23
1151 842 23
1152 842 22
1152 842 22
1152 842 22
1152 842 22
1152 842 22
1153 843 26
1153 843 26
1153 843 26
1153 843 26
1153 843 26
1154 844 27
1154 844 27
1154 844 27
1154 844 27
1154 844 27
1155 844 23
1155 845 28
1155 845 28
1155 845 28
1155 845 28
1156 846 29
1156 846 29
1156 846 29
1156 846 29
1156 846 29
1156 846 29
1156 846 29
1157 847 29
1157 847 29
1157 847 29
1157 848 33
1158 848 28
1158 848 28
1158 848 28
1158 848 28
1159 848 25
1159 849 29
1159 849 29
1159 849 29
1160 849 25
1160 849 25
1161 849 24
1161 850 30
1161 850 30
1162 850 28
1162 850 28
1162 850 28
1163 850 28
1163 850 28
1164 850 28
1164 850 28
1165 850 29
1165 850 29
1165 850 29
1165 850 29
1166 850 29
1166 850 29
1167 850 29
1167 850 29
1167 850 29
1168 850 30
1168 850 30
1168 850 30
1168 850 30
1169 850 30
1169 850 30
1170 850 30
1170 850 30
1170 850 30
1170 850 30
1171 850 31
1171 850 31
1171 850 31
1172 850 32
1172 849 25
1172 849 25
1173 849 27
1173 849 27
1173 849 27
1174 849 30
1174 849 30
1175 848 26
1175 848 26
1175 848 26
1176 848 31
1176 848 31
1176 848 31
1177 847 29
1177 847 29
1178 847 35
1178 847 35
1178 846 28
1178 846 28
1179 846 34
1179 846 34
1179 845 26
1180 845 30
1180 845 30
1180 844 23
1180 844 23
1181 844 28
1181 844 28
1181 843 21
1182 843 27
1182 843 27
1183 842 25
1183 842 25
1183 842 25
1183 841 19
1184 841 22
1184 841 22
1184 841 22
1184 841 22
1185 841 25
1185 841 25
1186 840 20
1186 840 20
1187 840 20
1187 840 20
1187 840 20
1188 840 22
1188 840 22
1188 839 14
1189 839 17
1189 839 17
1190 839 22
1190 838 15
1190 838 15
1191 838 19
1191 838 19
1191 838 19
1192 837 18
1192 837 18
1193 837 23
1193 837 23
1193 837 23
1194 837 28
1194 836 21
1195 836 24
1195 836 24
1195 836 24
1196 836 27
1196 836 27
1197 836 29
1197 836 29
1198 836 30
1198 836 30
1199 836 32
1200 836 33
1201 836 35
1202 836 36
1203 836 38
1203 836 38
1204 836 39
1204 836 39
1205 836 40
1205 836 40
1206 836 40
1207 836 41
1207 836 41
1208 836 41
1208 836 41
1208 836 41
1208 836 41
1209 835 30
1209 835 30
1210 835 31
1210 835 31
1210 835 31
1211 835 32
1211 835 32
1212 835 33
1213 835 33
1213 835 33
1214 835 32
1215 835 31
1215 835 31
1216 834 23
1217 834 21
1217 834 21
1218 834 19
1219 834 18
1220 834 17
1220 834 17
1220 834 17
1221 834 17
1223 834 16
1224 834 17
1225 834 17
1225 834 17
1226 834 17
1227 834 17
1228 834 17
1229 834 16
1229 834 16
1230 834 16
1230 834 16
1231 834 16
1232 834 17
1232 834 17
1233 834 18
1233 834 18
1234 834 19
1234 834 19
1235 834 19
1235 834 19
1237 835 25
1238 835 23
1239 835 20
1239 835 20
1239 835 20
1240 835 18
1240 835 18
1240 835 18
1240 835 18
1241 835 17
1241 836 23
1241 836 23
1242 836 21
1242 836 21
Stop
Start
1242 836 21
1242 836 21
1243 836 19
1243 836 19
1244 837 24
1245 837 22
1246 837 20
1247 837 18
1247 837 18
1247 837 18
1248 838 24
1249 838 23
1249 838 23
1249 838 23
1250 838 20
1250 838 20
1251 839 28
1252 839 25
1252 840 33
1253 840 29
1253 840 29
1253 840 29
1253 841 38
1254 841 32
1254 841 32
1255 842 34
1255 842 34
1256 842 28
1257 843 33
1257 843 33
1258 843 29
1258 843 29
1259 843 26
1261 843 23
1261 843 23
1262 843 22
1263 843 23
1263 843 23
1264 843 24
1264 843 24
1265 843 24
1266 843 25
1266 843 25
1267 843 26
1268 843 27
1268 843 27
1270 843 30
1271 843 31
1272 843 33
1272 843 33
1272 843 33
1273 843 34
1273 843 34
1274 843 35
1274 843 35
1275 842 31
1275 842 31
1275 842 31
1275 842 31
1275 841 28
1275 840 28
1275 840 28
1275 840 28
1275 839 26
1275 839 26
1275 838 29
1274 838 26
1274 838 26
1273 837 25
1273 837 25
1272 837 21
1271 836 21
1271 836 21
1270 835 23
1269 835 18
1269 834 22
1269 834 22
1268 833 22
1268 833 22
1267 832 20
1267 831 25
1266 831 20
1266 831 20
1266 830 26
1265 830 21
1265 829 27
1265 829 27
1264 828 28
1264 828 28
1263 828 24
1262 827 26
1261 827 23
1260 826 26
1259 826 23
1258 825 25
1257 824 23
1256 823 20
1255 822 18
1255 822 18
1254 821 15
1253 820 11
1253 819 12
1253 818 14
1253 818 14
1252 817 11
1252 816 14
1252 816 14
1252 815 16
1252 815 16
1252 814 19
1252 814 19
1253 813 24
1253 813 24
1253 812 24
1254 811 28
1254 810 28
1254 810 28
1255 809 31
1255 809 31
1256 808 35
1256 808 35
1257 807 37
1257 806 32
1258 805 34
1258 804 28
1259 802 22
1260 801 24
1261 800 26
1262 799 28
1263 798 29
1263 797 22
1263 797 22
1263 797 22
1264 797 28
1264 797 28
1264 796 23
1264 796 23
1265 795 22
1265 795 22
1266 795 27
1266 795 27
1266 794 22
1266 794 22
1266 794 22
1267 794 27
1267 793 23
1267 793 23
1267 792 20
1268 792 25
1268 792 25
1268 791 22
1268 791 22
1268 791 22
1268 790 20
1268 790 20
1268 789 18
1268 789 18
1268 789 18
1268 788 18
1268 788 18
1268 787 20
1267 786 17
1267 786 17
1267 785 23
1267 785 23
1266 784 22
1266 784 22
1266 784 22
1266 784 22
1266 784 22
1265 783 24
1265 783 24
1265 783 24
1264 783 20
1264 783 20
1264 782 27
1263 782 22
1263 782 22
1262 781 25
1262 781 25
1260 780 22
1260 779 27
1259 778 27
1259 778 27
1258 777 27
1257 777 21
1256 776 20
1256 776 20
1255 775 21
1255 774 26
1254 774 20
1253 773 21
1252 773 18
1252 772 22
1251 772 19
1251 771 23
1250 771 21
1249 770 22
1249 769 25
1248 768 24
1247 767 21
1247 766 22
1246 765 21
1246 765 21
1246 764 21
1245 763 17
1245 762 18
1245 760 19
1244 760 15
1244 758 17
1244 758 17
1243 756 14
1243 756 14
1243 755 16
1242 754 15
1242 753 18
1242 753 18
1241 752 17
1241 752 17
1241 752 17
1241 752 17
1240 751 17
1239 750 18
1239 749 23
1238 748 25
1237 748 21
1237 747 25
1237 747 25
1236 746 24
1236 746 24
1236 746 24
1235 745 24
1235 745 24
1234 744 23
1234 744 23
1234 743 25
1234 743 25
1233 743 23
1233 742 24
1233 742 24
1232 741 22
1232 740 27
1232 740 27
1231 739 28
1231 738 32
1230 738 28
1230 738 28
1230 737 33
1230 737 33
1229 736 29
1229 736 29
1229 736 29
1229 735 33
1229 735 33
1229 735 33
1229 734 36
1229 734 36
1229 734 36
1228 734 29
1228 734 29
Stop
Start
1228 733 31
1228 733 31
1228 733 31
1227 733 25
1227 732 26
1227 732 26
1226 731 22
1226 731 22
1226 730 24
1225 730 19
1225 730 19
1225 730 19
1225 730 19
1225 729 22
1224 729 20
1224 728 24
1224 728 24
1223 727 24
1222 726 24
1222 725 29
1221 725 24
1221 725 24
1221 724 28
1220 723 27
1219 722 28
1218 721 29
1217 720 29
1216 719 30
1216 718 35
1215 718 31
1214 717 31
1213 716 33
1213 716 33
1212 716 31
1212 716 31
1211 716 27
1210 715 30
1209 715 28
1208 715 25
1207 714 30
1206 714 29
1206 714 29
1205 714 27
1205 713 32
1204 713 31
1204 713 31
1203 713 30
1203 713 30
1202 713 28
1200 713 25
1199 713 24
1198 713 24
1197 713 23
1196 713 23
1195 713 22
1195 713 22
1194 713 23
1194 713 23
1193 713 23
1193 713 23
1192 713 23
1191 713 25
1190 713 25
1189 713 26
1187 713 28
1186 713 29
1185 713 30
1184 714 25
1183 714 26
1182 714 26
1179 714 22
1178 714 20
1177 714 19
1177 714 19
1176 714 17
1176 713 23
1176 713 23
1175 713 23
1175 713 23
1174 713 23
1174 713 23
1173 713 23
1173 712 30
1172 712 31
1171 712 33
1169 712 37
1168 713 32
1168 713 32
1166 713 35
1164 714 30
1162 714 28
1160 715 18
1158 715 16
1157 715 16
1157 715 16
1156 715 15
1155 714 17
1153 713 15
1153 713 15
1153 713 15
1152 712 16
1151 711 15
1150 710 19
1150 710 19
1150 709 26
1149 709 25
1149 709 25
1149 709 25
1148 709 24
1148 709 24
1147 708 32
1146 708 31
1146 708 31
1145 708 30
1144 708 30
1143 708 28
1141 708 25
1140 708 24
1139 708 22
1139 708 22
1138 707 28
1137 707 27
1137 707 27
1136 707 25
1135 706 30
1134 706 28
1132 705 32
1131 705 31
1129 705 29
1128 704 35
1128 704 35
1127 704 33
1127 704 33
1125 704 31
1124 704 30
1123 704 30
1122 704 28
1121 704 26
1121 704 26
1120 704 24
1120 704 24
1118 704 22
1117 704 21
1117 704 21
1117 704 21
1117 704 21
1116 704 20
1116 704 20
1116 704 20
1115 704 20
1115 704 20
1114 704 21
1114 704 21
1114 704 21
1114 704 21
Stop
Start
1054 435 32
1054 435 32
1054 435 32
1054 436 24
1053 436 26
1053 436 26
1053 437 18
1053 437 18
1052 438 16
1052 439 12
1051 439 16
1051 440 10
1051 440 10
1051 440 10
1050 441 14
1050 441 14
1049 442 15
1048 443 17
1047 444 18
1047 444 18
1047 445 15
1047 445 15
1046 446 19
1046 446 19
1045 447 22
1045 447 22
1044 447 27
1044 448 23
1043 449 24
1042 449 28
1041 450 28
1041 451 23
1040 452 24
1040 452 24
1039 453 22
1038 453 26
1038 454 21
1036 454 23
1035 455 18
1034 455 19
1033 456 15
1031 456 19
1030 457 15
1029 458 12
1028 458 16
1028 458 16
1028 459 10
1027 459 14
1026 459 19
1025 460 18
1024 460 21
1023 461 18
1021 461 19
1019 462 17
1018 462 19
1015 463 18
1015 463 18
1013 463 18
1012 463 18
1011 463 18
1010 463 19
1009 463 20
1008 463 20
1008 463 20
1007 463 21
1007 463 21
1006 463 21
1005 463 22
1004 463 23
1004 463 23
1003 463 24
1003 463 24
1001 463 30
1001 463 30
1000 463 31
1000 463 31
999 463 33
997 463 37
995 463 38
994 463 39
993 463 40
992 463 40
992 463 40
991 463 43
991 463 43
990 463 44
990 463 44
990 463 44
990 463 44
989 463 45
989 464 41
989 464 41
989 464 41
989 465 39
989 465 39
989 466 37
989 466 37
989 466 37
989 467 37
990 467 34
990 467 34
990 468 33
990 468 33
991 468 31
991 469 32
991 469 32
992 469 30
994 469 28
995 469 27
996 469 27
997 469 26
997 469 26
998 469 25
998 469 25
999 469 24
999 469 24
1000 469 22
1001 469 20
1001 469 20
1003 469 17
1004 469 17
1004 469 17
1004 469 17
1005 469 17
1006 470 21
1007 470 21
1008 470 22
1009 470 20
1010 471 20
1011 471 16
1012 472 16
1013 473 15
1013 473 15
1014 474 15
1014 475 19
1015 476 18
1015 477 23
1015 477 23
1015 478 27
1015 479 29
1016 480 28
1016 481 32
1016 482 35
1017 483 37
1018 483 34
1018 484 39
1020 484 35
1021 484 33
1022 484 33
1024 484 32
1025 484 32
1025 484 32
1027 483 29
1028 483 30
1028 482 26
1029 482 26
1030 482 26
1030 482 26
1031 482 25
1031 483 27
1032 483 25
1033 484 24
1033 484 24
1034 485 23
1035 486 23
1036 487 26
1037 488 30
1039 489 32
1039 489 32
1040 490 34
1041 490 30
1041 490 30
1042 491 29
1043 492 28
1044 492 25
1045 492 23
1046 493 24
1046 493 24
1046 494 28
1047 494 26
1048 495 26
1048 495 26
1049 495 26
1049 496 30
1050 496 30
1051 496 32
1051 496 32
1053 496 39
1053 496 39
1053 496 39
1054 495 43
1054 495 43
1055 494 44
1055 493 41
1055 492 39
1055 491 39
1055 490 38
1054 489 34
1054 488 33
1054 486 31
1053 485 29
1053 483 29
1052 482 27
1052 480 27
1051 479 25
1051 478 25
1051 476 24
1051 475 24
1051 474 23
1051 474 23
1051 473 21
1052 472 23
1052 471 22
1052 471 22
1053 470 24
1054 469 26
1054 468 24
1056 467 27
1057 466 29
1058 465 31
1059 464 32
1059 463 28
1059 462 25
1060 462 31
1060 462 31
1060 461 28
1060 461 28
1060 460 25
1061 458 25
1061 457 24
1061 456 24
1061 455 23
1061 454 23
1061 453 24
1061 452 25
1061 452 25
1061 451 27
1061 451 27
1061 450 29
1061 450 29
1061 449 31
1061 448 32
1061 447 33
1061 447 33
1061 446 33
1061 445 34
1061 444 35
1061 444 35
1060 443 31
1060 442 33
1059 441 26
1059 439 28
1058 438 25
1057 437 24
1057 437 24
1057 436 29
1057 436 29
1057 436 29
1056 436 25
1056 435 32
1056 435 32
1055 435 32
1055 435 32
1055 435 32
Stop
