New Slice
Start
525 163 67
524 163 42
523 163 42
523 163 42
522 163 32
521 163 39
521 163 39
521 163 39
521 164 36
521 165 36
521 165 36
521 166 27
521 167 27
521 167 27
521 168 20
521 169 36
521 170 36
521 171 31
521 171 31
521 172 31
521 173 45
521 173 45
521 174 57
521 175 57
521 175 57
521 176 58
521 177 58
521 177 58
521 178 62
521 179 49
522 179 35
522 179 35
522 180 35
522 181 22
522 181 22
522 182 22
522 183 32
522 183 32
522 184 32
522 185 35
522 185 35
522 186 39
522 187 39
522 187 39
522 188 43
522 189 43
522 189 43
522 190 37
522 191 26
522 191 26
522 192 26
522 193 35
522 193 35
522 194 35
522 195 35
522 195 35
523 196 30
523 197 36
523 198 27
523 199 27
523 199 27
523 200 34
523 201 34
523 202 41
523 203 30
523 203 30
523 204 30
523 205 19
523 205 19
523 206 19
522 206 31
522 207 29
522 207 29
521 208 52
521 208 52
521 209 46
520 209 46
520 210 33
519 210 40
519 210 40
519 211 40
518 211 40
517 211 42
517 211 42
516 211 44
515 211 44
515 211 44
514 211 48
513 211 48
513 211 48
512 211 51
511 211 51
511 211 51
510 211 52
509 211 42
509 211 42
508 211 42
507 211 38
507 211 38
506 211 38
505 211 34
505 211 34
504 211 34
503 211 34
502 211 35
501 211 35
501 211 35
500 210 37
499 209 66
499 209 66
498 209 54
498 208 71
497 207 54
497 207 54
497 207 54
496 206 77
496 205 77
495 205 48
495 204 67
495 203 67
495 203 67
495 202 48
495 201 44
495 201 44
495 200 44
495 199 35
495 199 35
495 198 35
495 197 38
495 197 38
495 196 41
495 195 41
495 195 41
495 194 42
495 193 42
495 193 42
496 192 44
496 191 44
497 191 44
497 191 44
497 190 25
497 189 30
497 189 30
498 189 42
498 188 42
499 187 53
499 187 53
499 186 53
499 185 42
500 185 42
501 184 48
501 183 48
501 183 48
502 182 33
503 181 51
503 181 51
503 181 51
503 180 41
504 180 41
504 179 41
504 179 41
504 178 35
504 177 28
504 177 28
504 176 28
504 175 13
504 175 13
504 174 13
503 174 13
503 173 23
503 173 23
502 173 24
502 172 62
501 172 62
501 171 62
500 171 79
499 171 79
498 171 91
497 171 89
497 171 89
496 171 89
496 172 89
495 172 84
495 173 85
495 174 74
494 175 74
494 175 74
493 176 70
493 177 70
493 177 70
493 178 56
492 179 70
492 179 70
491 179 70
491 180 70
491 181 55
491 181 55
490 182 76
490 183 64
490 183 64
489 184 64
489 185 58
489 185 58
489 185 58
489 186 56
488 186 75
488 187 75
488 188 56
487 189 56
487 189 56
487 190 52
487 191 58
487 191 58
487 192 58
487 193 55
487 193 55
487 194 55
487 195 54
487 195 54
487 196 54
487 197 45
487 197 45
487 198 37
487 199 37
487 199 37
487 200 33
487 201 33
487 201 33
487 202 42
487 203 39
487 203 39
487 204 39
487 205 46
487 205 46
487 206 46
487 207 48
487 207 48
487 208 48
487 209 53
487 209 53
487 210 53
486 211 63
486 212 57
486 213 57
486 214 43
485 214 62
485 215 55
485 215 55
485 216 55
485 217 41
485 217 41
485 218 41
485 219 42
485 219 42
485 220 40
486 220 28
487 220 33
487 220 33
488 220 33
489 220 47
489 220 47
490 220 47
491 220 67
491 219 35
492 219 35
493 219 55
493 219 55
494 218 35
495 217 35
495 217 35
496 217 51
497 217 51
497 217 51
498 217 54
499 217 58
499 216 24
501 216 21
501 216 21
502 216 21
503 216 20
503 216 20
505 216 19
505 216 19
506 216 18
507 216 18
507 216 18
508 216 17
509 216 17
510 216 21
511 216 26
511 216 26
512 216 26
513 216 21
514 217 25
515 217 17
515 217 17
516 217 17
517 217 13
517 218 13
518 218 13
519 218 13
519 218 13
520 219 21
521 219 21
521 219 21
522 219 14
523 220 18
523 220 18
523 221 18
524 221 18
525 222 19
525 223 19
526 223 19
526 224 32
526 225 32
527 225 20
527 225 20
527 226 19
527 227 32
527 227 32
527 228 32
528 228 20
528 229 25
528 229 25
528 230 25
528 231 29
529 232 44
529 233 44
530 233 27
530 234 7
530 235 7
530 235 7
530 236 35
531 237 35
531 237 35
531 238 27
531 239 37
531 239 37
531 239 37
531 240 37
531 241 52
531 242 52
532 243 35
532 243 35
532 244 34
532 245 34
532 245 34
532 247 39
532 247 39
532 248 54
532 249 54
532 250 48
532 251 48
532 251 48
532 252 48
532 253 49
532 253 49
532 254 49
532 255 51
532 255 51
532 256 58
532 257 58
532 257 58
532 258 59
532 259 59
532 259 59
532 260 51
532 261 51
532 261 51
532 262 42
532 263 49
532 263 49
532 264 49
532 265 53
532 265 53
532 266 53
532 267 47
532 267 47
532 268 45
532 269 45
532 269 45
532 270 52
532 271 52
532 271 52
532 272 43
532 273 38
531 274 52
531 275 45
531 275 45
531 275 45
531 276 45
530 277 53
530 277 53
529 279 72
529 279 72
529 280 56
528 281 56
528 281 56
528 282 48
527 283 66
527 283 66
527 283 66
526 284 64
526 285 47
526 285 47
525 285 47
525 286 47
525 286 47
525 287 38
525 287 38
524 288 54
523 288 54
523 289 25
523 289 25
523 289 25
523 290 25
522 291 33
521 291 44
521 291 44
521 292 27
520 293 27
519 293 35
519 294 26
518 294 26
518 295 26
517 295 29
517 295 29
516 295 41
515 295 41
515 295 41
514 295 57
513 295 57
513 295 57
512 296 30
511 296 30
511 296 30
510 296 30
509 296 38
509 296 38
508 296 38
507 296 39
507 296 39
506 296 39
505 296 36
505 296 36
504 296 29
503 296 29
503 296 29
502 295 39
501 295 39
501 295 39
500 295 37
500 295 37
499 295 37
499 295 37
499 294 37
499 294 37
500 294 37
501 294 39
501 294 39
502 294 39
503 295 49
503 295 49
504 295 49
504 295 49
505 295 59
505 296 36
505 296 36
506 296 39
507 296 39
507 296 39
508 297 38
509 297 38
509 297 38
510 297 29
511 297 22
512 298 22
513 298 19
513 299 56
514 299 56
515 299 58
515 299 58
516 299 58
517 299 56
517 299 56
518 299 55
519 299 55
519 299 55
520 298 35
521 298 35
521 297 35
522 297 51
523 297 65
523 296 38
525 295 25
525 295 25
525 294 25
526 294 25
526 293 31
527 293 34
527 293 34
527 293 34
528 292 39
529 291 31
529 291 31
529 291 31
530 290 29
530 289 29
531 289 29
531 288 18
531 287 18
531 287 18
531 286 29
532 285 37
532 285 37
532 284 31
533 284 31
533 283 27
533 283 27
533 281 23
533 281 23
533 281 23
534 280 32
534 279 26
534 279 26
534 278 21
535 277 30
535 277 30
535 276 39
535 275 39
535 275 39
535 274 30
536 273 30
536 273 30
536 272 39
536 271 34
536 271 34
536 270 34
537 270 45
537 269 43
537 269 43
537 268 43
537 267 37
537 267 37
537 266 30
537 265 30
537 265 30
537 264 35
537 263 35
537 263 35
537 262 35
537 261 29
537 261 29
537 260 29
537 259 29
537 259 29
537 258 29
537 257 42
537 256 42
537 255 52
537 255 52
537 254 44
537 253 44
537 253 44
537 252 50
537 251 50
537 251 50
537 250 59
537 249 59
537 249 59
537 248 59
537 247 52
537 247 52
537 246 52
537 245 54
537 245 54
537 244 54
537 243 46
537 243 46
537 242 55
537 241 55
537 241 55
537 240 57
537 239 57
537 239 57
537 238 63
537 237 57
537 237 57
537 236 57
537 235 82
537 235 82
537 234 82
537 233 76
537 233 76
537 232 76
537 231 83
536 231 63
535 231 63
535 230 74
535 229 74
535 229 74
534 228 61
533 227 37
533 227 37
533 227 37
533 226 48
532 225 57
532 225 57
532 224 57
531 224 40
531 223 42
531 223 42
530 222 42
530 221 61
529 220 43
529 220 43
529 219 56
528 218 66
528 217 66
527 217 53
527 216 55
527 215 55
527 215 55
527 214 66
527 213 62
527 213 62
527 212 62
526 212 38
526 211 30
526 211 30
526 210 30
525 209 28
525 208 20
525 207 20
525 207 20
525 206 18
525 205 18
525 205 18
525 204 35
525 203 35
525 203 35
525 202 32
525 201 36
525 201 36
525 200 36
525 199 35
525 199 35
525 198 35
525 197 43
525 197 43
525 196 45
525 195 45
525 195 45
525 194 37
525 193 37
525 193 37
525 192 46
525 191 46
525 191 46
525 190 49
525 189 51
525 189 51
525 188 51
525 187 52
525 187 52
525 186 52
525 185 44
525 185 44
525 184 42
525 183 42
525 182 42
525 181 42
525 181 42
525 180 39
525 179 39
525 179 39
525 178 39
525 177 59
525 177 59
525 176 59
525 175 54
525 175 54
525 174 54
525 173 54
525 173 54
525 172 58
525 171 58
525 171 58
525 170 57
525 169 57
525 169 57
525 168 64
525 167 63
525 167 63
525 166 63
525 165 63
525 165 63
525 164 63
525 163 67
525 163 67
525 163 67
524 163 42
524 163 42
Stop
New Slice
Start
525 167 63
525 167 63
524 167 45
523 167 45
523 167 45
522 168 18
522 169 30
522 169 30
522 170 30
522 171 25
522 171 25
522 172 25
522 173 33
522 173 33
522 174 46
522 175 46
522 175 46
522 176 44
522 177 44
522 177 44
523 177 45
523 178 30
523 179 22
523 180 22
523 181 24
523 181 24
523 182 24
523 183 28
523 183 28
523 184 28
523 185 26
523 185 26
523 186 33
523 187 33
523 187 33
523 188 32
523 189 32
523 189 32
523 190 34
523 191 38
523 192 38
523 193 24
523 193 24
523 194 24
523 195 30
523 195 30
523 196 30
522 197 44
522 197 44
522 198 43
522 199 43
522 199 43
522 200 49
521 201 69
521 201 69
521 202 69
521 203 48
521 203 48
521 204 48
521 205 54
520 205 54
520 206 54
520 207 52
519 207 78
519 207 78
519 208 78
518 209 62
517 209 73
517 209 73
516 209 75
515 209 75
514 209 73
513 209 73
513 210 48
512 210 51
511 211 51
511 211 51
510 211 52
509 211 42
509 211 42
508 211 42
507 211 38
507 211 38
505 211 34
505 211 34
504 211 34
503 211 34
503 211 34
502 211 35
501 211 35
501 211 35
500 211 37
499 211 37
499 211 37
498 211 42
498 210 42
497 209 43
497 209 43
497 209 43
496 207 54
496 206 77
496 205 77
496 205 77
496 204 86
496 203 86
496 203 86
495 203 67
495 202 48
495 201 44
495 201 44
495 200 44
495 199 35
495 199 35
495 198 35
495 197 38
495 197 38
495 196 41
495 195 41
495 194 42
495 193 42
495 193 42
495 192 32
495 191 32
495 191 32
496 191 44
496 190 25
497 189 30
497 189 30
497 187 15
498 187 29
499 186 53
499 185 42
499 185 42
499 185 42
500 185 42
501 183 48
501 183 48
502 182 33
502 181 33
503 181 51
503 181 51
503 180 41
504 179 41
504 179 41
505 178 66
505 177 48
505 177 48
505 177 48
505 176 48
505 175 26
505 175 26
505 174 26
505 173 33
505 173 33
505 173 33
504 173 23
503 173 23
503 173 23
502 173 24
501 173 24
501 173 24
500 173 37
499 173 37
499 173 37
498 173 59
497 173 75
497 174 48
495 174 74
495 175 74
495 175 74
495 175 74
494 176 57
493 177 70
493 177 70
493 177 70
492 177 80
492 178 78
491 179 70
491 179 70
490 180 84
490 181 76
489 181 76
489 181 76
489 182 76
489 182 76
489 183 64
489 183 64
488 183 84
488 184 84
488 185 78
488 186 75
488 187 75
488 187 75
488 188 56
488 189 56
487 189 56
487 189 56
487 190 52
487 191 58
487 191 58
487 192 58
487 193 55
487 193 55
487 194 55
487 195 54
487 195 54
487 196 54
487 197 45
487 197 45
487 198 37
487 199 37
487 199 37
487 200 33
487 201 33
487 201 33
487 202 42
487 203 39
487 203 39
487 204 39
487 205 46
488 205 46
488 205 46
488 206 46
488 207 48
488 207 48
488 208 48
488 209 53
488 209 53
488 210 53
488 211 53
488 211 53
488 212 48
488 213 48
488 213 48
488 214 33
487 214 33
487 215 22
487 215 22
487 216 22
487 216 22
487 217 19
487 217 19
486 217 19
486 218 19
485 219 42
485 219 42
485 220 40
485 221 40
485 221 40
486 221 28
487 221 33
487 221 33
488 221 33
489 221 47
489 221 47
490 221 47
491 221 67
491 221 67
492 220 67
493 220 87
493 219 55
493 219 55
494 219 67
494 219 67
495 218 35
495 218 35
496 218 51
497 217 51
497 217 51
498 217 54
499 217 58
499 217 58
500 217 58
501 217 57
501 217 57
502 217 57
503 217 52
503 217 52
504 217 52
505 217 46
505 217 46
506 217 43
507 217 43
507 217 43
508 217 41
509 217 41
509 217 41
510 217 42
511 217 35
511 217 35
512 217 35
513 217 25
513 217 25
514 217 25
515 217 17
515 217 17
517 217 13
517 218 13
518 218 13
519 218 13
519 219 29
520 219 21
521 219 21
521 220 51
522 221 30
523 221 18
523 221 18
523 222 24
524 222 24
525 223 19
525 223 19
525 224 32
525 225 32
526 225 32
526 225 32
527 226 19
527 227 32
527 228 32
527 229 35
527 229 35
527 230 35
528 230 25
528 231 29
529 231 29
529 231 29
529 232 44
529 233 44
529 233 44
529 234 31
529 235 31
529 235 31
530 236 35
530 237 35
531 238 27
531 239 37
531 239 37
531 240 37
531 241 52
531 241 52
531 242 52
531 243 54
531 243 54
531 244 59
532 245 34
532 245 34
532 246 39
533 247 39
533 247 39
533 248 54
533 249 54
533 249 54
533 250 48
533 251 48
533 252 48
533 253 49
533 255 51
534 257 35
534 259 30
535 262 23
535 264 25
535 266 27
535 268 20
535 269 20
535 269 20
535 270 34
535 271 34
535 271 34
535 272 39
535 273 30
535 273 30
535 274 30
535 275 39
534 275 33
534 276 33
533 277 28
533 277 28
533 277 28
532 278 28
532 279 26
531 279 47
531 280 36
531 281 36
530 281 36
529 282 48
529 283 48
529 283 48
529 283 48
528 283 48
528 284 32
527 285 30
527 285 30
526 286 47
526 287 38
525 287 38
525 287 38
525 287 38
525 288 38
524 289 25
523 289 25
523 290 25
522 291 33
521 291 44
521 292 27
521 292 27
521 293 27
520 293 27
519 293 35
519 293 35
519 293 35
518 293 35
517 293 52
517 293 52
516 294 41
515 294 41
515 294 41
514 294 57
513 294 57
513 294 57
512 294 66
511 294 66
511 294 66
510 294 67
509 294 66
509 294 66
508 294 66
507 294 64
507 294 64
506 294 64
505 294 59
505 294 59
504 294 49
503 294 49
503 294 49
502 294 39
501 294 39
501 294 39
500 294 37
499 294 37
499 294 37
499 294 37
500 294 37
501 294 39
501 294 39
502 295 39
503 295 49
503 295 49
505 295 59
505 296 36
505 296 36
506 296 39
507 296 39
507 296 39
507 297 44
508 297 38
509 297 38
509 297 38
509 297 38
510 297 29
511 297 22
511 297 22
512 297 22
513 297 19
513 297 19
514 297 19
515 297 26
515 297 26
516 297 26
517 297 34
517 297 34
518 297 30
519 297 30
519 297 30
520 297 35
521 297 35
521 297 35
523 297 65
523 297 65
523 296 38
524 296 38
525 296 42
525 295 25
526 295 25
527 295 35
527 294 35
527 294 35
528 293 39
529 293 39
529 293 39
529 293 39
529 292 39
530 292 53
531 292 53
531 291 45
531 291 45
532 290 43
533 289 43
533 289 43
533 289 43
534 288 56
534 287 56
535 287 78
535 286 71
535 286 71
535 285 71
535 285 71
535 284 73
536 284 73
536 283 54
536 283 54
537 283 89
537 282 89
537 281 80
537 281 80
537 281 80
537 280 80
537 279 69
538 279 69
538 278 56
538 277 56
538 276 58
538 275 58
538 275 58
539 274 79
539 273 79
539 273 79
539 272 67
539 271 59
539 271 59
539 270 59
539 269 58
539 269 58
539 268 58
539 267 56
539 267 56
539 266 53
539 265 53
539 265 53
539 264 57
539 263 57
539 263 57
539 261 51
539 261 51
539 260 51
539 259 53
539 259 53
539 258 53
539 257 61
539 257 61
539 256 61
539 255 68
539 255 68
539 254 68
539 253 68
539 253 68
539 252 73
539 251 73
539 251 73
539 250 75
539 249 72
539 249 72
539 248 72
539 247 68
539 247 68
539 246 68
539 245 82
539 245 82
539 244 82
539 243 70
539 243 70
539 242 70
539 241 70
539 241 70
539 240 68
539 239 68
538 239 57
538 238 63
538 237 57
538 237 57
538 236 57
538 235 82
538 235 82
538 234 82
537 234 82
537 233 76
537 233 76
537 232 76
537 231 83
537 231 83
537 230 86
537 229 86
537 229 86
537 228 85
537 227 85
536 227 79
536 227 79
536 226 77
536 225 73
535 225 73
535 225 73
535 224 73
535 223 85
534 223 79
534 222 79
533 221 73
533 221 73
533 221 73
532 220 73
532 219 75
531 219 64
531 219 64
531 219 64
531 218 74
530 217 74
529 217 66
529 216 70
529 216 70
529 215 70
528 215 70
528 214 84
528 213 81
528 213 81
528 212 81
527 212 62
527 211 50
527 211 50
527 210 50
527 209 37
527 209 37
527 208 32
527 207 32
527 207 32
527 206 28
527 205 28
527 205 28
527 204 46
527 203 46
527 203 46
527 202 39
527 201 46
527 201 46
527 200 46
527 199 51
527 199 51
527 198 51
527 197 59
527 197 59
527 196 71
527 195 71
527 195 71
527 194 60
527 193 60
527 193 60
527 192 61
527 191 61
527 191 61
527 190 66
527 189 72
527 189 72
527 188 72
527 187 73
527 187 73
527 186 73
527 185 69
527 185 69
527 184 64
527 183 64
527 183 64
527 182 60
527 181 60
527 181 60
527 180 62
527 179 62
527 179 62
527 178 66
527 177 72
526 176 59
526 175 54
526 175 54
526 174 54
526 173 54
526 173 54
525 172 58
525 171 58
525 171 58
525 170 57
525 169 57
525 169 57
524 169 37
524 168 40
523 168 40
523 168 40
Stop
New Slice
Start
525 171 58
524 171 39
523 171 39
523 171 39
522 171 25
521 171 31
521 172 31
521 173 45
521 173 45
521 174 57
521 175 57
521 175 57
521 176 58
521 177 58
521 177 58
521 178 62
521 179 49
521 179 49
521 180 49
521 181 41
521 181 41
521 182 41
521 183 54
521 183 54
521 184 54
521 185 59
521 185 59
521 186 58
521 187 58
521 187 58
522 188 43
522 189 43
522 189 43
522 190 37
522 191 26
522 191 26
522 192 26
522 193 35
522 193 35
522 194 35
522 195 35
522 195 35
522 196 35
522 197 44
522 197 44
522 198 43
522 199 43
522 199 43
522 200 49
522 201 49
522 201 49
522 202 55
522 203 36
522 203 36
522 204 36
522 205 31
522 205 31
521 205 54
521 206 54
521 206 54
520 207 52
520 207 52
519 207 78
519 208 78
519 208 78
518 209 62
518 209 62
517 209 73
517 210 42
517 210 42
516 211 44
515 211 44
515 211 44
514 211 48
513 211 48
513 212 23
513 212 23
512 212 27
511 212 27
511 212 27
510 212 27
509 212 32
509 212 32
508 211 42
507 211 38
507 211 38
506 211 38
505 211 34
505 211 34
504 211 34
503 211 34
503 210 34
502 210 35
501 209 72
500 209 66
499 209 66
499 209 66
499 209 66
498 209 54
497 209 43
497 209 43
497 208 54
496 207 54
495 207 48
495 207 48
495 206 48
495 205 48
495 205 48
495 204 67
495 203 67
495 203 67
495 202 48
495 201 44
495 201 44
495 200 44
495 199 35
495 199 35
495 198 35
495 197 38
495 197 38
495 196 41
495 195 41
495 195 41
495 195 41
496 194 62
496 193 62
496 193 62
497 192 44
497 191 44
497 191 44
497 191 44
498 189 42
498 189 42
499 188 61
499 187 53
499 187 53
499 186 53
500 186 53
500 185 42
501 185 67
501 184 48
501 183 48
502 183 48
502 182 33
502 181 33
503 181 51
503 181 51
503 180 41
503 180 41
503 179 41
503 179 41
503 178 35
504 177 28
504 177 28
505 177 48
505 176 48
505 175 26
505 175 26
505 174 26
504 174 13
504 173 23
503 173 23
503 173 23
502 173 24
501 173 24
501 172 62
500 172 79
499 172 79
499 172 79
498 172 91
497 172 89
497 173 75
496 173 75
495 173 85
495 174 74
495 175 74
494 175 74
494 176 57
493 176 70
493 177 70
493 177 70
493 178 56
493 179 43
492 179 70
491 179 70
491 180 70
491 181 55
491 181 55
491 181 55
491 182 55
491 183 37
490 183 64
490 184 64
489 185 58
489 186 56
489 187 56
489 187 56
489 188 40
489 189 40
488 189 56
488 189 56
488 190 52
488 191 58
488 191 58
488 192 58
488 193 55
488 193 55
488 194 55
488 195 54
487 195 54
487 196 54
487 197 45
487 197 45
487 198 37
487 199 37
487 199 37
487 200 33
487 201 33
487 201 33
487 202 42
487 203 39
487 203 39
487 204 39
487 205 46
487 206 46
487 207 48
487 207 48
487 208 48
487 209 53
487 209 53
487 210 53
487 211 53
487 211 53
487 212 48
487 213 48
487 213 48
486 214 43
486 215 31
486 215 31
485 215 55
485 216 55
485 216 55
485 217 41
484 218 41
484 219 42
484 219 42
484 220 40
484 221 40
485 221 40
486 221 28
486 220 28
487 219 22
487 219 22
488 219 22
489 219 23
489 218 28
490 218 28
491 217 32
491 217 32
492 217 32
493 217 33
493 216 31
494 216 31
495 216 31
495 216 31
496 216 30
497 216 30
497 215 30
497 215 30
498 215 28
499 215 24
499 215 24
500 215 24
501 215 21
501 215 21
502 215 21
503 215 20
503 215 20
504 215 20
505 215 19
505 215 19
506 215 18
507 215 18
507 215 18
508 215 17
509 215 17
509 215 17
510 215 21
511 215 26
511 215 26
512 215 26
513 215 21
513 215 21
514 215 21
515 215 8
515 215 8
516 216 8
517 216 3
517 216 3
518 216 11
519 217 13
519 217 13
520 217 14
521 217 14
521 218 14
522 218 15
522 219 14
523 219 21
523 220 18
524 220 18
524 221 18
524 221 18
525 221 20
525 222 19
525 223 19
526 223 19
526 224 32
526 225 32
527 225 20
527 225 20
527 226 19
527 227 32
527 227 32
527 227 32
527 228 32
528 228 20
528 229 25
528 229 25
528 230 25
529 231 29
529 231 29
529 233 44
529 233 44
530 235 7
530 235 7
530 236 35
530 237 35
531 237 35
531 238 27
531 239 37
531 239 37
531 241 52
532 241 32
532 242 32
533 243 35
533 243 35
533 244 34
533 245 34
533 245 34
533 246 39
533 247 39
533 247 39
533 248 54
533 249 54
533 249 54
533 250 48
533 251 48
533 251 48
533 252 48
533 253 49
533 253 49
533 254 49
533 255 51
533 255 51
533 256 58
533 257 58
533 257 58
533 258 59
533 259 59
533 259 59
533 260 51
533 261 51
533 261 51
533 262 42
533 263 49
533 263 49
533 264 49
533 265 53
533 265 53
533 266 53
533 267 47
533 267 47
533 268 45
533 269 45
532 269 45
532 269 45
532 270 52
532 271 52
532 271 52
531 272 57
531 273 52
531 273 52
531 274 52
531 275 45
531 275 45
530 275 45
530 276 45
530 277 53
530 277 53
530 278 53
529 279 72
529 279 72
529 281 56
529 281 56
529 281 56
529 282 48
528 282 48
528 283 48
528 283 48
528 284 32
527 285 30
527 285 30
527 286 30
527 287 21
526 287 38
526 287 38
526 288 38
526 289 23
525 289 23
525 290 23
525 290 23
524 291 25
524 291 25
523 291 25
523 292 29
523 292 29
523 293 29
522 293 24
521 293 27
521 293 27
521 294 22
520 294 22
519 294 26
519 294 26
518 295 26
517 295 29
517 295 29
517 295 29
516 295 41
515 295 41
514 295 57
513 295 57
513 295 57
512 295 66
511 295 66
511 295 66
510 295 67
509 295 66
508 295 66
507 295 64
507 295 64
506 295 64
505 295 59
504 295 49
503 295 49
503 295 49
502 295 39
501 294 39
501 294 39
500 294 37
500 293 71
499 293 71
499 293 71
498 293 65
497 292 70
497 292 70
497 293 70
497 293 70
498 294 48
499 295 37
499 295 37
500 296 34
501 296 25
501 296 25
502 297 60
503 297 57
503 297 57
504 297 57
505 297 52
505 298 52
506 298 44
507 298 44
507 298 44
508 298 38
509 298 38
509 298 38
510 299 53
511 299 53
511 299 53
512 299 53
513 299 56
513 299 56
515 299 58
515 299 58
516 299 58
517 299 56
517 299 56
518 299 55
519 299 55
519 299 55
520 299 66
521 298 35
521 297 35
523 297 65
523 297 65
523 297 65
523 296 38
524 296 38
525 296 42
525 295 25
525 295 25
525 295 25
526 295 25
527 294 35
527 293 34
527 293 34
528 293 39
529 292 39
529 291 31
530 291 45
531 290 29
531 290 29
531 289 29
532 289 43
533 288 32
533 287 32
534 287 56
534 286 54
535 286 71
535 285 71
535 285 71
536 285 71
536 284 73
536 283 54
537 283 89
537 282 89
537 281 80
537 281 80
537 280 80
538 279 69
538 279 69
538 278 56
538 277 56
539 276 83
539 275 83
539 275 83
539 274 79
539 273 79
539 272 67
539 271 59
539 270 59
539 269 58
539 268 58
539 267 56
539 267 56
539 266 53
539 265 53
539 265 53
539 264 57
539 263 57
539 263 57
539 262 48
539 261 51
539 261 51
539 260 51
539 259 53
539 259 53
539 258 53
539 257 61
539 257 61
539 256 61
539 255 68
539 255 68
539 254 68
539 253 68
539 253 68
539 252 73
539 251 73
539 251 73
539 250 75
539 249 72
539 249 72
539 248 72
539 247 68
539 247 68
539 246 68
539 245 82
539 245 82
539 243 70
539 243 70
539 242 70
539 241 70
539 240 68
539 239 68
539 239 68
539 238 77
539 237 72
539 237 72
539 236 72
539 235 83
539 235 83
539 234 83
539 233 89
539 233 89
539 232 89
539 231 87
538 231 83
538 230 86
537 230 86
537 229 86
537 229 86
537 228 85
537 227 85
536 227 79
536 226 77
535 226 77
535 225 73
535 225 73
535 225 73
535 224 73
534 224 70
534 223 79
533 223 62
533 223 62
533 222 62
533 221 73
532 221 73
532 220 73
532 219 75
531 219 64
531 219 64
531 218 74
531 217 74
531 217 74
530 216 80
530 215 80
529 214 84
529 213 81
529 213 81
529 212 81
529 211 73
529 211 73
528 211 73
528 210 73
528 209 53
528 209 53
528 208 48
528 207 48
528 207 48
528 206 46
528 205 46
528 205 46
528 204 59
528 203 59
528 203 59
528 202 58
528 201 63
528 201 63
528 200 63
528 199 72
528 199 72
528 198 72
528 197 77
528 197 77
528 196 91
528 195 91
528 195 91
528 194 79
528 193 79
527 193 60
527 192 61
527 191 61
527 191 61
527 190 66
527 189 72
527 188 72
527 187 73
527 187 73
527 186 73
527 185 69
527 184 64
527 183 64
527 183 64
526 182 42
526 181 42
526 181 42
526 180 39
526 179 39
526 179 39
526 178 39
526 177 59
526 177 59
526 176 59
526 175 54
526 175 54
526 174 54
526 173 54
526 173 54
525 172 58
525 171 58
525 171 58
Stop
