New Layer
Start
1192 271 33
1191 271 32
1191 271 32
1191 271 32
1190 271 33
1190 271 33
1190 271 33
1189 271 35
1189 271 35
1189 271 35
1188 271 38
1188 272 33
1188 272 33
1187 272 37
1187 273 34
1187 273 34
1187 273 34
1187 274 31
1187 274 31
1187 274 31
1187 275 30
1187 275 30
1187 276 31
1187 276 31
1187 276 31
1187 277 31
1187 277 31
1187 277 31
1187 278 32
1187 278 32
1187 278 32
1188 279 27
1188 279 27
1189 279 22
1189 279 22
1189 280 24
1190 280 22
1190 280 22
1190 280 22
1191 280 21
1191 280 21
1192 280 21
1192 280 21
1193 280 22
1193 280 22
1193 280 22
1194 280 24
1194 280 24
1195 280 25
1195 280 25
1196 280 26
1196 280 26
1197 280 28
1197 280 28
1198 280 29
1198 279 27
1198 279 27
1198 279 27
1198 279 27
1198 278 28
1198 278 28
1198 278 28
1198 277 29
1198 277 29
1198 277 29
1198 276 31
1198 276 31
1198 276 31
1198 275 34
1198 275 34
1198 275 34
1198 274 38
1197 274 33
1197 274 33
1197 274 33
1196 273 34
1195 273 30
1195 273 30
1195 273 30
1194 273 27
1194 273 27
1194 273 27
1194 272 31
1193 272 29
1193 272 29
1193 272 29
1193 272 29
Stop
Start
1310 581 29
1309 582 33
1309 582 33
1309 582 33
1308 583 35
1308 584 33
1308 584 33
1307 585 34
1307 586 30
1307 586 30
1307 587 26
1307 587 26
1306 588 26
1306 588 26
1305 589 27
1305 589 27
1305 590 24
1305 590 24
1304 591 26
1304 592 23
1304 592 23
1304 593 22
1304 593 22
1303 594 24
1303 594 24
1303 595 22
1303 596 20
1302 597 23
1302 598 21
1302 598 21
1301 599 23
1301 600 21
1300 601 23
1300 601 23
1300 602 20
1299 602 23
1299 603 20
1298 604 21
1298 604 21
1297 605 21
1297 605 21
1296 606 21
1295 606 24
1294 606 27
1294 606 27
1293 607 28
1292 607 30
1291 607 31
1291 607 31
1290 608 28
1290 608 28
1290 608 28
1289 608 30
1288 609 30
1287 610 30
1287 610 30
1286 610 34
1286 610 34
1286 611 31
1285 611 35
1285 612 31
1284 612 36
1284 612 36
1283 613 38
1283 614 36
1282 614 41
1282 615 40
1282 615 40
1282 616 38
1282 616 38
1282 616 38
1282 617 39
1282 617 39
1282 618 40
1282 618 40
1283 618 35
1283 618 35
1284 618 32
1285 618 29
1286 618 26
1286 618 26
1287 618 24
1287 618 24
1288 618 22
1288 618 22
1289 618 22
1290 618 21
1290 618 21
1290 618 21
1291 618 21
1293 618 22
1293 618 22
1294 618 23
1294 618 23
1294 618 23
1295 618 24
1295 618 24
1296 618 24
1296 618 24
1297 618 24
1297 618 24
1298 618 23
1299 618 22
1299 618 22
1299 618 22
1300 618 20
1300 618 20
1301 618 19
1301 618 19
1302 618 20
1302 618 20
1302 618 20
1303 618 22
1303 617 18
1304 617 20
1304 617 20
1305 616 20
1306 616 24
1306 615 19
1306 615 19
1307 614 18
1307 614 18
1308 613 19
1309 613 22
1309 613 22
1310 612 20
1311 612 20
1311 612 20
1312 612 21
1313 611 16
1314 611 18
1315 610 15
1316 610 17
1316 610 17
1317 610 21
1318 609 19
1318 609 19
1319 609 23
1319 608 17
1320 608 23
1321 608 27
1321 607 20
1322 607 25
1322 607 25
1323 606 23
1323 606 23
1324 605 18
1324 605 18
1324 605 18
1324 604 13
1325 604 16
1325 603 14
1325 603 14
1325 602 14
1325 602 14
1325 601 16
1325 600 18
1325 600 18
1325 600 18
1325 599 20
1325 598 23
1325 598 23
1325 597 25
1325 596 27
1325 596 27
1325 595 29
1325 594 30
1324 593 29
1324 593 29
1324 593 29
1324 593 29
1323 592 28
1323 592 28
1323 592 28
1323 592 28
1322 592 25
1322 593 23
1321 593 21
1321 593 21
1321 593 21
1320 593 20
1320 593 20
1319 593 21
1319 593 21
1318 593 21
1317 593 22
1317 592 24
1316 592 24
1316 592 24
1316 592 24
1316 591 27
1315 591 26
1315 591 26
1315 590 27
1314 589 25
1314 589 25
1314 589 25
1314 588 27
1314 588 27
1314 587 28
1314 586 29
1314 586 29
1314 585 30
1314 585 30
1314 585 30
1314 584 31
1313 583 27
1313 583 27
1313 583 27
1313 582 28
1312 582 27
1312 582 27
1312 581 28
1312 581 28
Stop
Start
1270 627 38
1270 627 38
1269 627 34
1269 627 34
1269 627 34
1268 627 33
1267 627 33
1266 627 33
1266 627 33
1265 628 31
1265 628 31
1264 628 34
1264 628 34
1263 629 33
1262 629 35
1261 629 38
1261 629 38
1260 629 40
1259 629 42
1259 629 42
1259 629 42
1258 630 41
1258 630 41
1258 631 39
1258 631 39
1258 632 38
1258 632 38
1258 633 39
1259 633 36
1260 633 33
1262 633 30
1264 633 33
1264 633 33
1266 633 36
1267 632 34
1268 632 36
1268 631 32
1268 631 32
1269 631 34
1269 631 34
1269 630 31
1269 630 31
1269 630 31
1269 629 32
1269 629 32
1269 629 32
1270 628 36
1270 628 36
1270 628 36
1269 628 32
1267 629 28
1267 629 28
Stop
Start
1169 650 27
1168 650 23
1168 649 22
1168 649 22
1167 648 24
1167 648 24
1166 647 26
1166 647 26
1165 647 26
1165 646 31
1165 646 31
1164 646 33
1163 646 34
1163 646 34
1162 645 39
1161 645 39
1160 645 39
1159 645 35
1158 645 34
1157 645 32
1156 644 37
1156 644 37
1155 644 36
1154 644 35
1153 643 38
1152 643 37
1152 643 37
1151 643 34
1149 643 31
1148 643 30
1147 643 30
1146 642 35
1145 642 36
1144 642 37
1143 642 36
1142 642 35
1141 642 35
1141 642 35
1140 642 34
1139 642 34
1138 642 36
1137 642 40
1136 642 42
1136 642 42
1135 642 46
1134 642 44
1133 642 43
1133 642 43
1132 642 40
1131 642 38
1130 642 37
1129 642 37
1129 642 37
1128 642 39
1127 642 42
1127 642 42
1126 642 46
1126 642 46
1126 642 46
1125 642 49
1125 643 45
1125 643 45
1125 644 40
1125 644 40
1125 644 40
1125 645 37
1125 645 37
1125 645 37
1126 646 31
1126 646 31
1126 646 31
1127 647 24
1127 647 24
1128 647 22
1129 647 20
1130 648 22
1130 648 22
1130 648 22
1131 648 20
1131 648 20
1131 648 20
1132 648 19
1132 648 19
1132 648 19
1133 648 18
1134 648 17
1134 648 17
1135 648 17
1135 648 17
1136 648 17
1137 649 18
1138 649 18
1139 649 18
1140 649 17
1142 649 16
1143 650 19
1144 650 19
1144 650 19
1146 650 18
1147 650 17
1148 650 17
1148 651 20
1149 651 20
1150 651 20
1151 651 20
1151 652 23
1152 652 24
1154 652 22
1155 652 20
1156 652 18
1158 653 23
1159 653 23
1160 653 25
1160 653 25
1161 653 25
1161 653 25
1162 653 26
1162 653 26
1163 653 27
1164 652 21
1164 652 21
1165 652 21
1166 652 22
1167 652 23
1167 652 23
1167 652 23
1167 651 21
1168 651 23
1168 651 23
1168 651 23
Stop
Start
1254 709 22
1254 709 22
1253 709 20
1253 708 25
1251 708 21
1250 707 27
1250 707 27
1250 707 27
1249 707 25
1249 707 25
1249 707 25
1248 707 24
1247 707 24
1247 707 24
1246 707 25
1245 707 27
1245 707 27
1244 708 23
1243 708 25
1242 708 28
1241 708 31
1241 709 26
1240 709 28
1239 709 32
1238 709 33
1237 710 30
1237 710 30
1236 710 32
1235 710 34
1235 711 29
1234 711 32
1233 712 32
1233 712 32
1232 712 36
1232 713 32
1232 713 32
1232 714 30
1232 714 30
1232 715 30
1232 715 30
1232 715 30
1232 716 29
1232 716 29
1233 717 25
1233 717 25
1234 718 20
1234 718 20
1234 719 21
1234 719 21
1234 719 21
1235 720 18
1235 720 18
1235 721 21
1235 721 21
1236 722 17
1236 722 17
1236 722 17
1236 723 20
1237 724 19
1237 724 19
1237 725 22
1238 726 22
1238 726 22
1239 726 19
1239 727 22
1240 727 20
1241 727 20
1242 727 20
1243 728 22
1243 728 22
1244 728 22
1244 728 22
1245 728 20
1245 728 20
1246 728 18
1247 728 17
1247 729 21
1248 729 20
1248 729 20
1248 729 20
1249 729 19
1250 729 20
1250 729 20
1251 729 21
1251 728 16
1252 728 18
1252 727 15
1253 727 19
1253 726 17
1254 726 22
1254 725 19
1254 724 18
1254 724 18
1255 723 20
1255 722 17
1255 722 17
1255 721 16
1255 721 16
1256 720 18
1256 719 17
1256 719 17
1257 718 19
1257 718 19
1257 717 18
1258 717 21
1258 716 21
1258 716 21
1259 715 24
1259 715 24
1259 715 24
1259 714 24
1259 712 26
1259 712 26
1259 712 26
1259 711 26
1259 711 26
1258 711 24
1258 711 24
1258 711 24
1257 711 21
1257 711 21
1257 710 24
1256 710 22
1256 710 22
1255 710 20
1255 710 20
1255 710 20
1255 710 20
1255 710 20
Stop
Start
1066 695 33
1066 695 33
1066 695 33
1065 695 29
1065 694 34
1065 694 34
1064 694 32
1064 694 32
1064 694 32
1063 694 30
1063 694 30
1063 694 30
1062 694 33
1062 694 33
1062 694 33
1061 694 36
1061 695 34
1061 695 34
1061 695 34
1061 695 34
1061 696 31
1061 696 31
1061 696 31
1061 697 30
1061 697 30
1061 697 30
1061 698 28
1061 698 28
1061 698 28
1061 699 29
1061 699 29
1062 700 26
1062 700 26
1062 700 26
1063 701 23
1063 701 23
1064 702 23
1064 702 23
1065 702 21
1065 702 21
1065 702 21
1066 703 21
1067 703 20
1068 704 20
1068 704 20
1069 704 19
1069 705 21
1069 705 21
1070 705 19
1070 706 20
1071 707 21
1071 707 21
1071 708 25
1071 708 25
1072 709 24
1072 709 24
1072 709 24
1073 710 26
1073 710 26
1073 711 30
1073 711 30
1074 712 29
1074 712 29
1074 713 33
1074 713 33
1074 714 38
1074 714 38
1074 715 43
1075 715 38
1075 715 38
1075 716 42
1075 716 42
1075 717 46
1075 717 46
1075 718 49
1075 718 49
1075 719 50
1075 719 50
1075 720 49
1075 720 49
1075 721 48
1075 721 48
1076 722 42
1076 722 42
1076 723 43
1076 723 43
1076 724 43
1076 724 43
1077 725 41
1077 725 41
1078 726 42
1078 726 42
1079 726 41
1079 726 41
1079 726 41
1080 726 39
1081 726 40
1081 726 40
1082 725 36
1082 725 36
1082 724 33
1083 723 33
1083 723 33
1083 722 31
1083 721 29
1083 721 29
1083 720 26
1084 719 29
1084 718 28
1084 718 28
1084 717 25
1085 716 26
1085 715 24
1086 714 26
1086 713 25
1086 713 25
1086 712 26
1086 711 26
1086 710 28
1086 710 28
1086 709 30
1086 709 30
1086 708 32
1086 707 35
1086 707 35
1086 706 37
1085 706 30
1085 706 30
1084 705 30
1083 704 29
1083 704 29
1083 704 29
1082 703 30
1082 703 30
1081 703 26
1081 703 26
1080 703 23
1079 703 24
1078 703 23
1078 702 28
1077 702 28
1076 702 28
1076 702 28
1075 701 33
1075 701 33
1075 701 33
1074 701 32
1074 700 37
1073 700 37
1073 700 37
1072 699 42
1072 699 42
1072 699 42
1071 699 39
1071 698 43
1071 698 43
1071 698 43
1070 698 40
1070 698 40
1070 697 45
1069 697 40
1069 697 40
1068 696 39
1068 696 39
1068 696 39
1067 696 33
1067 695 37
1066 695 33
1066 695 33
1066 695 33
Stop
Start
1282 834 23
1281 834 21
1281 834 21
1281 834 21
1280 834 19
1279 835 24
1278 835 23
1277 835 21
1275 835 17
1275 835 17
1274 835 16
1273 835 18
1272 835 19
1269 836 29
1267 836 26
1265 836 22
1264 836 19
1262 836 17
1260 837 23
1259 837 24
1258 837 25
1256 837 27
1255 837 28
1253 838 36
1251 838 34
1249 838 32
1248 838 32
1247 838 31
1245 838 31
1244 838 31
1243 838 31
1241 838 33
1240 838 33
1240 838 33
1239 838 33
1237 838 33
1236 837 25
1235 837 25
1234 837 27
1233 836 23
1232 836 25
1231 836 25
1230 836 26
1230 836 26
1228 836 20
1227 836 17
1225 836 8
1224 836 7
1223 836 6
1222 836 7
1220 836 9
1219 836 9
1218 836 8
1217 836 7
1216 836 6
1214 836 6
1212 836 7
1211 836 8
1210 836 9
1209 837 14
1208 837 14
1207 837 14
1206 837 13
1205 838 18
1203 838 14
1202 839 19
1200 839 17
1199 839 16
1196 840 20
1195 840 20
1193 840 19
1191 841 29
1189 841 28
1187 841 25
1185 842 31
1184 842 30
1183 842 29
1182 842 28
1180 842 29
1178 842 33
1177 842 35
1176 842 36
1175 842 37
1174 842 37
1173 842 35
1172 842 34
1172 842 34
1170 842 32
1168 841 28
1166 841 33
1165 841 38
1165 840 31
1164 840 36
1163 840 38
1162 840 41
1161 839 33
1160 839 34
1158 838 24
1157 838 26
1156 838 28
1155 837 21
1154 837 26
1152 837 32
1151 837 36
1150 836 29
1149 836 30
1147 836 32
1146 835 22
1144 835 22
1142 835 25
1140 834 19
1139 834 21
1137 834 26
1136 834 28
1134 834 32
1133 833 27
1132 833 28
1131 833 28
1128 833 23
1127 833 22
1125 833 21
1124 833 20
1121 833 22
1119 833 26
1117 833 28
1116 833 28
1114 833 29
1113 833 29
1112 833 30
1111 833 33
1110 833 36
1109 833 39
1108 833 41
1107 832 32
1106 832 32
1105 832 30
1104 832 27
1103 831 18
1101 831 19
1100 831 21
1098 831 25
1096 831 28
1095 830 18
1093 830 20
1091 830 24
1089 830 30
1087 830 36
1086 830 37
1084 830 37
1083 830 35
1082 830 33
1081 830 31
1080 830 29
1079 830 29
1077 830 30
1076 830 32
1076 830 32
1075 830 34
1073 830 38
1072 830 38
1071 830 38
1071 830 38
1069 830 36
1068 830 35
1067 830 35
1066 830 35
1064 829 32
1062 829 38
1061 829 41
1060 829 43
1059 829 42
1058 829 42
1058 829 42
1056 828 30
1056 828 30
1055 828 29
1054 828 28
1053 828 28
1052 828 28
1052 828 28
1051 828 30
1050 828 32
1050 827 24
1049 827 27
1049 827 27
1048 827 29
1047 826 24
1046 826 27
1045 826 30
1045 826 30
1045 825 20
1044 825 22
1044 825 22
1044 825 22
1044 825 22
1043 824 18
1043 824 18
1043 824 18
1042 823 12
1042 823 12
1042 822 7
1041 821 7
1040 821 10
1040 820 7
1039 820 11
1038 819 10
1037 818 9
1036 817 10
1034 816 17
1034 816 17
1033 815 17
1032 815 20
1032 815 20
1031 815 23
1031 815 23
1031 814 18
1030 814 21
1030 814 21
1029 814 25
1029 814 25
1028 813 26
1026 812 29
1025 812 32
1024 811 30
1023 811 33
1023 810 29
1023 810 29
1022 810 34
1022 810 34
1022 809 32
1021 809 39
1021 808 38
1021 807 36
1020 807 41
1020 806 39
1020 806 39
1020 805 37
1020 805 37
1020 804 35
1020 803 33
1020 802 32
1020 802 32
1020 802 32
1020 801 32
1020 801 32
1020 800 33
1021 800 29
1021 799 31
1021 799 31
1022 798 29
1022 798 29
1022 797 32
1022 797 32
1023 797 28
1023 797 28
1024 796 28
1024 796 28
1025 795 31
1025 795 31
1026 795 29
1026 794 35
1027 794 33
1027 794 33
1028 794 29
1028 793 36
1029 793 30
1030 793 24
1031 792 27
1031 792 27
1031 792 27
1032 792 22
1033 791 25
1033 791 25
1034 791 20
1034 790 27
1035 790 23
1036 790 21
1037 789 29
1038 789 27
1038 789 27
1039 788 34
1040 788 32
1041 787 37
1042 787 33
1042 787 33
1043 786 36
1043 786 36
1044 786 31
1044 785 37
1045 785 32
1045 784 37
1046 784 32
1046 783 36
1046 783 36
1046 782 40
1047 782 36
1047 781 39
1048 780 36
1048 779 39
1049 778 38
1049 777 41
1051 776 32
1051 775 34
1051 774 37
1052 774 30
1052 773 34
1053 773 28
1053 773 28
1054 772 26
1054 772 26
1055 771 28
1055 770 34
1056 770 28
1057 769 31
1057 769 31
1058 769 26
1059 768 28
1060 768 24
1060 768 24
1061 767 27
1062 767 23
1063 767 21
1063 766 28
1064 766 24
1064 766 24
1065 766 23
1065 765 29
1066 765 27
1066 765 27
1067 764 32
1068 763 37
1069 763 34
1069 762 39
1070 762 35
1070 762 35
1070 761 38
1071 761 35
1072 760 33
1072 759 35
1072 759 35
1073 758 32
1073 757 33
1073 757 33
1074 756 28
1074 756 28
1074 755 30
1075 755 26
1075 754 30
1076 754 27
1076 754 27
1077 754 24
1077 753 27
1078 753 24
1079 753 23
1079 753 23
1080 753 23
1080 753 23
1081 752 25
1082 752 26
1082 752 26
1083 752 25
1084 751 25
1084 750 27
1084 750 27
1085 750 26
1085 749 28
1085 748 31
1086 746 32
1087 743 27
1087 740 27
1087 738 31
1087 736 38
1088 735 35
1088 735 35
1088 735 35
1088 734 38
1088 734 38
1088 733 42
1089 732 41
1089 732 41
1090 732 35
1091 731 37
1091 731 37
1091 731 37
1092 730 39
1092 730 39
1092 730 39
1093 730 35
1094 729 34
1095 728 33
1095 727 38
1096 727 30
1097 726 32
1097 726 32
1098 725 34
1098 725 34
1098 725 34
1099 725 31
1100 725 30
1100 725 30
1101 725 29
1101 725 29
1103 725 29
1104 725 28
1105 725 29
1107 725 34
1108 725 38
1110 725 47
1111 725 50
1111 725 50
1112 725 53
1113 725 56
1114 726 51
1114 726 51
1115 726 53
1116 726 54
1117 727 51
1118 727 53
1119 728 47
1119 728 47
1120 728 48
1121 728 49
1122 728 49
1123 729 43
1124 729 43
1125 729 44
1125 729 44
1126 729 45
1127 730 38
1128 730 39
1129 730 42
1130 730 45
1130 731 37
1131 731 41
1132 731 44
1133 732 42
1134 732 47
1135 732 50
1135 733 46
1136 733 48
1137 734 46
1137 734 46
1138 734 49
1139 735 45
1140 735 47
1141 736 40
1142 737 32
1143 737 35
1144 737 41
1145 738 36
1147 739 38
1147 739 38
1148 739 41
1149 740 35
1150 740 37
1152 740 41
1152 741 30
1153 741 31
1154 741 34
1154 742 26
1155 742 29
1155 742 29
1156 742 32
1157 742 35
1157 742 35
1158 743 27
1158 743 27
1159 743 27
1160 743 27
1161 743 27
1162 743 27
1162 744 19
1163 744 18
1164 744 18
1165 744 17
1165 744 17
1166 744 17
1167 744 17
1167 744 17
1168 744 17
1168 744 17
1169 744 16
1169 744 16
1170 744 14
1170 744 14
1170 743 22
1170 743 22
1171 743 19
1171 743 19
1171 742 28
1172 742 25
1172 742 25
1173 742 22
1173 741 31
1174 741 28
1175 741 25
1176 740 34
1176 740 34
1177 740 31
1177 740 31
1178 740 27
1178 740 27
1178 740 27
1179 740 24
1179 739 33
1180 739 31
1180 739 31
1181 739 29
1182 739 27
1182 738 37
1183 738 35
1183 738 35
1184 738 32
1184 738 32
1184 738 32
1185 738 30
1185 737 38
1186 737 35
1186 737 35
1186 737 35
1186 737 35
1187 737 31
1187 736 41
1188 736 37
1188 736 37
1188 736 37
1188 736 37
1189 735 42
1189 735 42
1189 735 42
1190 734 45
1190 734 45
1190 734 45
1191 734 39
1191 733 48
1192 733 42
1192 733 42
1193 733 38
1193 733 38
1193 732 45
1194 732 39
1194 732 39
1195 732 33
1195 732 33
1196 731 36
1196 731 36
1197 731 31
1197 731 31
1197 731 31
1198 731 28
1200 731 27
1201 731 29
1202 731 31
1203 731 33
1204 731 35
1204 731 35
1204 731 35
1205 731 35
1205 731 35
1205 731 35
1206 731 35
1206 731 35
1208 731 32
1209 731 32
1212 732 30
1212 732 30
1213 732 34
1215 733 36
1216 733 37
1217 733 38
1217 734 33
1218 734 34
1218 734 34
1218 734 34
1219 734 35
1219 735 31
1219 735 31
1219 736 29
1220 736 33
1220 737 30
1220 738 28
1221 739 29
1221 739 29
1221 740 26
1221 740 26
1222 740 28
1222 741 24
1222 741 24
1222 741 24
1222 742 20
1223 742 22
1223 742 22
1224 743 21
1224 743 21
1225 744 20
1225 745 16
1226 745 23
1226 746 20
1227 746 27
1227 746 27
1228 747 30
1228 747 30
1228 748 26
1229 748 30
1229 748 30
1229 749 25
1229 749 25
1230 750 26
1231 751 27
1231 752 25
1232 752 30
1232 753 28
1233 753 32
1233 754 30
1233 755 26
1234 755 30
1234 756 25
1234 756 25
1235 757 24
1235 758 20
1236 759 17
1236 760 14
1237 760 16
1237 761 14
1237 762 12
1237 762 12
1238 763 14
1238 763 14
1239 764 16
1239 765 15
1239 765 15
1240 766 20
1240 766 20
1240 767 19
1240 767 19
1240 767 19
1240 768 18
1241 769 24
1241 769 24
1242 770 27
1242 771 26
1242 772 25
1242 772 25
1243 772 27
1243 773 26
1243 773 26
1243 773 26
1244 774 25
1244 774 25
1245 775 22
1245 775 22
1246 776 17
1246 776 17
1247 776 17
1247 776 17
1247 777 13
1248 777 15
1248 777 15
1249 778 12
1249 778 12
1250 779 9
1251 780 9
1251 781 6
1252 781 11
1252 782 8
1252 782 8
1252 782 8
1253 783 9
1253 783 9
1253 784 6
1254 785 9
1254 786 6
1255 786 9
1255 787 6
1255 787 6
1256 788 7
1256 788 7
1257 789 9
1257 789 9
1257 789 9
1258 790 10
1258 791 9
1259 791 12
1259 792 10
1260 792 13
1260 793 10
1260 793 10
1261 794 8
1262 795 7
1263 795 8
1263 796 4
1263 796 4
1263 796 4
1264 796 8
1264 797 5
1265 797 7
1265 797 7
1266 798 8
1266 798 8
1267 798 14
1268 798 18
1268 799 12
1269 799 14
1270 799 18
1270 800 12
1271 800 13
1272 800 16
1273 800 19
1273 801 11
1274 801 15
1276 802 14
1277 803 11
1277 803 11
1278 803 16
1279 804 14
1279 804 14
1279 804 14
1280 804 17
1281 805 14
1281 805 14
1282 805 16
1282 805 16
1282 805 16
1283 805 16
1284 806 10
1284 806 10
1285 806 11
1285 806 11
1286 806 14
1286 806 14
1287 807 10
1287 807 10
1288 807 16
1288 808 12
1288 808 12
1288 808 12
1289 808 16
1289 809 12
1289 809 12
1289 810 8
1290 810 15
1290 811 11
1291 812 13
1291 812 13
1291 812 13
1292 813 13
1292 814 9
1292 815 6
1293 815 11
1293 816 9
1293 817 7
1293 817 7
1293 817 7
1293 818 7
1293 818 7
1293 819 9
1293 819 9
1293 820 12
1293 820 12
1293 821 14
1293 821 14
1293 821 14
1293 822 18
1293 822 18
1293 823 21
1293 823 21
1293 824 24
1293 824 24
1293 825 27
1293 825 27
1292 826 25
1292 826 25
1292 827 26
1292 828 28
1291 828 23
1291 828 23
1291 829 26
1290 829 22
1290 830 26
1290 830 26
1289 830 23
1289 831 28
1289 831 28
1288 832 30
1287 832 26
1287 832 26
1287 832 26
1287 833 30
1286 833 27
1286 833 27
1285 833 24
1285 833 24
1284 833 22
1284 833 22
1283 833 20
1283 833 20
1283 834 25
1282 834 23
1282 834 23
1282 834 23
Stop
New Layer
Start
1193 274 20
1193 274 20
1192 274 19
1192 273 23
1191 273 24
1191 273 24
1190 273 24
1190 273 24
1190 273 24
1189 273 26
1188 273 30
1188 273 30
1187 274 31
1187 274 31
1187 274 31
1187 276 31
1187 276 31
1187 277 31
1187 278 32
1188 278 27
1188 279 27
1189 279 22
1190 280 22
1191 280 21
1191 280 21
1192 281 24
1194 281 26
1195 281 27
1195 281 27
1196 281 29
1196 281 29
1196 281 29
1197 281 30
1197 280 28
1197 280 28
1197 280 28
1197 279 26
1197 279 26
1197 278 26
1197 278 26
1197 278 26
1197 277 26
1196 277 25
1196 276 26
1196 276 26
1196 276 26
1195 275 25
1195 275 25
1194 275 22
1194 275 22
1194 275 22
1194 275 22
Stop
Start
1269 627 34
1268 627 33
1268 627 33
1268 627 33
1267 627 33
1267 627 33
1266 627 33
1266 628 29
1266 628 29
1265 628 31
1264 628 34
1263 628 37
1262 629 35
1262 629 35
1262 630 32
1261 630 34
1261 630 34
1261 630 34
1260 630 36
1260 630 36
1260 631 34
1260 631 34
1260 631 34
1260 632 32
1261 632 30
1262 632 29
1262 632 29
1263 632 28
1264 632 29
1264 632 29
1266 632 32
1266 631 28
1266 631 28
1267 630 27
1267 630 27
1267 630 27
1268 629 30
1268 628 30
1268 628 30
1268 628 30
1268 627 33
1269 627 34
1269 627 34
1269 627 34
1269 627 34
Stop
Start
1168 649 22
1168 650 23
1168 650 23
1167 650 21
1167 650 21
1167 651 21
1167 651 21
1166 651 19
1166 651 19
1165 652 21
1165 652 21
1164 652 21
1164 652 21
1163 652 22
1163 652 22
1163 652 22
1162 652 21
1160 652 21
1159 652 19
1158 652 18
1157 652 18
1156 652 18
1155 652 20
1154 652 22
1154 652 22
1153 652 23
1152 652 24
1150 652 24
1149 652 24
1149 652 24
1148 652 25
1147 652 25
1146 652 26
1145 652 28
1144 652 29
1142 652 30
1141 652 31
1140 652 32
1139 652 33
1137 652 35
1136 652 36
1136 652 36
1135 652 37
1133 652 39
1132 652 40
1132 652 40
1131 652 42
1130 652 43
1129 652 46
1128 652 48
1128 652 48
1128 652 48
1127 652 51
1126 652 54
1126 652 54
1126 652 54
1126 652 54
1125 652 57
1125 651 52
1125 651 52
1124 650 49
1124 650 49
1124 650 49
1124 649 44
1124 649 44
1124 648 41
1124 648 41
1124 647 37
1124 647 37
1124 646 39
1124 646 39
1125 645 37
1125 644 40
1126 644 36
1126 644 36
1126 643 41
1126 643 41
1127 643 37
1128 642 39
1128 642 39
1128 642 39
1128 642 39
1129 643 32
1130 643 30
1132 643 33
1132 644 26
1133 644 27
1134 644 28
1135 644 29
1136 644 28
1137 644 27
1138 644 26
1138 644 26
1139 644 25
1140 644 25
1141 644 25
1142 644 26
1142 644 26
1144 643 32
1146 643 31
1148 643 30
1150 643 32
1151 643 34
1151 643 34
1152 644 32
1154 644 35
1154 644 35
1155 644 36
1155 644 36
1156 645 31
1157 645 32
1158 645 34
1159 645 35
1160 645 39
1161 645 39
1162 646 34
1162 646 34
1163 646 34
1164 646 33
1164 646 33
1164 646 33
1165 646 31
1165 647 26
1166 647 26
1166 647 26
1167 647 27
1167 647 27
Stop
Start
1316 588 32
Stop
Start
1307 590 17
1307 591 16
1306 592 17
1306 593 16
1305 594 18
1305 594 18
1304 595 20
1304 596 18
1304 596 18
1304 596 18
1303 597 18
1303 598 17
1302 598 21
1302 599 19
1301 600 21
1301 601 19
1301 601 19
1300 602 20
1300 603 18
1299 604 18
1299 604 18
1298 604 21
1298 604 21
1297 605 21
1296 606 21
1295 606 24
1294 606 27
1294 606 27
1292 607 30
1291 607 31
1290 608 28
1289 608 30
1289 608 30
1288 608 33
1287 609 33
1286 610 34
1286 610 34
1286 610 34
1285 611 35
1284 612 36
1284 613 32
1284 613 32
1284 614 30
1284 614 30
1284 615 29
1284 616 28
1284 616 28
1284 617 30
1284 617 30
1284 617 30
1285 618 29
1285 618 29
1286 618 26
1287 618 24
1288 618 22
1288 618 22
1289 618 22
1290 618 21
1290 618 21
1291 618 21
1292 617 16
1292 617 16
1293 617 17
1294 617 19
1296 616 19
1297 616 19
1298 616 19
1298 616 19
1300 616 16
1301 616 14
1302 616 14
1303 616 15
1304 616 16
1306 615 19
1306 615 19
1307 615 23
1308 615 27
1308 614 22
1309 614 26
1310 613 24
1311 613 25
1312 612 21
1312 612 21
1313 612 23
1315 611 21
1315 610 15
1316 610 17
1316 610 17
1317 609 14
1318 609 19
1318 608 12
1320 608 23
1320 607 17
1321 607 20
1321 607 20
1322 606 19
1322 606 19
1323 605 16
1323 605 16
1323 604 11
1324 603 11
1324 603 11
1324 602 11
1324 602 11
1324 601 12
1325 600 18
1325 599 20
1325 598 23
1325 598 23
1325 597 25
1325 597 25
1325 596 27
1325 595 29
1324 594 27
1324 594 27
1324 594 27
1323 593 26
1323 593 26
1322 592 25
1321 592 24
1320 592 23
1320 592 23
1319 592 23
1319 591 26
1318 591 26
1318 590 29
1317 590 29
1317 590 29
Stop
Start
1317 591 27
1317 591 27
1316 590 28
1316 590 28
1316 590 28
1316 589 30
1315 589 28
1315 589 28
1315 589 28
1315 588 30
1315 588 30
1314 588 27
1314 588 27
1314 587 28
1314 587 28
1314 586 29
1314 586 29
1314 586 29
1314 585 30
1314 585 30
1314 584 31
1314 584 31
1314 583 32
1314 583 32
1314 582 34
1314 582 34
1314 581 36
1314 581 36
1314 580 38
1314 580 38
1314 580 38
1313 579 35
1313 579 35
1312 578 37
1312 578 37
1311 578 37
1311 578 37
1311 578 37
1310 578 39
1310 579 35
1309 579 39
1309 580 36
1309 580 36
1308 581 40
1308 582 38
1308 582 38
1308 582 38
1308 583 35
1308 583 35
1308 583 35
1308 584 33
1308 584 33
1308 584 33
1307 585 34
1307 585 34
1307 585 34
1307 586 30
1307 586 30
1307 586 30
1307 587 26
1306 587 29
1306 587 29
1306 588 26
1306 588 26
1306 588 26
1306 589 22
1306 589 22
1306 589 22
1306 590 20
1306 590 20
Stop
Start
1258 710 27
1258 710 27
1258 710 27
1258 710 27
1257 710 24
1256 710 22
1255 709 24
1254 709 22
1252 709 18
1252 709 18
1252 709 18
1251 708 21
1250 708 20
1249 708 19
1249 708 19
1248 708 18
1248 708 18
1248 708 18
1248 708 18
1247 707 24
1247 707 24
1246 707 25
1245 707 27
1244 707 29
1244 707 29
1243 707 31
1242 707 34
1241 707 36
1240 707 38
1239 708 36
1239 708 36
1238 708 38
1238 708 38
1237 708 40
1237 708 40
1237 708 40
1236 709 38
1236 709 38
1235 709 40
1234 709 43
1234 710 37
1234 710 37
1233 710 41
1233 711 36
1233 712 32
1233 712 32
1233 712 32
1233 713 28
1233 713 28
1233 714 26
1233 714 26
1233 715 25
1233 716 25
1234 716 19
1234 716 19
1234 716 19
1234 717 19
1234 717 19
1234 718 20
1235 718 16
1235 719 16
1235 719 16
1236 720 13
1236 720 13
1236 720 13
1236 721 15
1236 721 15
1236 721 15
1236 721 15
1236 722 17
1236 722 17
1237 722 13
1237 722 13
1237 723 15
1237 723 15
1237 724 19
1238 724 16
1238 725 19
1239 726 19
1239 726 19
1240 727 20
1240 727 20
1241 728 23
1241 729 26
1242 729 25
1242 729 25
1242 730 29
1243 730 29
1244 730 29
1244 730 29
1245 730 27
1247 730 25
1249 730 24
1250 730 25
1250 730 25
1250 730 25
1251 730 27
1252 729 24
1252 728 18
1253 728 23
1253 727 19
1253 726 17
1253 726 17
1254 725 19
1254 724 18
1254 723 16
1254 723 16
1254 722 14
1255 722 17
1255 721 16
1256 720 18
1256 720 18
1257 720 22
1257 719 20
1258 718 23
1258 718 23
1258 717 21
1259 717 25
1259 716 24
1259 716 24
1259 715 24
1259 715 24
1259 714 24
1259 714 24
1259 714 24
1259 714 24
1259 713 25
1259 713 25
1259 713 25
1259 712 26
1259 712 26
1259 712 26
1259 712 26
1259 711 26
1258 711 24
1258 711 24
Stop
Start
1063 693 35
1063 693 35
1062 693 37
1062 693 37
1061 693 40
1060 694 40
1060 694 40
1059 695 42
1059 696 41
1059 696 41
1059 696 41
1059 698 40
1059 698 40
1059 699 41
1059 700 42
1059 700 42
1060 701 39
1060 702 43
1061 703 42
1062 703 37
1062 703 37
1064 704 31
1064 704 31
1064 704 31
1064 704 31
1065 704 28
1066 705 27
1066 705 27
1067 706 28
1067 706 28
1068 706 26
1068 706 26
1069 707 27
1070 707 23
1070 708 27
1070 708 27
1071 709 28
1071 709 28
1071 709 28
1072 710 29
1072 710 29
1072 710 29
1072 711 33
1072 711 33
1073 712 34
1073 712 34
1073 712 34
1074 713 33
1074 713 33
1074 713 33
1074 714 38
1074 714 38
1074 714 38
1074 715 43
1075 715 38
1075 715 38
1075 716 42
1075 716 42
1075 716 42
1075 717 46
1075 717 46
1076 717 40
1076 718 42
1076 718 42
1076 718 42
1076 719 42
1076 719 42
1076 720 43
1077 720 36
1077 721 36
1077 721 36
1077 721 36
1077 722 37
1077 722 37
1077 722 37
1078 723 33
1078 723 33
1078 724 35
1078 724 35
1078 725 38
1079 725 36
1079 725 36
1079 726 41
1079 726 41
1080 726 39
1080 726 39
1080 726 39
1081 726 40
1081 725 35
1081 724 32
1082 724 33
1082 724 33
1082 723 30
1082 723 30
1082 722 28
1082 722 28
1082 721 26
1082 720 24
1083 720 26
1083 720 26
1083 719 24
1083 719 24
1083 718 23
1083 718 23
1084 717 25
1084 717 25
1084 716 23
1084 715 20
1084 715 20
1085 715 24
1085 714 22
1085 714 22
1085 713 20
1085 713 20
1085 712 20
1085 712 20
1085 711 20
1085 710 21
1085 710 21
1085 709 22
1085 709 22
1085 708 24
1085 707 27
1085 707 27
1085 706 30
1085 706 30
1085 705 35
1085 705 35
1085 705 35
1084 704 35
1084 704 35
1084 704 35
1084 703 40
1083 703 34
1083 703 34
1082 703 30
1082 703 30
1081 703 26
1081 703 26
1081 702 32
1080 702 29
1079 702 29
1079 702 29
1078 702 28
1078 702 28
1078 702 28
1077 702 28
1076 701 34
1076 701 34
1075 701 33
1075 701 33
1074 701 32
1074 701 32
1074 701 32
1074 700 37
1073 700 37
1073 700 37
1072 700 36
1072 699 42
1072 699 42
1071 699 39
1070 698 40
1070 698 40
1070 698 40
1070 697 45
1069 697 40
1069 697 40
1069 697 40
1068 696 39
1068 696 39
1068 696 39
1068 696 39
1067 696 33
1067 695 37
1067 695 37
1067 695 37
1066 695 33
1066 694 37
1066 694 37
1066 694 37
1066 694 37
1066 694 37
1065 694 34
1065 693 38
1065 693 38
1064 693 37
1064 693 37
1063 693 35
1063 693 35
Stop
Start
1191 733 48
Stop
Start
1183 736 53
Stop
Start
1180 738 41
Stop
Start
1165 738 55
Stop
Start
1113 728 34
Stop
Start
1140 735 47
Stop
Start
1128 730 39
Stop
Start
1190 735 37
Stop
Start
1196 731 36
Stop
Start
1235 751 49
Stop
Start
1240 760 32
Stop
Start
1248 771 40
Stop
Start
1261 788 28
Stop
Start
1266 790 47
Stop
Start
1271 793 58
Stop
Start
1291 810 23
Stop
Start
1288 805 29
Stop
Start
1246 768 40
Stop
Start
1245 765 44
Stop
Start
1243 763 42
Stop
Start
1253 778 32
Stop
Start
1276 826 2
Stop
Start
1278 831 7
Stop
Start
1276 798 47
Stop
Start
1051 778 27
Stop
Start
1053 776 18
Stop
Start
1073 753 41
Stop
Start
1075 751 42
Stop
Start
1086 740 36
Stop
Start
1105 728 7
Stop
Start
1101 728 11
Stop
Start
1093 731 30
Stop
Start
1090 735 22
Stop
Start
1066 760 46
Stop
Start
1065 763 40
Stop
Start
1061 765 41
Stop
Start
1043 785 42
Stop
Start
1050 830 47
Stop
Start
1036 826 47
Stop
Start
1030 823 41
Stop
Start
1026 823 46
Stop
Start
1023 820 45
Stop
Start
1021 815 44
Stop
Start
1021 800 29
Stop
Start
1020 805 37
Stop
Start
1053 831 54
Stop
Start
1073 831 46
Stop
Start
1141 836 36
Stop
Start
1191 840 18
Stop
Start
1263 836 17
Stop
Start
1255 836 20
Stop
Start
1213 840 36
Stop
Start
1065 831 46
Stop
Start
1121 831 7
Stop
Start
1135 835 38
Stop
Start
1145 836 32
Stop
Start
1161 840 42
Stop
Start
1206 840 35
Stop
Start
1218 840 35
Stop
Start
1226 840 41
Stop
Start
1248 838 32
Stop
Start
1270 835 21
Stop
Start
1228 745 35
Stop
Start
1225 741 33
Stop
Start
1216 735 27
Stop
Start
1203 730 38
Stop
Start
1102 726 21
1101 726 22
1101 726 22
1100 726 23
1100 726 23
1100 726 23
1099 726 25
1099 727 19
1098 727 23
1098 728 17
1097 728 22
1097 729 19
1096 729 23
1096 729 23
1096 730 20
1096 730 20
1095 730 25
1095 730 25
1094 731 25
1094 731 25
1094 731 25
1093 732 25
1092 732 28
1092 732 28
1091 733 26
1091 733 26
1090 733 31
1090 734 26
1089 734 32
1089 734 32
1089 734 32
1089 735 28
1088 735 35
1088 735 35
1088 736 30
1088 736 30
1088 736 30
1088 737 27
1088 737 27
1088 738 24
1088 738 24
1088 739 22
1088 739 22
1088 740 20
1088 740 20
1088 740 20
1088 741 19
1088 741 19
1088 742 20
1088 742 20
1089 743 15
1089 743 15
1089 744 17
1089 744 17
1089 744 17
1089 745 18
1089 746 18
1089 746 18
1089 747 16
1089 748 15
1089 748 15
1089 749 13
1088 750 16
1088 750 16
1088 751 14
1087 752 17
1086 752 19
1086 753 19
1086 753 19
1085 754 20
1085 754 20
1084 754 21
1084 754 21
1083 754 22
1083 754 22
1082 754 21
1082 754 21
1081 754 21
1081 754 21
1081 754 21
1080 754 20
1080 754 20
1079 754 21
1079 754 21
1078 754 22
1078 755 19
1078 755 19
1077 755 21
1077 756 18
1077 756 18
1076 756 21
1076 756 21
1076 757 19
1075 757 22
1075 758 21
1074 759 24
1074 760 23
1074 760 23
1074 761 21
1073 762 23
1073 763 20
1072 763 24
1072 764 18
1072 764 18
1072 764 18
1071 765 16
1070 765 19
1070 765 19
1069 766 16
1068 766 18
1067 766 19
1067 766 19
1066 766 21
1066 766 21
1065 766 23
1064 767 19
1063 767 21
1062 767 23
1061 767 27
1060 767 31
1060 768 24
1059 768 28
1058 768 32
1058 768 32
1057 769 31
1056 770 28
1056 770 28
1055 771 28
1055 771 28
1055 771 28
1054 772 26
1054 772 26
1054 772 26
1054 773 21
1053 773 28
1053 774 24
1053 774 24
1053 775 20
1053 776 18
1053 776 18
1053 777 16
1053 778 15
1053 778 15
1053 779 14
1052 779 19
1052 780 18
1052 781 16
1051 782 18
1050 782 21
1050 783 18
1050 783 18
1049 784 19
1049 784 19
1048 784 22
1048 784 22
1048 784 22
1048 785 18
1047 785 22
1046 785 26
1046 786 20
1045 786 25
1045 786 25
1044 787 24
1043 787 29
1043 788 22
1042 788 26
1042 788 26
1041 788 29
1041 788 29
1040 789 24
1039 789 26
1038 789 27
1038 789 27
1037 790 20
1036 790 21
1035 790 23
1034 790 27
1034 790 27
1033 790 32
1032 791 29
1032 791 29
1031 792 27
1030 792 31
1030 793 24
1029 793 30
1029 793 30
1028 794 29
1026 795 29
1025 795 31
1025 796 25
1024 796 28
1023 797 28
1023 797 28
1023 797 28
1022 797 32
1022 797 32
1022 798 29
1022 798 29
1022 798 29
1022 798 29
1022 799 25
1022 799 25
1022 800 24
1022 800 24
1022 801 23
1022 802 23
1022 802 23
1022 803 24
1022 803 24
1022 804 25
1022 804 25
1022 804 25
1022 804 25
1022 805 26
1022 805 26
1023 805 21
1023 806 22
1023 806 22
1024 807 20
1024 808 21
1025 808 18
1025 809 22
1025 809 22
1026 810 22
1026 811 25
1027 811 23
1028 812 23
1028 813 26
1029 814 25
1029 814 25
1029 814 25
1030 815 26
1030 816 29
1031 816 27
1031 816 27
1032 817 27
1032 817 27
1032 818 30
1033 818 28
1033 818 28
1034 818 23
1034 819 26
1035 820 24
1035 820 24
1036 820 21
1036 821 24
1037 821 21
1037 821 21
1037 821 21
1037 822 26
1037 822 26
1038 822 22
1039 823 24
1040 823 21
1040 824 28
1041 824 26
1041 824 26
1042 824 22
1042 824 22
1042 824 22
1043 825 25
1043 825 25
1044 825 22
1044 825 22
1045 825 20
1045 826 30
1046 826 27
1046 826 27
1047 826 24
1048 827 29
1049 827 27
1049 827 27
1050 827 24
1050 828 32
1051 828 30
1051 828 30
1052 828 28
1052 828 28
1054 828 28
1054 828 28
1054 828 28
1055 828 29
1055 828 29
1056 828 30
1057 828 32
1057 828 32
1058 828 33
1058 828 33
1059 828 34
1059 828 34
1059 828 34
1060 828 34
1060 828 34
1061 827 26
1063 827 19
1064 827 15
1064 827 15
1065 827 11
1066 827 8
1066 827 8
1066 827 8
1067 827 6
1067 827 6
1068 828 15
1068 828 15
1068 828 15
1069 828 16
1070 828 17
1070 828 17
1071 829 28
1071 829 28
1072 829 29
1073 829 29
1074 829 28
1074 829 28
1075 829 26
1076 829 24
1077 829 23
1078 829 22
1079 829 22
1080 829 23
1081 829 25
1082 829 27
1082 829 27
1083 829 28
1084 829 29
1085 829 29
1086 830 37
1087 830 36
1089 830 30
1091 831 36
1091 831 36
1093 831 32
1094 831 31
1095 831 29
1096 831 28
1096 831 28
1097 831 27
1098 831 25
1100 831 21
1101 831 19
1102 831 18
1102 831 18
1104 831 19
1104 831 19
1106 831 22
1106 831 22
1106 831 22
1107 831 22
1108 831 21
1109 831 19
1110 831 16
1110 831 16
1112 831 11
1113 830 5
1115 830 4
1116 830 3
1117 830 3
1118 830 3
1119 830 3
1120 830 3
1121 830 3
1121 830 3
1122 830 2
1122 830 2
1123 830 2
1123 830 2
1124 830 2
1124 830 2
1125 830 3
1125 830 3
1126 830 4
1126 830 4
1127 830 4
1127 830 4
1127 830 4
1128 830 6
1128 830 6
1129 830 7
1129 830 7
1129 831 12
1130 831 14
1130 831 14
1132 832 21
1132 832 21
1133 832 20
1134 832 18
1134 832 18
1135 833 23
1135 833 23
1135 833 23
1136 833 20
1136 833 20
1136 833 20
1138 834 23
1138 834 23
1139 834 21
1140 834 19
1140 834 19
1141 834 18
1143 835 24
1143 835 24
1144 836 32
1145 836 32
1146 836 32
1146 836 32
1147 836 32
1147 836 32
1148 836 31
1149 836 30
1150 836 29
1150 836 29
1151 836 27
1152 836 24
1152 836 24
1154 836 18
1155 836 14
1156 836 11
1157 836 9
1158 836 8
1159 836 8
1160 836 9
1161 837 15
1161 837 15
1162 837 16
1163 837 17
1163 837 17
1164 837 15
1164 837 15
1165 837 12
1166 837 10
1166 837 10
1166 837 10
1167 837 7
1167 837 7
1168 838 7
1168 838 7
1169 838 6
1170 838 4
1171 839 5
1171 839 5
1172 839 6
1172 839 6
1173 840 15
1174 840 16
1174 840 16
1175 840 17
1176 840 17
1177 841 26
1178 841 24
1178 841 24
1179 841 23
1180 841 21
1181 841 21
1183 841 21
1183 841 21
1184 841 21
1185 841 23
1186 841 24
1186 841 24
1187 841 25
1188 841 26
1189 841 28
1190 841 29
1191 841 29
1192 841 27
1193 841 27
1193 841 27
1194 841 27
1194 841 27
1196 840 20
1196 840 20
1197 840 21
1197 840 21
1198 840 23
1199 840 25
1200 840 25
1200 839 17
1201 839 18
1202 839 19
1203 839 21
1203 839 21
1204 839 23
1205 839 25
1206 838 20
1206 838 20
1207 838 21
1208 838 22
1208 837 14
1209 837 14
1210 837 13
1210 837 13
1211 837 13
1212 836 7
1212 836 7
1212 836 7
1213 836 6
1213 836 6
1214 836 6
1215 836 6
1216 836 6
1216 836 6
1216 836 6
1217 836 7
1218 836 8
1218 836 8
1219 836 9
1219 836 9
1220 836 9
1220 836 9
1221 836 8
1222 836 7
1222 836 7
1223 835 2
1223 835 2
1224 835 3
1225 835 4
1226 835 7
1226 834 3
1227 834 5
1228 834 6
1229 834 9
1230 834 11
1231 834 10
1232 834 10
1232 834 10
1233 834 9
1234 834 8
1235 834 7
1236 834 6
1236 834 6
1238 835 10
1239 836 17
1240 836 16
1240 836 16
1241 837 23
1242 837 22
1243 837 22
1244 838 31
1244 838 31
1245 838 31
1246 838 31
1246 838 31
1247 838 31
1248 838 32
1248 838 32
1248 838 32
1249 838 32
1250 838 33
1250 838 33
1251 837 26
1252 837 27
1253 836 21
1254 836 21
1254 836 21
1255 836 20
1256 836 20
1256 836 20
1257 836 19
1258 835 11
1258 835 11
1259 835 11
1260 835 10
1261 835 10
1262 835 10
1263 834 5
1264 834 7
1264 834 7
1264 834 7
1265 834 9
1266 834 10
1267 834 12
1268 833 7
1268 833 7
1269 833 8
1269 833 8
1270 833 9
1271 833 8
1272 833 8
1273 833 8
1273 833 8
1274 833 7
1274 833 7
1275 833 8
1275 834 11
1276 834 13
1276 834 13
1276 834 13
1277 834 16
1278 834 17
1279 834 18
1279 834 18
1280 834 19
1280 834 19
1280 833 15
1281 833 16
1281 833 16
1281 833 16
1282 833 18
1282 832 13
1283 832 14
1283 832 14
1284 832 16
1284 831 13
1285 831 16
1285 831 16
1286 830 15
1286 830 15
1286 830 15
1287 830 18
1287 830 18
1287 829 13
1288 829 16
1288 828 13
1288 828 13
1289 828 16
1289 828 16
1290 827 17
1290 827 17
1290 826 15
1290 826 15
1291 825 18
1291 824 15
1292 824 19
1292 823 16
1292 822 14
1292 822 14
1293 821 14
1293 820 12
1293 820 12
1293 820 12
1293 819 9
1294 818 14
1294 817 14
1294 817 14
1294 816 15
1294 816 15
1294 815 17
1293 814 14
1293 814 14
1293 813 19
1293 812 24
1292 812 18
1292 811 24
1292 811 24
1292 810 29
1291 810 23
1290 809 20
1290 809 20
1290 808 25
1289 808 16
1289 807 23
1288 807 16
1288 806 22
1288 806 22
1288 806 22
1287 806 16
1286 806 14
1285 805 17
1284 805 16
1284 805 16
1283 805 16
1283 804 23
1282 804 22
1281 804 20
1280 804 17
1279 803 20
1278 803 16
1278 803 16
1277 803 11
1277 802 18
1276 802 14
1276 802 14
1274 801 15
1273 801 11
1273 801 11
Stop
Start
1273 801 11
1272 801 9
1271 801 8
1270 800 12
1269 800 10
1269 800 10
1269 800 10
1269 800 10
1268 799 12
1268 799 12
1268 798 18
1268 798 18
1267 797 19
1267 796 23
1266 796 17
1266 795 20
1266 794 25
1265 794 19
1265 793 25
1264 793 21
1264 792 27
1264 791 32
1263 790 32
1263 790 32
1262 790 27
1262 789 31
1261 788 28
1260 787 26
1260 787 26
1260 786 30
1259 786 26
1259 786 26
1259 785 31
1258 785 27
1258 784 32
1258 784 32
1257 783 32
1256 782 32
1256 782 32
1255 782 25
1255 781 30
1254 781 23
1254 780 28
1254 780 28
1254 780 28
1253 780 20
1253 779 26
1253 779 26
1252 779 20
1252 779 20
1252 779 20
1252 778 26
1251 778 19
1251 778 19
1251 778 19
1250 778 14
1250 778 14
1249 778 12
1248 778 10
1248 777 15
1248 777 15
1247 777 13
1247 777 13
1246 777 13
1246 777 13
1246 777 13
1245 776 17
1245 776 17
1244 776 18
1244 776 18
1244 776 18
1244 775 22
1243 775 21
1243 775 21
1243 775 21
1242 774 21
1242 774 21
1242 774 21
1242 774 21
1242 773 24
1242 773 24
1242 773 24
1242 773 24
1242 772 25
1242 772 25
1242 772 25
1241 772 23
1241 771 23
1241 771 23
1241 771 23
1241 770 24
1241 770 24
1241 769 24
1241 768 23
1241 768 23
1241 767 24
1241 767 24
1241 766 25
1241 766 25
1241 766 25
1241 765 26
1241 765 26
1241 765 26
1241 764 28
1241 764 28
1241 764 28
1241 763 30
1241 763 30
1240 762 25
1240 762 25
1240 761 28
1240 761 28
1240 760 32
1240 760 32
1239 760 25
1239 760 25
1239 760 25
1239 759 29
1239 759 29
1238 758 28
1238 758 28
1238 758 28
1238 758 28
1238 757 33
1237 757 28
1237 757 28
1237 757 28
1237 757 28
1237 757 28
1236 756 31
1236 756 31
1236 756 31
1236 756 31
1236 756 31
1235 755 33
1235 755 33
1235 755 33
1234 754 34
1234 754 34
1234 754 34
1234 754 34
1233 753 32
1233 753 32
1232 752 30
1232 752 30
1232 752 30
1232 752 30
1231 751 27
1231 751 27
1231 751 27
1230 750 26
1230 750 26
1229 749 25
1229 749 25
1229 748 30
1228 747 30
1228 746 33
1227 745 29
1226 744 26
1226 744 26
1226 744 26
1225 743 24
1225 742 28
1224 742 25
1224 741 30
1223 741 27
1223 741 27
1222 740 28
1222 740 28
1222 740 28
1222 740 28
1221 740 26
1221 739 29
1221 739 29
1220 739 26
1220 738 28
1219 738 22
1218 738 18
1218 738 18
1218 737 22
1217 737 19
1217 737 19
1217 737 19
1217 737 19
1216 737 16
1216 736 21
1216 736 21
1216 736 21
1215 736 18
1214 736 15
1214 735 20
1214 735 20
1214 735 20
1213 735 16
1213 735 16
1213 735 16
1213 735 16
1212 734 18
1212 734 18
1212 734 18
1212 734 18
1211 734 15
1211 734 15
1211 734 15
1210 734 14
1210 734 14
1210 733 19
1209 733 19
1208 733 20
1208 732 25
1207 732 26
1207 732 26
1206 732 27
1206 732 27
1206 732 27
1206 732 27
1205 732 29
1205 732 29
1205 732 29
1204 732 28
1204 731 35
1204 731 35
1204 731 35
1203 731 33
1203 731 33
1203 731 33
1202 731 31
1202 731 31
1202 731 31
1201 731 29
1201 731 29
1201 731 29
1200 731 27
1200 731 27
1199 731 26
1198 731 28
1198 731 28
1197 731 31
1197 731 31
1196 731 36
1196 731 36
1195 732 33
1194 732 39
1194 732 39
1193 732 45
1193 732 45
1192 732 49
1192 732 49
1192 733 42
1192 733 42
1192 733 42
1191 733 48
1191 733 48
1191 733 48
1190 734 45
1190 734 45
1190 734 45
1189 734 50
1189 734 50
1188 734 53
1188 735 47
1188 735 47
1188 735 47
1187 735 51
1187 736 41
1186 736 44
1186 736 44
1186 736 44
1186 736 44
1185 736 48
1185 737 38
1184 737 41
1184 737 41
1184 738 32
1183 738 35
1182 738 37
1181 739 29
1181 739 29
1180 740 22
1180 740 22
1179 740 24
1179 740 24
1178 741 17
1177 741 20
1176 742 12
1176 742 12
1175 742 17
1175 742 17
1175 742 17
1174 742 19
1174 742 19
1173 743 14
1173 743 14
1172 743 16
1172 743 16
1171 743 19
1170 743 22
1170 743 22
1169 743 24
1168 743 24
1167 744 17
1167 744 17
1166 744 17
1166 744 17
1166 744 17
1164 744 18
1164 744 18
1163 744 18
1162 744 19
1162 744 19
1160 744 20
1160 745 14
1158 745 12
1158 745 12
1157 745 11
1157 745 11
1156 745 9
1156 745 9
1156 745 9
1156 745 9
1155 745 7
1155 745 7
1154 744 9
1153 744 7
1153 744 7
1152 744 6
1151 743 11
1151 743 11
1150 743 10
1150 743 10
1150 743 10
1150 742 17
1150 742 17
1149 742 15
1149 742 15
1148 742 13
1148 741 22
1147 741 20
1147 741 20
1146 741 17
1146 740 25
1145 740 21
1145 740 21
1144 740 17
1144 739 25
1143 739 20
1143 739 20
1142 739 16
1142 739 16
1141 738 22
1141 738 22
1140 738 21
1140 738 21
1140 738 21
1140 738 21
1139 737 28
1139 737 28
1138 737 27
1138 737 27
1137 737 24
1137 736 33
1136 736 29
1135 736 23
1135 736 23
1134 735 26
1133 735 20
1133 735 20
1132 735 15
1132 735 15
1132 734 22
1132 734 22
1132 734 22
1131 734 17
1131 734 17
1131 734 17
1130 734 13
1130 734 13
1130 734 13
1129 734 11
1129 734 11
1129 734 11
1128 733 17
1128 733 17
1127 733 16
1126 733 16
1126 733 16
1126 733 16
1125 733 16
1124 733 16
1123 732 23
1122 732 22
1121 732 21
1121 732 21
1120 732 19
1120 732 19
1119 732 16
1119 732 16
1118 732 15
1118 732 15
1118 731 21
1117 731 19
1117 731 19
1116 731 17
1116 731 17
1115 730 22
1114 730 21
1113 730 19
1112 730 17
1112 730 17
1112 730 17
1112 730 17
1112 729 24
1111 729 21
1111 729 21
1111 729 21
1110 729 17
1110 729 17
1109 729 12
1108 728 14
1108 728 14
1108 728 14
1108 728 14
1107 728 11
1107 728 11
1107 728 11
1107 728 11
1106 728 9
1106 727 15
1105 727 13
1105 727 13
1104 727 12
1104 726 20
1104 726 20
1103 726 20
1103 726 20
1103 726 20
1102 726 21
1102 726 21
1102 726 21
1102 726 21
Stop
Start
1118 728 45
Stop
Start
1206 730 42
Stop
New Layer
Start
1202 731 31
1201 731 29
1201 731 29
1200 731 27
1199 731 26
1199 731 26
1198 732 21
1197 732 24
1197 732 24
1196 732 28
1196 733 21
1195 733 26
1194 734 24
1194 734 24
1193 734 30
1192 735 25
1191 735 32
1190 736 28
1189 736 33
1189 736 33
1188 737 28
1186 737 35
1186 737 35
1185 737 38
1184 738 32
1184 738 32
1183 738 35
1182 738 37
1182 738 37
1181 739 29
1180 739 31
1179 740 24
1178 740 27
1176 740 34
1175 740 37
1174 741 28
1172 741 33
1172 742 25
1170 742 31
1169 742 33
1168 742 33
1167 742 33
1166 742 33
1166 743 25
1166 743 25
1165 743 25
1164 743 26
1163 743 26
1162 743 27
1162 743 27
1160 743 27
1160 743 27
1159 743 27
1158 743 27
1157 743 26
1156 743 24
1156 743 24
1155 743 21
1154 743 18
1153 743 15
1152 743 13
1151 743 11
1151 743 11
1150 742 17
1149 742 15
1148 742 13
1148 741 22
1147 741 20
1146 741 17
1146 740 25
1145 740 21
1145 739 28
1144 739 25
1143 738 28
1142 738 24
1141 738 22
1140 738 21
1140 737 29
1139 737 28
1138 736 36
1138 736 36
1137 736 33
1136 735 37
1136 735 37
1135 735 31
1135 734 38
1134 734 33
1133 734 27
1133 734 27
1132 733 30
1131 733 25
1130 732 29
1129 732 26
1128 732 24
1127 732 23
1126 732 23
1125 731 29
1124 731 29
1122 731 28
1122 731 28
1121 731 26
1121 731 26
1120 731 25
1120 730 31
1119 730 29
1119 730 29
1119 730 29
1119 730 29
1118 730 27
1118 730 27
1117 730 25
1116 730 23
1116 730 23
1115 729 30
1115 729 30
1114 729 29
1113 729 26
1112 728 31
1112 728 31
1111 728 28
1111 728 28
1110 728 24
1109 728 18
1109 727 26
1108 727 21
1107 727 18
1107 727 18
1106 727 15
1106 727 15
1105 726 20
1105 726 20
1104 726 20
1104 726 20
1103 726 20
1103 726 20
1102 726 21
1101 725 29
1101 725 29
1100 725 30
1100 725 30
1100 725 30
1098 725 34
1098 725 34
1098 725 34
1097 725 37
1097 726 32
1096 726 35
1096 726 35
1095 726 41
1095 727 38
1095 727 38
1094 727 42
1094 727 42
1094 728 38
1094 728 38
1094 728 38
1093 728 44
1093 729 40
1093 729 40
1092 729 44
1092 730 39
1092 730 39
1092 730 39
1092 730 39
1091 731 37
1091 731 37
1091 731 37
1090 732 35
1090 732 35
1090 733 31
1089 733 37
1089 734 32
1089 734 32
1088 734 38
1088 734 38
1088 735 35
1088 735 35
1088 736 30
1088 736 30
1088 736 30
1088 737 27
1088 737 27
1087 738 31
1087 738 31
1087 739 29
1087 739 29
1087 740 27
1087 740 27
1087 741 27
1087 741 27
1087 742 27
1087 742 27
1087 742 27
1087 743 27
1087 743 27
1087 743 27
1087 744 30
1087 744 30
1087 744 30
1087 745 29
1087 745 29
1087 746 28
1087 746 28
1087 747 26
1087 747 26
1087 748 24
1087 748 24
1087 748 24
1086 748 27
1086 749 25
1086 750 23
1086 750 23
1086 750 23
1085 751 24
1085 751 24
1084 751 25
1084 752 24
1083 752 25
1082 752 26
1082 752 26
1082 752 26
1081 753 24
1081 753 24
1081 753 24
1080 753 23
1080 753 23
1080 753 23
1079 753 23
1079 753 23
1079 753 23
1078 753 24
1078 754 22
1077 754 24
1077 754 24
1076 754 27
1076 754 27
1076 754 27
1076 754 27
1075 755 26
1075 755 26
1075 755 26
1074 756 28
1074 756 28
1074 757 27
1074 758 26
1073 758 32
1073 758 32
1073 759 30
1073 759 30
1073 760 29
1073 760 29
1073 761 26
1073 761 26
1072 762 27
1072 762 27
1072 763 24
1072 763 24
1072 763 24
1072 764 18
1072 764 18
1071 764 22
1071 764 22
1071 765 16
1071 765 16
1070 765 19
1070 766 13
1070 766 13
1069 766 16
1069 766 16
1068 766 18
1068 766 18
1066 767 16
1066 767 16
1066 767 16
1065 767 18
1064 767 19
1063 767 21
1061 768 19
1060 768 24
1060 768 24
1059 768 28
1058 768 32
1058 768 32
1058 768 32
1057 769 31
1057 769 31
1056 769 35
1056 770 28
1056 770 28
1056 770 28
1056 770 28
1055 770 34
1055 770 34
1055 771 28
1055 771 28
1054 771 32
1054 771 32
1054 772 26
1054 772 26
1054 772 26
1053 773 28
1053 773 28
1052 774 30
1052 775 27
1052 775 27
1051 776 32
1051 776 32
1051 777 29
1050 778 32
1050 778 32
1050 778 32
1050 779 29
1050 779 29
1049 780 32
1049 780 32
1049 780 32
1048 781 34
1048 782 30
1048 782 30
1048 783 27
1047 783 32
1047 784 28
1046 785 26
1046 785 26
1045 786 25
1045 786 25
1045 787 20
1044 787 24
1044 787 24
1044 788 18
1044 788 18
1043 788 22
1043 788 22
1042 788 26
1042 788 26
1041 789 22
1041 789 22
1040 789 24
1039 789 26
1039 789 26
1038 789 27
1038 789 27
1037 789 29
1036 789 30
1036 789 30
1035 790 23
1035 790 23
1034 790 27
1033 790 32
1033 791 25
1032 791 29
1031 792 27
1030 792 31
1030 793 24
1030 793 24
1029 794 24
1029 794 24
1029 794 24
1028 794 29
1028 794 29
1028 794 29
1027 795 27
1026 795 29
1026 795 29
1025 796 25
1024 796 28
1023 796 32
1023 796 32
1022 797 32
1021 797 37
1021 797 37
1020 798 37
1020 798 37
1020 798 37
1019 798 40
1019 799 38
1019 799 38
1019 799 38
1019 800 37
1019 800 37
1019 800 37
1019 800 37
1019 801 37
1019 802 37
1019 802 37
1019 803 39
1019 804 40
1019 804 40
1019 804 40
1020 805 37
1020 805 37
1020 805 37
1020 806 39
1020 806 39
1020 807 41
1021 807 36
1021 808 38
1021 808 38
1021 809 39
1022 809 32
1022 809 32
1022 810 34
1022 810 34
1023 811 33
1023 811 33
1024 811 30
1024 812 34
1025 812 32
1026 813 32
1026 813 32
1027 813 29
1027 814 32
1028 814 29
1028 814 29
1029 815 29
1029 815 29
1030 816 29
1030 816 29
1030 816 29
1030 816 29
1031 817 30
1031 817 30
1032 818 30
1032 818 30
1032 818 30
1033 819 29
1034 819 26
1034 819 26
1035 820 24
1035 820 24
1036 820 21
1037 821 21
1038 821 17
1038 822 22
1039 822 19
1039 822 19
1040 822 15
1040 823 21
1041 823 17
1042 824 22
1043 824 18
1044 824 15
1045 824 13
1045 825 20
1046 825 17
1046 825 17
1047 826 24
1048 826 21
1049 826 19
1049 826 19
1049 826 19
1050 826 16
1050 826 16
1050 827 24
1050 827 24
1051 827 21
1051 827 21
1051 827 21
1052 827 20
1052 828 28
1052 828 28
1053 828 28
1054 828 28
1054 828 28
1055 828 29
1055 828 29
1056 828 30
1057 828 32
1057 828 32
1058 828 33
1058 828 33
1058 828 33
1059 828 34
1059 828 34
1060 828 34
1060 828 34
1060 828 34
1061 828 34
1062 829 38
1062 829 38
1063 829 34
1064 829 32
1064 829 32
1065 829 29
1066 830 35
1066 830 35
1067 830 35
1068 830 35
1068 830 35
1068 830 35
1069 831 46
1069 831 46
1070 831 47
1070 831 47
1072 831 47
1072 831 47
1073 831 46
1074 831 45
1074 831 45
1074 831 45
1075 831 42
1076 831 40
1076 831 40
1077 831 38
1078 831 37
1078 831 37
1079 831 37
1080 830 29
1080 830 29
1081 830 31
1082 830 33
1083 830 35
1084 830 37
1085 830 37
1086 830 37
1087 830 36
1088 829 24
1088 829 24
1090 829 19
1090 829 19
1091 829 16
1092 829 14
1092 829 14
1093 829 13
1094 829 12
1094 829 12
1095 829 11
1095 829 11
1097 829 9
1098 830 16
1099 830 14
1099 830 14
1100 830 12
1100 830 12
1101 831 19
1101 831 19
1102 831 18
1102 831 18
1103 831 18
1104 831 19
1105 831 20
1105 832 30
1106 832 32
1107 832 32
1108 832 30
1109 832 28
1110 832 25
1111 832 22
1111 832 22
1112 832 19
1113 833 29
1114 833 29
1114 833 29
1115 833 29
1116 833 28
1116 833 28
1117 833 28
1118 833 28
1119 833 26
1120 833 24
1122 833 19
1122 833 19
1123 833 19
1124 833 20
1124 833 20
1124 833 20
1125 833 21
1126 833 22
1127 833 22
1128 833 23
1128 832 16
1129 832 18
1129 832 18
1131 832 21
1132 832 21
1132 832 21
1132 832 21
1132 832 21
1133 832 20
1134 832 18
1136 832 13
1136 832 13
1137 832 10
1138 832 7
1138 832 7
1139 832 6
1140 832 5
1141 833 10
1141 833 10
1143 834 15
1143 834 15
1143 834 15
1144 834 15
1144 834 15
1144 834 15
1145 834 15
1145 834 15
1146 834 15
1147 835 22
1147 835 22
1148 836 31
1149 836 30
1150 836 29
1151 836 27
1152 837 32
1154 837 26
1155 837 21
1156 837 18
1157 838 26
1158 838 24
1158 838 24
1158 838 24
1159 838 23
1159 838 23
1160 838 25
1160 838 25
1160 838 25
1161 838 24
1163 838 25
1165 838 18
1166 838 15
1166 838 15
1166 838 15
1167 838 11
1167 838 11
1168 838 7
1168 838 7
1168 838 7
1168 838 7
1168 838 7
1169 838 6
1170 839 6
1171 839 5
1172 840 14
1172 840 14
1173 840 15
1173 840 15
1174 840 16
1175 840 17
1176 840 17
1177 840 17
1179 840 14
1180 840 13
1182 840 13
1184 840 13
1185 840 14
1187 840 15
1188 840 17
1188 840 17
1190 840 19
1191 840 18
1192 840 19
1193 840 19
1195 840 20
1196 840 20
1198 840 23
1199 840 25
1201 840 26
1202 840 28
1203 840 30
1204 840 31
1205 840 33
1206 840 35
1207 840 36
1208 840 37
1209 839 30
1209 839 30
1210 839 30
1210 839 30
1211 838 21
1212 838 20
1213 838 19
1214 838 18
1215 838 18
1216 838 19
1217 838 20
1217 838 20
1218 838 21
1219 838 21
1219 838 21
1220 838 21
1221 838 20
1222 838 19
1223 838 18
1223 838 18
1224 838 19
1224 838 19
1225 838 20
1226 838 26
1226 838 26
1227 837 23
1228 837 28
1228 836 20
1229 836 24
1229 836 24
1230 836 26
1230 836 26
1230 836 26
1231 836 25
1232 836 25
1233 836 23
1234 836 20
1234 836 20
1234 836 20
1235 836 19
1235 836 19
1236 836 18
1236 836 18
1238 836 17
1239 835 9
1240 835 9
1241 835 9
1242 835 8
1245 835 8
1246 835 8
1246 835 8
1247 835 8
1248 835 9
1248 835 9
1249 835 10
1250 835 11
1250 835 11
1250 835 11
1252 835 13
1253 835 13
1254 835 13
1255 835 13
1256 835 12
1258 835 11
1259 835 11
1260 835 10
1261 835 10
1262 835 10
1264 835 12
1265 835 14
1266 835 16
1266 835 16
1267 835 18
1268 835 20
1269 835 21
1270 835 21
1271 835 21
1272 835 19
1274 835 16
1275 835 17
1276 835 19
1277 835 21
1277 835 21
1278 835 23
1278 834 17
1279 834 18
1280 834 19
1280 834 19
1281 834 21
1281 834 21
1282 834 23
1283 833 20
1284 833 22
1284 833 22
1284 833 22
1286 833 27
1286 832 23
1286 832 23
1287 832 26
1287 832 26
1288 831 25
1288 830 20
1288 830 20
1289 829 18
1289 828 16
1290 827 17
1290 827 17
1290 826 15
1290 825 13
1290 825 13
1291 824 15
1291 824 15
1291 822 10
1292 822 14
1292 822 14
1292 821 10
1292 821 10
1292 820 7
1293 820 12
1293 819 9
1293 818 7
1293 818 7
1293 817 7
1293 816 9
1293 815 11
1293 815 11
1293 814 14
1293 813 19
1293 812 24
1293 812 24
1293 811 29
1292 811 24
1292 810 29
1291 809 29
1291 809 29
1291 808 34
1290 808 25
1289 807 23
1289 807 23
1288 806 22
1288 806 22
1287 806 16
1286 805 21
1284 805 16
1284 804 22
1282 804 22
1282 803 29
1281 803 26
1280 803 24
1280 802 30
1280 802 30
1279 802 28
1279 802 28
1278 801 31
1278 801 31
1277 801 25
1276 800 31
1275 800 27
1275 800 27
1274 800 23
1273 799 28
1272 799 24
1272 798 32
1271 798 29
1270 798 26
1269 798 21
1269 797 29
1269 797 29
1268 796 29
1267 796 23
1267 795 27
1266 795 20
1266 794 25
1265 794 19
1264 793 21
1264 792 27
1263 792 23
1262 791 23
1262 791 23
1261 790 22
1260 789 21
1260 788 23
1258 787 18
1257 786 17
1257 785 23
1256 785 18
1256 784 22
1255 783 21
1254 782 18
1254 781 23
1254 780 28
1253 780 20
1252 779 20
1252 778 26
1251 778 19
1251 777 26
1250 777 21
1250 776 26
1250 776 26
1249 776 23
1248 775 24
1248 775 24
1248 775 24
1248 775 24
1247 775 23
1247 774 27
1247 774 27
1246 774 25
1246 774 25
1246 774 25
1245 774 25
1245 774 25
1244 773 28
1244 773 28
1243 773 26
1243 772 27
1242 772 25
1242 772 25
1242 772 25
1242 772 25
1242 772 25
1241 771 23
1241 771 23
1241 771 23
1241 770 24
1241 770 24
1241 769 24
1241 768 23
1240 767 19
1240 766 20
1240 766 20
1240 765 20
1240 764 22
1240 764 22
1240 764 22
1240 763 24
1240 762 25
1240 761 28
1239 760 25
1239 758 33
1239 757 38
1238 756 38
1238 755 44
1237 754 45
1236 754 41
1236 753 46
1235 753 42
1234 752 41
1234 752 41
1234 752 41
1232 751 32
1232 750 34
1231 750 29
1231 749 32
1231 749 32
1230 749 29
1230 748 34
1229 748 30
1229 747 35
1228 746 33
1228 746 33
1227 745 29
1227 745 29
1226 744 26
1225 743 24
1225 742 28
1224 742 25
1223 741 27
1223 741 27
1222 740 28
1220 740 23
1219 739 21
1217 738 15
1215 737 12
1213 736 12
1212 735 12
1210 734 14
1209 734 14
1208 733 20
1208 733 20
1207 732 26
1206 732 27
1206 732 27
1206 731 35
1205 731 35
1205 731 35
1204 731 35
1204 731 35
1203 730 38
1203 730 38
1203 730 38
1202 730 36
1202 730 36
1202 730 36
Stop
Start
1254 708 27
1253 708 25
1252 707 30
1252 707 30
1250 706 33
1249 706 32
1247 706 31
1246 706 32
1245 706 33
1244 706 35
1244 706 35
1243 706 37
1242 706 40
1240 707 38
1240 707 38
1239 708 36
1239 708 36
1238 708 38
1237 708 40
1236 709 38
1235 709 40
1234 709 43
1234 709 43
1234 710 37
1233 710 41
1233 710 41
1233 711 36
1232 712 36
1232 713 32
1232 715 30
1232 716 29
1233 717 25
1234 719 21
1234 719 21
1234 720 23
1235 721 21
1235 722 23
1236 722 17
1236 724 24
1237 725 22
1238 725 19
1238 726 22
1238 726 22
1238 727 25
1239 728 26
1239 728 26
1240 729 28
1240 730 32
1240 730 32
1240 730 32
1241 731 35
1241 731 35
1242 731 33
1242 732 38
1243 732 37
1243 732 37
1245 732 36
1245 732 36
1246 732 35
1246 732 35
1248 732 36
1249 731 30
1249 731 30
1250 731 31
1251 730 27
1251 730 27
1252 729 24
1252 729 24
1252 728 18
1252 728 18
1253 727 19
1253 726 17
1253 725 14
1253 724 13
1254 723 16
1254 723 16
1254 722 14
1255 722 17
1255 721 16
1255 720 15
1256 720 18
1257 719 20
1257 718 19
1258 718 23
1258 718 23
1258 717 21
1259 717 25
1259 716 24
1259 716 24
1260 715 26
1260 714 26
1260 714 26
1260 713 26
1260 713 26
1260 712 27
1260 712 27
1260 712 27
1260 711 27
1260 711 27
1259 710 29
1259 710 29
1259 710 29
1258 710 27
1258 710 27
1258 710 27
1257 709 28
1256 709 27
1256 709 27
1255 709 24
1255 709 24
1254 709 22
1254 709 22
1254 709 22
Stop
Start
1086 714 26
1086 714 26
1086 714 26
1085 715 24
1085 716 26
1085 716 26
1085 717 28
1084 717 25
1084 718 28
1084 719 29
1083 719 24
1083 720 26
1083 720 26
1083 721 29
1082 721 26
1082 722 28
1082 722 28
1082 722 28
1082 723 30
1082 723 30
1081 724 32
1081 724 32
1081 724 32
1081 724 32
1080 724 31
1080 724 31
1080 724 31
1079 723 31
1079 723 31
1079 723 31
1079 723 31
1078 722 32
1078 722 32
1078 722 32
1078 721 31
1078 721 31
1078 721 31
1077 720 36
1077 720 36
1077 719 35
1077 718 34
1077 718 34
1077 717 32
1077 716 30
1077 716 30
1077 716 30
1077 716 30
1077 715 27
1076 715 33
1076 714 29
1076 713 24
1076 713 24
1076 712 20
1075 712 24
1075 711 21
1075 711 21
1074 710 21
1074 710 21
1074 710 21
1074 710 21
1073 709 22
1073 709 22
1072 709 24
1072 708 21
1071 708 25
1071 708 25
1070 708 27
1069 707 27
1069 707 27
1069 707 27
1068 706 26
1068 706 26
1068 706 26
1067 706 28
1067 706 28
1066 705 27
1066 705 27
1065 704 28
1065 704 28
1064 704 31
1064 704 31
1064 704 31
1064 704 31
1064 703 26
1064 703 26
1063 703 31
1063 702 27
1062 702 32
1062 701 28
1062 701 28
1062 700 26
1062 700 26
1061 700 31
1061 700 31
1061 699 29
1061 698 28
1061 698 28
1061 698 28
1060 697 34
1060 697 34
1060 697 34
1060 696 35
1060 696 35
1060 695 38
1060 695 38
1060 694 40
1061 694 36
1061 694 36
1061 694 36
1061 693 40
1061 693 40
1062 693 37
1062 693 37
1062 693 37
1063 693 35
1063 693 35
1063 693 35
1064 693 37
1064 693 37
1064 693 37
1064 694 32
1065 694 34
1065 694 34
1065 694 34
1065 695 29
1066 695 33
1066 695 33
1066 696 27
1066 696 27
1067 697 29
1067 697 29
1067 697 29
1068 698 30
1068 698 30
1068 698 30
1068 699 26
1069 699 31
1069 700 27
1070 700 31
1070 701 26
1070 701 26
1071 701 29
1072 701 30
1072 702 25
1072 702 25
1073 702 26
1073 702 26
1074 702 27
1074 702 27
1074 702 27
1074 702 27
1075 702 28
1075 701 33
1076 701 34
1076 701 34
1076 701 34
1077 701 34
1077 701 34
1077 701 34
1078 702 28
1078 702 28
1079 702 29
1079 702 29
1080 702 29
1080 703 23
1080 703 23
1080 703 23
1081 703 26
1081 703 26
1082 703 30
1082 704 23
1082 704 23
1082 704 23
1083 704 29
1083 704 29
1083 704 29
1083 705 23
1084 705 30
1084 706 24
1084 706 24
1084 706 24
1084 707 21
1085 707 27
1085 707 27
1085 708 24
1085 708 24
1085 708 24
1086 708 32
1086 709 30
1086 709 30
1086 709 30
Stop
Start
1086 713 25
1086 713 25
1086 713 25
1086 712 26
1086 712 26
1086 712 26
1086 711 26
1086 711 26
1086 711 26
1086 710 28
1086 710 28
1086 710 28
1086 710 28
1086 709 30
1086 709 30
Stop
Start
1166 648 23
1165 648 23
1165 648 23
1164 648 24
1163 648 25
1162 648 24
1160 648 23
1160 648 23
1159 648 20
1158 648 18
1157 647 21
1156 647 21
1154 647 22
1153 646 25
1152 646 25
1151 646 23
1150 646 21
1149 645 23
1148 645 22
1147 645 22
1146 644 26
1145 644 26
1144 644 27
1142 644 26
1140 644 25
1138 644 26
1137 644 27
1137 644 27
1136 644 28
1134 643 36
1134 643 36
1133 643 35
1132 643 33
1132 643 33
1131 643 31
1130 643 30
1130 643 30
1129 643 32
1129 643 32
1128 643 34
1128 643 34
1127 643 37
1127 644 32
1127 644 32
1127 645 28
1127 645 28
1127 645 28
1127 646 26
1127 647 24
1127 647 24
1127 647 24
1127 648 29
1128 648 26
1129 648 24
1130 649 25
1131 649 23
1132 649 22
1133 650 25
1133 650 25
1134 650 24
1134 650 24
1135 650 24
1136 650 24
1138 650 23
1138 650 23
1139 651 26
1141 651 24
1142 651 23
1143 651 22
1144 651 23
1146 652 26
1148 652 25
1150 652 24
1150 652 24
1151 652 23
1152 652 24
1153 652 23
1154 652 22
1154 652 22
1155 652 20
1155 652 20
1156 652 18
1157 652 18
1158 652 18
1158 652 18
1158 652 18
1159 652 19
1160 652 21
1161 653 25
1162 653 26
1163 653 27
1164 653 26
1164 653 26
1165 653 26
1165 653 26
1166 653 26
1166 652 22
1167 652 23
1167 652 23
1168 652 26
1168 651 23
1169 651 27
1169 651 27
1169 650 27
1169 650 27
1169 650 27
1169 650 27
1169 649 26
1169 649 26
1168 649 22
1168 649 22
1168 649 22
1168 649 22
1168 649 22
Stop
Start
1267 626 38
1268 626 38
1268 626 38
1268 626 38
1268 627 33
1267 627 33
1267 628 29
1266 628 29
1266 628 29
1265 629 29
1264 629 31
1264 629 31
1264 630 27
1263 630 30
1263 630 30
1262 630 32
1262 631 30
1262 631 30
1262 632 29
1262 632 29
1262 632 29
1262 632 29
1262 633 30
1262 633 30
1263 634 35
1264 634 38
1265 634 39
1266 634 43
1267 634 46
1267 634 46
1267 634 46
1268 634 47
1269 633 42
1269 632 37
1269 632 37
1269 632 37
1269 631 34
1269 631 34
1269 630 31
1269 630 31
1269 629 32
1269 629 32
1269 628 32
1269 628 32
1269 627 34
1269 627 34
1269 627 34
Stop
Start
1192 271 33
1192 271 33
1192 272 28
1191 272 27
1190 272 28
1190 273 24
1189 273 26
1189 274 23
1188 274 27
1188 275 25
1188 276 26
1188 276 26
1188 276 26
1188 277 26
1188 278 27
1188 278 27
1189 279 22
1191 280 21
1192 280 21
1192 280 21
1192 280 21
1193 280 22
1194 281 26
1194 281 26
1195 281 27
1196 281 29
1197 281 30
1197 280 28
1198 280 29
1198 280 29
1198 280 29
1199 279 29
1199 279 29
1199 278 30
1199 278 30
1199 278 30
1199 277 32
1199 277 32
1198 276 31
1198 275 34
1197 274 33
1197 274 33
1197 274 33
1196 274 30
1195 273 30
1194 273 27
1194 272 31
1194 272 31
1193 272 29
1193 272 29
1192 272 28
1192 272 28
1191 271 32
1191 271 32
Stop
Start
1312 596 15
Stop
Start
1318 596 14
Stop
Start
1321 594 19
1321 594 19
1322 594 21
1322 594 21
1322 594 21
1323 594 24
1323 594 24
1324 595 25
1324 595 25
1324 596 24
1324 596 24
1325 596 27
1325 597 25
1325 597 25
1325 598 23
1325 598 23
1325 598 23
1325 599 20
1325 599 20
1325 599 20
1325 600 18
1325 600 18
1325 601 16
1325 602 14
1325 602 14
1325 603 14
1325 603 14
1324 604 13
1324 604 13
1324 604 13
Stop
Start
1321 594 19
1321 594 19
1321 594 19
1320 594 18
1320 594 18
1320 594 18
1320 593 20
1319 593 21
1319 593 21
1319 593 21
1319 593 21
1318 593 21
1318 593 21
1318 592 23
1318 592 23
1318 592 23
1318 592 23
1317 592 24
1317 592 24
1317 592 24
1317 592 24
1317 591 27
1317 591 27
1316 591 27
1316 591 27
1316 590 28
1315 590 27
1315 590 27
1315 590 27
1315 590 27
1315 590 27
1315 589 28
1315 589 28
1315 589 28
1315 589 28
1315 588 30
1315 588 30
1315 588 30
1314 588 27
1314 588 27
Stop
Start
1314 593 21
Stop
Start
1314 587 28
1314 587 28
Stop
Start
1324 605 18
1323 606 23
1322 606 19
1322 607 25
1321 607 20
1320 608 23
1320 608 23
1318 609 19
1318 609 19
1317 609 14
1316 610 17
1315 610 15
1314 610 12
1314 611 18
1313 611 16
1312 612 21
1312 612 21
1312 612 21
1312 612 21
1311 612 20
1310 612 20
1310 613 24
1309 613 22
1309 613 22
1308 613 19
1308 613 19
1308 614 22
1307 614 18
1307 614 18
1306 615 19
1306 616 24
1305 616 20
1305 617 24
1304 617 20
1304 617 20
1304 618 26
1302 618 20
1301 619 24
1300 619 25
1298 619 27
1297 620 34
1295 620 35
1294 620 35
1293 620 35
1292 620 35
1292 620 35
1292 620 35
1290 620 35
1289 620 36
1288 620 36
1288 620 36
1287 620 37
1287 620 37
1287 620 37
1286 620 38
1286 620 38
1286 620 38
1286 620 38
1285 619 33
1285 619 33
1285 619 33
1284 618 32
1284 618 32
1284 617 30
1284 616 28
1284 616 28
1284 615 29
1285 614 25
1285 613 27
1286 612 27
1286 612 27
1287 612 23
1288 611 23
1288 610 26
1288 610 26
1289 610 23
1290 610 21
1291 609 23
1291 609 23
1292 609 23
1293 608 24
1294 608 22
1294 607 25
Stop
Start
1297 603 26
Stop
Start
1302 591 36
Stop
Start
1305 587 33
1306 586 33
1306 585 37
1306 585 37
1307 584 37
1307 584 37
1307 583 39
1308 582 38
1308 582 38
1309 582 33
1309 581 34
1309 581 34
1310 581 29
1310 581 29
1310 581 29
1311 581 27
1311 581 27
1312 581 28
1312 581 28
1313 581 30
1313 581 30
1313 582 28
1313 582 28
1314 583 32
1314 584 31
1314 584 31
1314 585 30
1314 586 29
Stop
Start
1296 605 24
Stop
Start
1305 588 30
1305 588 30
1305 588 30
1305 588 30
1305 589 27
1305 589 27
1305 589 27
1305 590 24
1305 590 24
1305 590 24
1305 591 22
1305 591 22
1305 592 20
1305 592 20
1304 592 23
1304 592 23
1304 593 22
1304 593 22
1304 593 22
1304 593 22
1304 594 21
1304 594 21
1304 594 21
1304 595 20
1304 595 20
1304 595 20
1303 595 22
1303 596 20
1303 596 20
1303 597 18
1303 597 18
1303 597 18
1303 597 18
1303 597 18
1303 598 17
1303 598 17
1303 598 17
1302 598 21
1302 599 19
1302 599 19
1302 599 19
1302 599 19
1302 600 17
1302 600 17
1302 600 17
1301 601 19
1301 601 19
1301 601 19
1301 602 17
1301 602 17
1301 602 17
1301 602 17
1300 602 20
1300 602 20
1300 603 18
1300 603 18
1300 603 18
1300 603 18
1299 603 20
1299 604 18
1299 604 18
1299 604 18
1299 605 16
1298 605 18
1298 605 18
1298 605 18
1298 605 18
1298 606 16
1297 606 18
1297 606 18
1297 606 18
1297 606 18
1297 607 17
1296 607 19
1296 607 19
1296 607 19
1296 607 19
1295 607 22
1295 607 22
1295 607 22
1295 607 22
1295 607 22
1295 607 22
Stop
