New Layer
Start
1203 740 19
1203 740 19
1203 740 19
1203 740 19
1202 740 18
1202 740 18
1201 740 17
1200 739 23
1199 739 20
1199 739 20
1198 738 26
1198 738 26
1197 738 24
1196 738 23
1196 738 23
1196 738 23
1195 738 22
1194 737 30
1194 737 30
1193 737 29
1192 737 29
1190 737 31
1189 737 32
1188 737 34
1188 737 34
1187 738 29
1186 738 32
1185 738 34
1185 738 34
1184 738 36
1184 738 36
1183 739 30
1182 739 31
1182 739 31
1181 739 32
1180 739 32
1179 740 24
1177 740 23
1175 740 24
1173 741 21
1172 741 21
1172 741 21
1171 741 21
1170 741 21
1169 741 20
1168 741 20
1167 741 19
1166 741 18
1166 741 18
1165 741 17
1165 741 17
1164 741 15
1164 741 15
1164 741 15
1164 740 19
1163 740 16
1163 740 16
1162 739 18
1162 739 18
1161 738 19
1161 738 19
1161 738 19
1160 737 22
1160 737 22
1160 737 22
1159 736 23
1159 736 23
1159 736 23
1158 735 27
1158 735 27
1157 735 24
1157 735 24
1156 734 29
1155 734 28
1154 734 28
1153 734 27
1153 733 36
1151 733 36
1151 733 36
1151 733 36
1150 733 35
1148 733 34
1147 732 42
1146 732 40
1144 732 38
1142 732 36
1141 732 34
1139 732 32
1138 732 31
1138 732 31
1137 732 31
1136 732 32
1136 732 32
1135 732 33
1134 732 33
1133 732 34
1132 732 34
1131 731 40
1131 731 40
1130 731 40
1130 731 40
1130 731 40
1129 731 40
1129 731 40
1128 731 40
1127 731 41
1126 732 38
1126 732 38
1125 732 41
1124 732 46
1124 732 46
1124 732 46
1123 733 45
1123 733 45
1123 733 45
1123 733 45
1122 734 45
1122 734 45
1122 734 45
1122 735 41
1122 735 41
1121 735 47
1121 736 42
1121 736 42
1120 737 42
1120 737 42
1120 738 38
1120 738 38
1120 738 38
1120 738 38
1120 739 34
1120 739 34
1119 739 36
1119 739 36
1119 740 31
1119 740 31
1118 740 34
1118 740 34
1118 740 34
1117 741 27
1117 741 27
1116 741 26
1116 741 26
1115 741 28
1114 741 29
1113 741 30
1113 741 30
1112 741 32
1112 741 32
1112 741 32
1112 741 32
1111 741 33
1111 741 33
1110 741 35
1110 741 35
1109 741 39
1108 741 42
1107 742 40
1106 742 45
1106 743 38
1105 743 43
1105 743 43
1104 744 39
1103 744 45
1102 745 41
1102 745 41
1102 746 33
1101 746 39
1101 747 33
1100 748 34
1100 748 34
1100 749 29
1099 750 29
1099 750 29
1099 751 25
1099 752 22
1099 752 22
1099 753 20
1098 753 26
1098 754 23
1098 754 23
1097 755 26
1097 755 26
1097 755 26
1096 756 26
1096 756 26
1096 756 26
1096 756 26
1095 756 27
1095 756 27
1094 756 28
1094 756 28
1093 756 27
1092 756 26
1092 755 30
1091 755 32
1090 755 33
1090 754 37
1090 754 37
1090 754 37
1089 754 38
1088 754 39
1088 754 39
1087 754 40
1086 755 37
1086 755 37
1085 755 37
1084 756 35
1082 756 39
1081 757 41
1081 757 41
1080 757 45
1080 758 42
1079 758 47
1079 759 45
1078 759 49
1078 760 47
1078 761 44
1077 763 42
1077 764 39
1077 765 36
1077 767 32
1077 768 31
1077 769 30
1077 770 30
1077 771 32
1078 772 31
1078 773 33
1079 774 34
1079 774 34
1080 775 35
1081 775 33
1082 776 35
1083 776 34
1084 776 33
1085 776 31
1087 777 30
1088 777 28
1088 777 28
1088 777 28
1089 777 25
1090 777 24
1090 777 24
1092 778 28
1093 778 28
1095 778 26
1096 779 29
1097 779 27
1098 779 25
1099 780 28
1100 780 25
1102 781 21
1103 781 18
1104 782 22
1105 782 20
1105 782 20
1106 782 19
1108 783 22
1109 783 21
1111 783 17
1112 784 21
1113 784 19
1114 784 16
1116 785 19
1117 785 16
1118 786 21
1120 786 17
1120 786 17
1122 787 19
1124 787 17
1126 788 21
1127 788 18
1128 789 25
1130 789 20
1131 789 19
1132 790 26
1133 790 25
1134 790 24
1135 790 23
1136 790 23
1137 790 22
1138 791 26
1139 791 23
1140 791 20
1141 792 22
1142 792 19
1143 793 22
1144 793 19
1145 794 23
1146 794 18
1146 794 18
1147 795 22
1148 795 21
1150 796 27
1152 796 25
1153 797 32
1155 797 29
1156 797 27
1158 798 34
1158 798 34
1159 798 33
1160 798 31
1160 798 31
1161 798 30
1162 798 27
1162 798 27
1164 798 23
1165 798 21
1166 798 20
1167 798 20
1169 798 21
1170 798 22
1172 798 23
1173 798 25
1174 798 27
1175 798 28
1176 798 29
1177 798 30
1179 798 30
1180 798 30
1181 798 29
1182 798 27
1184 798 25
1185 798 24
1186 798 23
1187 798 23
1189 798 24
1190 798 25
1192 799 35
1194 799 32
1195 799 31
1197 799 29
1198 800 38
1200 800 37
1200 800 37
1201 800 37
1202 800 36
1204 800 34
1205 800 33
1207 800 34
1208 800 34
1209 800 36
1209 800 36
1210 800 37
1212 800 38
1213 800 38
1214 800 37
1214 800 37
1215 800 36
1217 799 25
1218 799 26
1219 799 27
1220 798 22
1222 798 25
1223 798 27
1224 798 28
1226 797 19
1226 797 19
1227 797 20
1228 797 20
1229 797 21
1230 796 16
1231 796 19
1232 796 22
1234 796 30
1235 796 33
1236 796 34
1238 795 29
1239 795 31
1240 795 34
1241 794 31
1242 794 35
1243 793 28
1245 792 26
1246 792 30
1247 791 26
1248 790 21
1249 790 25
1249 789 19
1250 789 23
1250 789 23
1251 789 27
1252 788 19
1253 788 22
1254 788 26
1255 787 21
1256 787 26
1257 787 29
1258 786 25
1258 786 25
1259 786 29
1260 786 32
1260 786 32
1260 785 25
1261 785 29
1262 785 32
1262 784 26
1263 784 27
1264 784 29
1265 783 28
1266 783 30
1266 783 30
1267 782 29
1268 782 32
1268 782 32
1269 781 34
1270 780 37
1271 780 39
1271 778 35
1272 777 36
1272 776 35
1272 775 34
1272 774 34
1272 774 34
1272 773 34
1271 772 34
1271 772 34
1270 771 34
1270 770 37
1269 770 36
1268 769 40
1268 769 40
1267 768 44
1267 768 44
1266 767 48
1265 767 46
1264 766 49
1263 766 44
1262 765 47
1261 765 43
1260 764 45
1259 764 41
1258 764 38
1257 764 35
1256 764 34
1255 764 31
1254 764 29
1253 764 27
1252 764 26
1251 764 24
1250 764 25
1249 764 26
1247 763 31
1246 763 29
1245 763 26
1244 762 25
1243 762 21
1242 761 22
1240 761 20
1240 760 25
1239 760 24
1238 760 24
1237 760 24
1236 759 25
1236 759 25
1234 758 24
1233 757 24
1231 756 21
1230 754 24
1230 754 24
1229 753 21
1229 752 23
1228 751 23
1228 751 23
1228 750 26
1227 749 27
1227 749 27
1227 748 30
1226 748 29
1226 748 29
1226 747 32
1226 747 32
1225 746 33
1225 746 33
1224 746 32
1224 746 32
1223 746 31
1223 746 31
1223 746 31
1222 746 30
1222 746 30
1222 746 30
1222 747 28
1222 747 28
1221 748 27
1221 748 27
1221 748 27
1220 748 28
1220 749 27
1220 749 27
1219 749 28
1219 749 28
1219 749 28
1218 749 29
1218 749 29
1217 749 27
1216 748 27
1215 748 24
1214 748 18
1214 747 20
1213 747 16
1213 747 16
1212 746 17
1211 746 16
1210 745 16
1209 744 15
1208 743 17
1207 742 16
1205 741 16
1204 740 19
1204 740 19
1204 740 19
1203 740 19
1203 740 19
1203 740 19
Stop
New Layer
Start
1192 737 29
1192 737 29
1192 737 29
1191 737 30
1190 737 31
1189 737 32
1188 737 34
1187 738 29
1186 738 32
1185 738 34
1184 738 36
1183 739 30
1182 739 31
1181 739 32
1180 739 32
1180 739 32
1178 739 30
1177 739 30
1176 739 29
1175 739 30
1174 739 31
1173 739 31
1172 739 31
1170 739 29
1170 739 29
1169 739 29
1168 739 28
1167 739 27
1167 739 27
1166 739 27
1166 739 27
1166 739 27
1165 739 26
1164 738 28
1163 738 26
1162 737 28
1162 737 28
1161 736 31
1161 736 31
1160 736 28
1160 735 35
1160 735 35
1159 735 30
1159 734 37
1158 734 34
1158 734 34
1158 733 42
1157 733 40
1157 733 40
1156 733 38
1155 733 37
1155 733 37
1154 733 37
1153 733 36
1152 733 36
1151 733 36
1150 733 35
1149 733 34
1148 733 34
1148 733 34
1147 733 33
1147 733 33
1146 733 32
1145 732 39
1143 732 37
1143 732 37
1142 732 36
1142 732 36
1141 732 34
1141 731 43
1140 731 42
1140 731 42
1139 730 47
1138 730 45
1137 730 44
1137 730 44
1136 729 52
1136 729 52
1135 729 52
1135 729 52
1135 729 52
1135 729 52
1134 729 52
1134 729 52
1134 729 52
1133 729 53
1133 729 53
1133 729 53
1133 729 53
1132 729 53
1132 729 53
1131 729 53
1131 729 53
1130 729 52
1130 729 52
1130 729 52
1129 729 52
1129 729 52
1129 729 52
1128 729 52
1128 730 46
1128 730 46
1128 730 46
1127 730 46
1127 730 46
1126 730 47
1126 730 47
1126 730 47
1126 730 47
1126 730 47
1126 731 42
1126 731 42
1125 731 46
1125 731 46
1125 731 46
1125 732 41
1125 732 41
1125 732 41
1125 732 41
1124 733 41
1124 734 36
1124 734 36
1124 734 36
1124 734 36
1124 735 31
1124 735 31
1124 735 31
1124 735 31
1124 736 26
1124 736 26
1124 736 26
1123 736 31
1123 737 26
1123 737 26
1123 737 26
1123 737 26
1123 738 22
1123 738 22
1123 738 22
1123 738 22
1122 739 25
1122 739 25
1122 739 25
1122 739 25
1122 739 25
1122 739 25
1122 739 25
1121 740 26
1121 740 26
1121 740 26
1121 740 26
1120 740 30
1120 740 30
1120 740 30
1119 740 31
1119 740 31
1119 740 31
1118 740 34
1117 740 34
1117 740 34
1117 740 34
1116 740 33
1116 740 33
1116 740 33
1116 740 33
1115 740 35
1115 740 35
1115 740 35
1114 740 37
1114 740 37
1113 740 38
1113 740 38
1113 740 38
1112 740 40
1112 740 40
1112 740 40
1111 740 42
1111 740 42
1111 740 42
1111 740 42
1110 740 44
1110 740 44
1110 740 44
1110 741 35
1109 741 39
1109 741 39
1109 741 39
1108 742 36
1108 742 36
1107 742 40
1107 742 40
1107 742 40
1106 743 38
1106 743 38
1105 743 43
1105 743 43
1105 743 43
1105 743 43
1104 744 39
1104 744 39
1104 744 39
1104 744 39
1103 744 45
1103 745 37
1103 745 37
1102 745 41
1102 745 41
1102 745 41
1102 745 41
1101 746 39
1101 746 39
1101 746 39
1101 746 39
1101 747 33
1100 747 39
1100 747 39
1100 747 39
1100 747 39
1100 747 39
1100 748 34
1100 748 34
1100 748 34
1100 748 34
1100 748 34
1099 749 35
1099 749 35
1099 749 35
1099 750 29
1099 750 29
1099 750 29
1099 751 25
1099 751 25
1099 752 22
1099 752 22
1099 752 22
1099 753 20
1098 753 26
1098 753 26
1098 754 23
1098 754 23
1098 754 23
1098 755 21
1098 755 21
1098 755 21
1097 755 26
1097 756 23
1097 756 23
1097 756 23
1096 756 26
1096 757 22
1096 757 22
1096 757 22
1095 757 23
1095 757 23
1095 757 23
1094 757 24
1094 757 24
1094 758 21
1094 758 21
1093 758 20
1093 758 20
1093 758 20
1093 758 20
1093 758 20
1092 758 19
1092 758 19
1092 758 19
1092 758 19
1091 758 21
1091 757 24
1091 757 24
1090 757 25
1090 757 25
1090 757 25
1090 757 25
1089 757 27
1089 756 30
1088 756 32
1088 756 32
1088 756 32
1088 756 32
1087 756 33
1087 756 33
1087 756 33
1087 756 33
1087 756 33
1086 756 33
1086 756 33
1086 756 33
1086 756 33
1086 756 33
1085 756 34
1085 756 34
1085 756 34
1085 756 34
1084 756 35
1084 756 35
1084 757 32
1083 757 34
1083 757 34
1083 757 34
1082 758 34
1082 758 34
1082 758 34
1082 758 34
1081 759 36
1081 759 36
1081 760 32
1080 760 36
1080 760 36
1080 760 36
1080 761 32
1080 761 32
1080 761 32
1079 762 34
1079 762 34
1079 763 30
1079 763 30
1078 763 36
1078 764 33
1078 764 33
1078 764 33
1078 765 30
1078 765 30
1077 765 36
1077 766 34
1077 766 34
1077 766 34
1077 767 32
1077 767 32
1077 767 32
1077 767 32
1077 768 31
1077 768 31
1077 768 31
1077 769 30
1077 769 30
1077 769 30
1077 770 30
1077 770 30
1077 770 30
1077 770 30
1078 771 29
1078 772 31
1078 772 31
1078 772 31
1079 772 27
1079 773 30
1079 773 30
1080 773 27
1080 774 31
1080 774 31
1081 774 30
1081 774 30
1082 775 31
1082 775 31
1082 775 31
1083 775 29
1083 775 29
1083 776 34
1084 776 33
1084 776 33
1085 776 31
1085 776 31
1086 777 32
1086 777 32
1087 777 30
1087 777 30
1087 777 30
1088 777 28
1088 777 28
1089 777 25
1089 778 31
1090 778 30
1090 778 30
1091 778 30
1091 778 30
1091 778 30
1091 778 30
1091 778 30
1092 778 28
1093 779 33
1093 779 33
1093 779 33
1094 779 33
1094 779 33
1094 779 33
1094 779 33
1095 779 32
1095 779 32
1096 779 29
1096 779 29
1097 779 27
1097 779 27
1097 779 27
1098 779 25
1099 780 28
1099 780 28
1100 780 25
1100 780 25
1101 780 20
1101 780 20
1102 780 16
1102 780 16
1102 781 21
1103 781 18
1103 781 18
1103 781 18
1104 781 16
1105 782 20
1105 782 20
1106 782 19
1106 782 19
1106 782 19
1107 783 23
1107 783 23
1108 783 22
1108 783 22
1109 784 27
1109 784 27
1110 784 25
1110 784 25
1111 784 24
1112 785 28
1112 785 28
1113 785 26
1113 785 26
1113 785 26
1114 785 23
1115 786 30
1115 786 30
1116 786 27
1117 786 24
1118 786 21
1118 787 30
1118 787 30
1118 787 30
1119 787 28
1119 787 28
1120 787 24
1120 787 24
1121 787 22
1121 787 22
1122 787 19
1122 787 19
1122 788 30
1123 788 28
1123 788 28
1124 788 27
1124 788 27
1125 788 24
1125 788 24
1126 788 21
1126 788 21
1127 788 18
1127 788 18
1127 789 28
1127 789 28
1128 789 25
1128 789 25
1129 789 23
1129 789 23
1130 789 20
1130 789 20
1131 790 26
1132 790 26
1132 790 26
1132 790 26
1133 790 25
1133 790 25
1134 790 24
1134 791 31
1135 791 30
1135 791 30
1135 791 30
1136 791 29
1136 791 29
1137 791 28
1137 791 28
1137 792 34
1138 792 32
1138 792 32
1139 792 29
1139 792 29
1139 792 29
1140 792 25
1140 792 25
1141 793 29
1141 793 29
1141 793 29
1141 793 29
1142 793 26
1142 793 26
1143 793 22
1143 793 22
1143 793 22
1144 793 19
1144 794 26
1145 794 23
1145 794 23
1146 794 18
1146 794 18
1147 794 15
1147 794 15
1148 794 13
1149 795 19
1150 795 18
1150 795 18
1150 795 18
1151 795 17
1151 795 17
1151 795 17
1152 795 18
1153 795 17
1153 795 17
1154 795 15
1154 796 23
1154 796 23
1155 796 21
1155 796 21
1155 796 21
1156 796 20
1156 796 20
1157 796 19
1157 796 19
1158 796 17
1159 797 23
1160 797 22
1161 797 20
1161 797 20
1162 797 18
1163 798 25
1163 798 25
1164 798 23
1164 798 23
1165 799 30
1165 799 30
1166 799 29
1166 799 29
1167 799 28
Stop
Start
1184 798 25
1184 798 25
1185 798 24
1185 798 24
1185 798 24
1186 798 23
1186 798 23
1186 798 23
1186 798 23
1187 798 23
1187 798 23
1188 798 24
1188 798 24
1189 798 24
1189 798 24
1189 798 24
1190 798 25
1190 798 25
1191 798 25
1191 798 25
1192 798 26
1193 798 25
1194 798 24
1194 798 24
1194 798 24
1195 798 22
1195 798 22
1196 799 30
1196 799 30
1196 799 30
1197 799 29
1198 799 28
1198 799 28
1199 799 27
1199 799 27
1199 799 27
1200 799 26
1201 799 26
1201 799 26
1202 799 25
1203 799 24
1204 799 23
1204 799 23
1205 799 23
1205 799 23
1205 799 23
1206 799 22
1207 799 22
1207 799 22
1208 799 24
1209 799 25
1210 799 26
1210 799 26
1210 799 26
1211 799 27
1211 799 27
1211 799 27
1212 799 27
1212 799 27
1212 799 27
1213 799 27
1213 799 27
1214 799 27
1214 799 27
1214 799 27
1215 799 26
1215 799 26
1215 799 26
1216 799 25
1216 799 25
1217 799 25
1217 799 25
1218 799 26
1218 799 26
1219 799 27
1219 799 27
1220 799 29
1220 799 29
1221 799 31
1221 799 31
1222 799 33
1222 799 33
1223 798 27
1224 798 28
1225 798 28
1225 798 28
1226 798 28
1227 798 29
1228 798 29
1228 797 20
1228 797 20
1229 797 21
1230 797 24
1230 797 24
1230 797 24
1231 797 27
1231 796 19
1231 796 19
1232 796 22
1232 796 22
1232 796 22
1233 796 26
1233 796 26
1233 796 26
1234 796 30
1234 795 20
1235 795 23
1235 795 23
1236 795 24
1236 795 24
1237 795 26
1237 794 17
1238 794 19
1239 794 21
1240 794 26
1240 794 26
1242 793 25
1242 793 25
1243 793 28
1243 793 28
1244 793 33
1245 792 26
1245 792 26
1246 792 30
1246 792 30
1246 792 30
1247 792 34
1248 792 38
1248 791 30
1248 791 30
1249 791 34
1249 791 34
1250 791 39
1250 791 39
1250 790 30
1251 790 35
1251 790 35
1252 790 37
1252 790 37
1253 789 32
1253 789 32
1253 789 32
1254 789 35
1254 789 35
1254 788 26
1255 788 29
1255 788 29
1255 788 29
1256 788 33
1256 788 33
1256 787 26
1257 787 29
1258 787 33
1258 787 33
1258 787 33
1259 786 29
1259 786 29
1260 786 32
1260 786 32
1260 786 32
1260 786 32
1261 785 29
1262 785 32
1262 785 32
1263 785 33
1263 784 27
1263 784 27
1264 784 29
1264 784 29
1264 784 29
1264 784 29
1265 783 28
1265 783 28
1266 783 30
1266 782 27
1267 782 29
1267 782 29
1267 782 29
1268 782 32
1268 781 31
1268 781 31
1268 781 31
1269 781 34
1269 780 34
1269 780 34
1269 780 34
1270 780 37
1270 779 36
1270 779 36
1270 779 36
1270 778 34
1270 778 34
1270 778 34
1270 777 33
1270 777 33
1270 777 33
1270 776 31
1270 775 29
1270 775 29
1270 775 29
1270 774 29
1270 774 29
1270 774 29
1270 773 30
1270 772 31
1270 772 31
1270 771 34
1269 771 33
1269 770 36
1269 770 36
1269 770 36
1269 769 42
1268 769 40
1268 769 40
1267 768 44
1267 768 44
1266 767 48
1266 767 48
1266 767 48
1265 766 52
1265 766 52
1265 766 52
1264 766 49
1264 766 49
1263 765 51
1263 765 51
1262 765 47
1262 765 47
1262 765 47
1261 765 43
1261 764 49
1260 764 45
1260 764 45
1259 764 41
1259 764 41
1259 763 47
1258 763 43
1258 763 43
1257 763 40
1257 763 40
1257 763 40
1256 763 39
1256 763 39
1256 763 39
1256 763 39
1255 763 36
1255 763 36
1254 763 34
1254 763 34
1253 763 32
1253 763 32
1252 763 32
1252 763 32
1252 763 32
1251 763 30
1250 763 31
1250 763 31
1250 763 31
1249 763 32
1249 763 32
1249 763 32
1248 763 31
1248 763 31
1248 763 31
1247 763 31
1247 763 31
1246 763 29
1246 762 33
1245 762 29
1245 762 29
1244 761 29
1244 761 29
1243 761 25
1243 761 25
1243 760 30
1243 760 30
1242 760 27
1242 759 32
1242 759 32
1242 759 32
1241 759 30
1241 759 30
1241 758 35
1241 758 35
1241 758 35
1241 758 35
1241 758 35
1240 758 34
1240 758 34
1240 757 40
1240 757 40
1240 757 40
1239 757 38
1239 757 38
1239 757 38
1238 757 37
1238 757 37
1238 757 37
1237 756 38
1237 756 38
1236 756 35
1236 756 35
1236 755 39
1235 755 36
1235 755 36
1234 754 35
1234 754 35
1234 754 35
1234 753 38
1234 753 38
1233 753 34
1233 752 36
1233 752 36
1233 752 36
1233 751 39
1233 751 39
1232 751 34
1232 751 34
1232 750 36
1232 750 36
1232 750 36
1232 750 36
1232 749 38
1231 749 36
1231 748 40
1231 748 40
1230 748 38
1230 747 43
1230 747 43
1229 746 45
1229 746 45
1229 746 45
1229 746 45
1228 745 47
1228 745 47
1228 745 47
1227 745 44
1227 744 48
1226 744 44
1226 744 44
1226 744 44
1225 743 45
1225 743 45
1224 743 42
1224 743 42
1224 743 42
1224 743 42
1224 743 42
1223 743 41
1223 743 41
1223 743 41
1223 743 41
1222 743 41
1222 743 41
1222 743 41
1222 743 41
1222 743 41
1221 743 40
1221 743 40
1221 743 40
1221 744 35
1220 744 35
1220 744 35
1220 744 35
1220 744 35
1219 744 36
1219 745 35
1219 745 35
1219 745 35
1219 745 35
1218 745 35
1218 745 35
1218 745 35
1218 745 35
1217 746 33
1217 746 33
1217 746 33
1217 746 33
1216 746 30
1216 746 30
1216 746 30
1216 746 30
1215 746 27
1215 746 27
1215 746 27
1214 746 22
1214 746 22
1214 746 22
1213 745 22
1213 745 22
1213 745 22
1212 745 21
1212 745 21
1212 745 21
1212 745 21
1212 745 21
1212 744 24
1211 744 21
1211 744 21
1211 744 21
1211 743 24
1210 743 21
1210 743 21
1210 743 21
1210 742 23
1209 742 21
1209 742 21
1209 742 21
1209 741 24
1208 741 22
1208 741 22
1208 741 22
1208 741 22
1207 740 24
1207 740 24
1207 740 24
1206 740 22
1206 739 27
1206 739 27
1205 739 26
1205 739 26
1205 739 26
1205 739 26
1204 739 25
1204 738 31
1203 738 31
1203 738 31
1203 738 31
1202 738 30
1202 738 30
1202 738 30
1202 738 30
1201 738 30
1201 738 30
1200 737 36
1200 737 36
1199 737 33
1199 737 33
1199 737 33
1199 737 33
1199 737 33
1198 737 33
1198 737 33
1198 737 33
1198 737 33
1197 737 31
1197 737 31
1197 737 31
1196 737 31
1196 737 31
1196 737 31
1196 737 31
1196 737 31
1195 737 30
1195 737 30
1195 737 30
1195 737 30
1194 737 30
1194 737 30
1193 737 29
1193 737 29
1192 737 29
1192 737 29
1192 737 29
1192 737 29
1191 737 30
1191 737 30
1191 737 30
1191 737 30
1189 737 32
1189 737 32
Stop
Start
1184 798 25
1183 798 26
1183 798 26
1183 798 26
1182 798 27
1182 798 27
1182 798 27
1181 798 29
1181 798 29
1181 798 29
1180 798 30
1180 798 30
1179 798 30
1178 798 30
1178 798 30
1177 798 30
1177 798 30
1176 798 29
1176 798 29
1176 798 29
1175 798 28
1175 798 28
1174 798 27
1174 798 27
1173 798 25
1172 798 23
1172 798 23
1172 798 23
1171 798 22
1171 798 22
1170 798 22
1170 798 22
1170 798 22
1170 798 22
1169 798 21
1169 799 30
1169 799 30
1168 799 29
1168 799 29
1168 799 29
1168 799 29
1167 799 28
1167 799 28
1167 799 28
Stop
New Layer
Start
1266 783 30
1265 783 28
1265 783 28
1264 783 26
1264 784 29
1263 784 27
1261 785 29
1260 785 25
1260 785 25
1259 786 29
1258 786 25
1257 786 22
1256 787 26
1256 787 26
1254 787 18
1253 788 22
1252 788 19
1251 789 27
1249 789 19
1248 790 21
1248 790 21
1247 790 17
1245 791 18
1244 791 15
1243 792 19
1243 792 19
1241 793 22
1239 793 13
1237 794 17
1235 795 23
1234 796 30
1233 796 26
1232 796 22
1231 797 27
1231 797 27
1230 797 24
1228 798 29
1227 798 29
1224 798 28
1222 799 33
1220 799 29
1219 799 27
1219 799 27
1218 799 26
1217 800 35
1216 800 36
1214 800 37
1213 800 38
1211 800 37
1210 800 37
1208 800 34
1207 800 34
1207 800 34
1205 800 33
1204 800 34
1202 799 25
1201 799 26
1200 799 26
1200 799 26
1199 799 27
1198 799 28
1196 799 30
1195 798 22
1194 798 24
1193 798 25
1192 798 26
1191 798 25
1190 798 25
1189 797 14
1187 797 14
1185 797 15
1184 797 16
1182 796 14
1181 796 15
1179 796 14
1178 796 14
1177 796 13
1177 796 13
1176 796 13
1175 797 18
1174 797 17
1173 797 16
1172 797 14
1171 797 13
1170 797 13
1168 798 20
1167 798 20
1166 798 20
1165 798 21
1164 798 23
1162 798 27
1161 798 30
1160 798 31
1159 798 33
1159 798 33
1158 798 34
1158 798 34
1157 797 26
1157 797 26
1156 797 27
1156 797 27
1155 797 29
1154 796 23
1153 796 24
1152 796 25
1152 796 25
1151 795 17
1150 795 18
1149 795 19
1149 794 12
1148 794 13
1147 794 15
1146 793 12
1145 793 16
1144 792 12
1143 792 15
1142 792 19
1141 791 16
1140 791 20
1140 791 20
1139 790 17
1137 790 22
1136 790 23
1134 789 17
1133 789 18
1132 788 12
1131 788 13
1130 788 14
1129 788 15
1128 788 17
1128 788 17
1127 788 18
1126 788 21
1125 787 15
1123 787 18
1122 787 19
1121 787 22
1121 786 15
1120 786 17
1119 786 19
1118 786 21
1117 785 16
1116 785 19
1115 785 21
1115 785 21
1114 785 23
1113 785 26
1112 785 28
1111 784 24
1110 784 25
1110 784 25
1109 784 27
1109 784 27
1108 784 28
1108 784 28
1108 784 28
1107 783 23
1105 782 20
1104 781 16
1103 781 18
1103 780 14
1102 780 16
1102 780 16
1101 779 15
1101 779 15
1100 779 19
1099 778 17
1098 778 20
1097 778 22
1095 777 20
1095 777 20
1093 777 22
1092 777 22
1091 776 19
1090 776 19
1090 776 19
1090 775 13
1089 775 16
1089 775 16
1088 775 19
1088 775 19
1087 775 21
1087 774 18
1086 774 21
1085 774 24
1084 773 22
1083 773 23
1082 772 22
1082 772 22
1082 772 22
1081 772 23
1081 772 23
1081 771 22
1080 771 23
1080 770 21
1080 770 21
1079 769 22
1079 769 22
1079 769 22
1079 768 23
1079 767 22
1079 767 22
1079 765 24
1079 764 26
1079 763 30
1080 762 28
1080 762 28
1080 761 32
1080 761 32
1081 760 32
1081 760 32
1082 760 27
1082 759 31
1083 759 28
1083 758 31
1084 758 30
1084 758 30
1085 757 31
1085 757 31
1086 757 31
1086 756 33
1087 756 33
1087 756 33
1087 756 33
1088 756 32
1089 756 30
1089 756 30
1089 756 30
1090 756 29
1090 756 29
1090 756 29
1090 756 29
1091 756 27
1091 756 27
1091 756 27
1092 756 26
1093 756 27
1093 756 27
1094 756 28
1095 756 27
1095 756 27
1095 756 27
1096 756 26
1096 756 26
1096 756 26
1096 756 26
1096 756 26
1097 756 23
1097 756 23
1098 755 21
1098 755 21
1098 755 21
1098 754 23
1099 754 18
1099 754 18
1099 753 20
1099 753 20
1100 752 15
1100 752 15
1101 751 13
1101 750 17
1101 750 17
1101 750 17
1102 749 16
1102 748 21
1102 748 21
1103 747 23
1103 747 23
1103 746 29
1103 746 29
1104 746 25
1104 745 33
1105 744 36
1105 743 43
1106 743 38
1106 743 38
1106 743 38
1107 742 40
1107 742 40
1108 742 36
1109 742 33
1109 741 39
1109 741 39
1110 741 35
1110 741 35
1111 741 33
1111 741 33
1111 741 33
1112 740 40
1113 740 38
1113 740 38
1114 740 37
1114 740 37
1114 740 37
1114 740 37
1115 740 35
1115 740 35
1115 740 35
1115 740 35
1116 740 33
1116 741 26
1116 741 26
1116 741 26
1116 741 26
1117 741 27
1117 741 27
1117 741 27
1117 741 27
1118 742 22
1118 742 22
1118 742 22
1118 742 22
1119 742 20
1119 742 20
1119 742 20
1120 742 20
1120 742 20
1120 742 20
1121 742 18
1121 742 18
1122 742 16
1122 741 19
1122 741 19
1123 741 15
1123 741 15
1124 740 13
1124 740 13
1124 740 13
1124 740 13
1125 740 9
1125 739 12
1125 739 12
1125 739 12
1125 739 12
1125 738 14
1125 738 14
1125 738 14
1125 737 17
1125 737 17
1126 736 17
1126 736 17
1126 736 17
1126 735 22
1126 735 22
1126 735 22
1127 735 20
1127 734 25
1127 734 25
1127 734 25
1127 734 25
1128 734 23
1129 733 28
1129 733 28
1129 733 28
1129 733 28
1130 733 28
1130 733 28
1130 733 28
1131 733 29
1131 732 34
1132 732 34
1133 732 34
1133 732 34
1134 732 33
1134 732 33
1135 732 33
1137 732 31
1137 732 31
1138 732 31
1139 732 32
1141 732 34
1142 732 36
1142 732 36
1143 732 37
1144 732 38
1145 732 39
1146 732 40
1147 732 42
1148 732 43
1149 732 43
1149 732 43
1150 732 44
1151 732 45
1152 732 45
1152 732 45
1153 732 45
1153 732 45
1153 732 45
1153 732 45
1154 732 46
1155 733 37
1156 733 38
1157 733 40
1157 733 40
1158 734 34
1158 734 34
1159 734 37
1159 735 30
1159 735 30
1160 736 28
1160 736 28
1160 736 28
1161 737 25
1161 737 25
1161 737 25
1162 737 28
1162 738 23
1162 738 23
1163 738 26
1164 739 24
1165 739 26
1165 740 21
1166 740 22
1167 740 23
1168 740 24
1169 741 20
1169 741 20
1169 741 20
1170 741 21
1170 741 21
1171 741 21
1172 741 21
1172 741 21
1172 741 21
1173 741 21
1173 741 21
1174 741 19
1174 741 19
1175 741 18
1176 741 17
1176 741 17
1177 741 17
1178 741 17
1178 741 17
1179 741 17
1180 741 17
1181 741 17
1182 741 17
1182 741 17
1183 741 16
1184 741 15
1185 740 20
1185 740 20
1186 740 17
1186 740 17
1186 740 17
1187 740 14
1187 740 14
1188 739 19
1188 739 19
1189 739 17
1189 739 17
1189 739 17
1190 739 15
1190 739 15
1190 739 15
1191 738 22
1191 738 22
1192 738 21
1192 738 21
1193 738 21
1194 738 22
1195 738 22
1195 738 22
1196 738 23
1197 738 24
1197 738 24
1198 738 26
1199 738 27
1200 738 29
1202 738 30
1202 738 30
1203 738 31
1203 738 31
1204 738 31
1205 738 32
1206 738 33
1206 738 33
1207 738 34
1208 738 36
1209 739 33
1209 739 33
1209 739 33
1210 739 35
1210 739 35
1211 740 34
1211 740 34
1212 740 37
1212 741 33
1212 741 33
1213 741 35
1213 742 32
1213 742 32
1213 742 32
1214 743 32
1214 743 32
1214 743 32
1214 743 32
1215 744 31
1215 744 31
1216 745 32
1217 745 34
1217 745 34
1218 746 34
1218 746 34
1218 746 34
1219 746 33
1219 746 33
1219 746 33
1219 746 33
1220 746 31
1220 746 31
1220 746 31
1220 746 31
1220 746 31
1221 746 30
1221 746 30
1221 746 30
1221 746 30
1222 746 30
1222 745 33
1222 745 33
1223 745 34
1223 745 34
1224 745 35
1224 745 35
1225 745 37
1225 745 37
1226 745 40
1226 746 36
1227 746 39
1227 746 39
1227 746 39
1228 747 37
1228 747 37
1228 747 37
1229 748 35
1229 748 35
1229 749 31
1229 749 31
1230 750 31
1230 750 31
1230 751 28
1230 751 28
1231 752 29
1231 752 29
1231 752 29
1231 753 28
1231 753 28
1232 754 29
1232 754 29
1232 755 27
1232 755 27
1233 755 29
1233 756 26
1234 756 29
1234 756 29
1235 756 32
1236 757 32
1236 757 32
1236 757 32
1237 757 35
1238 757 37
1238 757 37
1238 757 37
1239 757 38
1239 757 38
1240 757 40
1240 757 40
1241 758 35
1241 758 35
1241 758 35
1242 759 32
1242 759 32
1242 760 27
1243 760 30
1243 761 25
1243 761 25
1243 762 21
1244 762 25
1244 763 22
1244 763 22
1245 764 22
1245 764 22
1246 764 24
1246 765 20
1247 765 21
1248 765 21
1248 765 21
1248 765 21
1249 765 21
1249 765 21
1250 765 20
1250 765 20
1251 765 19
1251 765 19
1252 764 26
1252 764 26
1253 764 27
1253 764 27
1253 764 27
1253 764 27
1254 764 29
1254 764 29
1256 764 34
1256 764 34
1257 764 35
1258 764 38
1258 764 38
1258 764 38
1259 764 41
1260 765 38
1261 765 43
1261 766 36
1262 766 41
1262 766 41
1263 767 38
1263 767 38
1263 767 38
1264 768 36
1264 768 36
1265 768 39
1265 768 39
1265 769 34
1266 769 36
1266 770 31
1267 770 33
1267 770 33
1267 771 29
1267 771 29
1268 772 28
1268 772 28
1268 773 26
1268 773 26
1268 773 26
1268 774 26
1268 774 26
1268 775 25
1268 775 25
1268 776 26
1268 776 26
1268 777 27
1268 777 27
1268 778 28
1267 778 25
1267 778 25
1267 779 26
1267 779 26
1267 779 26
1267 779 26
1267 780 28
1267 780 28
1267 780 28
1267 780 28
1267 781 28
1267 781 28
1267 781 28
1267 781 28
1267 781 28
1267 782 29
1267 782 29
1267 782 29
1267 782 29
Stop
