New Slice
Start
568 199 35
567 199 14
567 198 14
566 198 14
565 198 0
565 198 0
564 198 0
563 198 0
563 198 0
562 198 0
561 198 0
561 198 0
560 198 0
559 198 0
559 199 0
559 199 0
559 200 0
559 201 0
559 201 0
559 202 0
559 203 6
559 203 6
559 204 6
559 205 27
560 205 27
560 206 27
561 207 23
561 207 23
561 207 23
561 208 23
562 209 39
563 209 20
563 209 20
563 210 37
563 211 37
564 211 12
564 211 12
565 212 29
565 213 29
565 213 29
565 213 29
566 214 4
566 215 28
567 215 28
567 216 28
567 217 34
567 217 34
568 218 4
568 219 17
569 219 17
569 220 39
569 221 39
569 221 39
570 222 27
570 223 27
570 223 27
571 223 16
571 224 16
571 225 16
571 226 13
571 227 33
572 227 33
573 227 13
573 228 13
573 229 32
573 229 32
573 229 32
573 230 32
573 231 28
574 231 28
574 232 47
574 233 47
575 233 15
575 234 32
575 235 32
575 235 32
575 235 32
575 236 39
575 237 39
576 237 8
576 238 22
576 239 29
576 239 29
576 240 29
577 240 29
577 241 25
577 241 25
577 242 25
577 243 48
577 243 48
577 244 40
577 245 40
577 245 40
577 246 23
577 247 23
577 247 23
577 248 14
577 249 14
577 249 14
577 250 14
577 251 2
577 251 2
577 251 2
577 252 2
576 252 2
576 253 0
576 253 0
575 255 16
575 255 16
575 257 11
574 257 43
574 258 37
573 258 37
572 259 62
572 260 55
571 261 55
571 261 55
571 262 36
571 263 28
571 263 28
570 264 54
570 265 64
570 265 64
570 266 64
570 267 48
570 267 48
569 268 56
569 269 56
569 269 56
569 270 61
569 271 61
569 271 61
569 273 63
569 273 63
569 274 63
569 275 60
569 275 60
569 276 60
569 277 56
569 277 56
569 278 56
569 279 59
569 279 59
570 279 31
570 280 40
570 281 40
570 281 40
570 282 43
570 283 43
570 283 43
570 284 49
571 284 12
571 285 16
571 285 16
571 286 16
571 287 33
572 288 33
572 289 37
572 289 37
572 290 37
572 291 35
572 291 35
572 292 26
572 293 26
572 293 26
573 293 0
573 294 2
573 295 2
573 295 2
573 296 10
573 297 22
573 297 22
573 298 22
573 299 25
574 299 25
574 300 25
574 301 28
574 301 28
574 303 37
574 303 37
575 303 0
575 304 6
575 305 6
575 305 6
575 306 23
575 307 23
575 307 23
575 308 41
575 309 21
575 309 21
575 310 21
575 311 20
576 311 0
576 312 0
576 313 0
576 313 0
576 314 0
576 315 0
576 315 0
576 316 0
576 317 0
576 317 0
576 318 0
576 319 0
576 320 0
575 321 0
575 321 0
575 322 0
574 322 7
574 323 6
574 323 6
574 324 6
574 325 34
574 325 34
574 326 48
574 327 48
574 327 48
574 328 47
574 329 47
574 329 47
574 330 50
574 331 50
574 331 50
574 332 43
574 333 27
574 333 27
573 333 27
573 334 27
573 334 27
572 334 66
571 335 42
571 335 42
570 335 77
570 335 77
569 335 92
569 336 92
569 336 92
569 337 43
568 337 43
567 337 66
567 337 66
566 338 18
565 339 37
565 339 37
566 340 8
567 341 8
567 341 8
568 341 0
569 341 0
569 341 0
571 341 9
571 341 9
572 341 9
573 341 12
573 341 12
574 341 12
575 341 12
575 341 12
576 341 12
577 341 12
577 341 12
578 341 24
579 341 24
579 341 24
580 341 34
581 341 34
581 340 34
581 340 34
582 340 46
583 340 53
583 340 53
584 340 53
585 340 53
585 340 53
586 340 53
587 340 54
588 340 58
589 340 58
589 340 58
590 340 63
591 340 63
591 340 63
592 340 76
593 339 27
593 339 27
594 339 27
595 339 32
595 339 32
596 339 32
597 339 51
597 338 51
598 338 51
599 338 66
599 338 66
600 338 67
601 338 67
601 338 67
602 338 76
603 338 76
603 337 22
604 337 38
605 337 75
605 337 75
605 337 75
606 337 75
607 337 99
607 337 99
607 336 26
608 336 26
609 336 53
609 336 53
610 335 53
611 335 82
611 335 82
612 335 116
613 334 62
613 334 62
614 333 101
615 333 101
615 333 101
616 332 70
617 332 106
617 331 62
618 331 62
619 331 102
619 330 102
619 330 102
619 329 52
620 329 52
621 329 90
621 328 90
621 327 44
622 327 44
623 327 77
623 326 77
623 325 37
624 325 66
625 325 66
625 324 29
625 323 29
625 323 29
626 323 55
626 322 38
626 321 38
626 321 38
627 321 38
627 320 45
627 319 53
627 319 53
626 319 53
625 319 76
625 319 76
624 319 76
624 319 76
623 320 68
623 320 68
623 321 37
622 321 58
621 321 58
621 322 58
620 323 44
619 323 44
619 323 44
618 323 64
617 323 64
617 324 64
617 325 28
615 325 34
615 325 34
614 325 34
613 325 39
613 325 39
612 325 39
611 325 39
611 325 39
610 325 40
609 325 40
609 325 40
608 325 30
607 325 30
606 325 10
605 325 10
605 325 10
604 325 0
603 325 0
603 324 24
603 324 24
602 323 24
601 323 2
601 323 2
600 323 2
599 323 0
599 322 29
599 322 29
599 321 29
598 321 5
597 321 5
597 321 5
597 321 5
596 321 0
595 321 0
595 320 15
594 320 0
593 320 0
593 319 26
592 319 0
591 319 0
591 318 0
591 318 0
589 317 0
589 317 0
589 317 0
589 316 0
588 316 0
587 315 0
587 315 0
587 315 0
587 314 0
586 313 0
585 313 0
585 312 0
585 312 0
585 311 0
585 311 0
584 310 0
583 309 0
583 308 0
583 307 24
583 307 24
582 306 0
582 305 0
582 304 0
582 303 11
581 303 0
581 303 0
581 302 0
581 301 0
581 301 0
581 300 0
581 299 0
581 299 0
581 298 9
581 297 9
581 297 9
581 296 15
581 295 32
581 295 32
581 294 32
581 293 42
581 293 42
581 292 42
581 291 50
581 291 50
581 290 44
581 289 44
581 289 44
581 288 40
580 287 40
580 286 53
580 285 53
580 285 53
580 283 62
580 283 62
580 282 62
580 281 48
580 281 48
580 280 48
580 279 55
580 279 55
580 278 50
580 277 50
580 277 50
580 276 42
580 275 42
580 275 42
580 274 39
580 273 39
580 273 39
580 272 27
580 271 19
580 271 19
580 270 19
580 269 16
580 269 16
580 268 16
580 267 16
580 267 16
580 266 15
580 265 15
580 265 15
580 264 6
580 263 6
580 263 6
580 262 0
580 261 0
580 261 0
580 260 0
580 259 0
581 259 0
581 259 0
581 258 0
581 257 0
581 257 0
581 256 0
581 255 0
582 255 0
582 254 0
582 253 0
583 253 12
583 252 0
583 251 0
583 251 0
584 250 0
584 249 0
585 249 1
585 249 1
585 248 1
586 248 1
586 247 0
587 247 0
587 247 0
587 246 0
588 246 15
589 245 0
589 245 0
590 245 0
591 244 0
591 244 0
591 243 0
592 243 0
593 243 0
593 243 0
593 242 0
594 242 0
595 241 0
595 241 0
596 241 0
597 240 0
597 240 0
597 239 0
598 239 0
599 239 0
599 239 0
600 238 0
601 237 0
601 237 0
602 237 0
603 237 0
603 236 0
603 235 0
604 235 0
605 235 0
605 235 0
605 235 0
605 234 0
606 233 0
607 233 9
607 232 9
608 232 9
608 231 15
608 231 15
609 230 36
609 229 36
609 229 36
609 228 40
609 227 40
609 227 40
609 226 35
609 225 27
609 225 27
609 224 27
609 223 39
609 223 39
609 222 39
609 221 56
608 221 47
608 221 47
608 220 47
607 220 47
607 219 56
607 219 56
606 219 48
606 218 57
605 217 57
605 217 57
604 217 46
604 216 55
603 215 36
603 215 36
602 215 36
601 214 43
601 213 77
600 213 77
599 213 60
599 212 60
598 211 62
597 211 62
597 210 62
596 209 66
595 209 66
595 209 66
594 208 51
593 208 51
593 207 51
593 207 51
592 206 49
591 205 23
591 205 23
591 205 23
591 204 50
591 203 50
590 203 50
589 203 31
589 202 43
589 201 42
589 201 42
589 201 42
588 200 42
588 199 29
587 199 0
587 199 0
587 198 0
586 197 0
586 197 0
585 197 0
585 196 0
584 196 0
583 196 0
583 196 0
582 196 0
582 197 12
582 197 12
583 198 11
583 199 11
583 199 11
583 199 11
584 199 11
584 200 30
585 201 16
585 201 16
585 201 16
585 202 24
586 202 24
586 203 36
586 203 36
587 204 21
587 205 27
587 205 27
587 205 27
588 206 16
588 207 9
589 207 9
589 207 9
589 208 9
589 209 6
590 209 0
590 209 0
591 210 0
591 211 0
591 211 0
592 212 0
592 213 0
593 213 5
593 213 5
593 214 13
593 214 13
594 215 28
594 215 28
595 215 12
595 216 12
595 217 10
596 218 10
597 219 11
597 219 11
598 220 25
598 221 25
598 221 25
599 222 26
599 223 26
599 223 26
599 224 27
599 225 27
599 225 27
599 226 50
599 227 44
599 227 44
599 228 44
598 229 57
597 229 57
597 229 57
597 230 57
597 231 53
596 231 59
595 231 59
595 232 46
595 232 46
595 233 46
594 233 56
593 234 50
593 234 50
592 235 63
591 235 56
591 235 56
590 235 56
589 235 49
589 235 49
588 235 49
587 235 42
587 235 42
586 235 38
585 235 38
585 234 38
585 234 38
585 233 59
584 233 51
583 233 51
583 232 51
583 232 51
583 231 60
583 231 60
582 231 39
582 230 66
581 229 29
581 229 29
581 228 49
581 227 49
580 227 49
580 227 49
580 226 49
579 225 52
579 225 52
579 225 52
578 224 52
578 223 63
577 223 42
577 223 42
577 222 42
576 221 68
576 221 68
575 220 49
575 219 55
575 219 55
574 218 43
573 217 43
573 217 43
573 216 43
572 216 10
572 215 10
571 215 10
571 214 23
571 213 35
571 213 35
571 212 35
570 212 4
570 211 18
570 211 18
569 211 3
569 210 3
569 209 10
569 209 10
569 208 29
569 207 29
568 207 29
568 206 24
568 205 24
568 205 24
567 204 3
567 203 3
567 203 3
567 202 1
567 201 2
567 201 2
567 200 2
567 199 14
567 199 14
567 199 14
Stop
New Slice
Start
627 322 38
627 323 55
627 323 55
626 324 55
625 325 66
625 325 66
625 326 112
624 326 112
624 327 112
623 327 77
623 327 77
622 328 90
622 329 90
621 329 90
621 329 90
620 329 52
619 330 102
619 331 102
618 331 62
617 331 62
617 332 106
615 333 101
615 333 101
613 333 62
613 334 62
612 335 116
611 335 82
609 335 53
608 336 26
607 336 26
606 337 75
605 337 75
605 337 75
604 337 38
603 337 22
603 337 22
601 337 20
600 337 20
599 337 25
598 337 14
597 337 14
597 337 14
596 337 0
595 337 0
594 337 0
593 338 27
593 338 27
592 338 27
591 339 19
591 339 19
590 339 19
589 339 15
589 339 15
588 339 15
587 339 6
587 339 6
586 339 0
586 339 0
585 339 0
585 339 0
584 339 0
583 340 53
583 340 53
582 340 46
581 340 34
581 341 34
580 341 34
579 341 24
579 341 24
578 341 24
577 341 12
576 341 12
576 341 12
575 341 12
575 341 12
574 341 12
573 341 12
572 341 9
571 341 9
571 341 9
570 341 0
569 341 0
569 342 26
568 342 26
567 342 39
567 342 39
566 342 39
565 342 60
565 341 29
565 341 29
565 339 37
566 339 18
567 338 18
567 337 66
568 337 43
568 337 43
569 337 43
569 336 92
569 335 92
570 335 77
570 335 77
571 335 42
571 334 66
572 333 66
572 333 66
572 332 77
573 331 50
573 331 50
573 330 50
573 329 47
573 329 47
573 328 47
573 327 48
573 327 48
573 326 48
573 325 34
573 325 34
573 324 6
573 323 6
573 323 6
573 322 7
573 321 7
573 321 7
573 320 22
573 319 36
573 319 36
573 318 36
573 317 56
573 317 56
573 316 56
573 315 64
573 315 64
573 314 58
573 313 58
573 313 58
574 311 58
574 310 64
574 309 64
574 309 64
574 308 84
575 307 23
575 307 23
575 306 23
575 305 6
575 305 6
575 304 6
575 303 0
575 302 0
575 301 0
575 301 0
575 300 3
575 299 3
575 299 3
575 298 2
574 297 22
574 297 22
574 296 10
573 295 2
573 295 2
573 294 2
573 293 0
573 293 0
573 292 0
573 291 2
573 291 2
572 290 37
572 289 37
571 289 37
571 289 37
571 288 33
571 287 33
571 286 16
571 285 16
571 285 16
571 284 12
571 283 5
571 283 5
571 282 5
571 281 6
571 281 6
571 280 6
571 279 2
571 279 2
571 278 0
571 277 0
571 277 0
571 276 0
571 275 0
571 274 0
571 273 0
571 273 0
571 272 2
572 272 2
572 271 5
572 270 5
572 269 20
573 269 0
573 269 0
573 268 0
573 267 0
573 267 0
573 266 0
574 265 0
574 265 0
574 264 0
574 263 0
574 263 0
574 262 16
575 262 0
575 261 0
575 261 0
575 260 0
575 259 2
575 259 2
575 258 2
575 257 11
575 257 11
576 256 0
576 255 0
576 255 0
576 254 0
576 253 0
576 253 0
576 252 2
577 251 2
577 251 2
577 250 14
577 249 14
577 249 14
577 248 14
577 247 23
577 247 23
577 246 23
577 245 40
577 245 40
577 244 40
577 243 48
577 243 48
577 242 25
577 241 25
577 241 25
577 240 29
577 239 29
576 239 29
576 238 22
576 237 8
575 235 32
575 235 32
575 234 32
575 232 15
575 231 6
575 229 8
575 229 8
574 229 32
574 228 13
573 227 13
573 227 13
573 227 13
572 227 33
572 226 13
571 225 16
571 225 16
571 224 16
570 223 27
569 222 47
569 221 39
569 220 39
568 219 17
568 218 4
567 217 34
567 217 34
567 215 28
566 215 28
565 214 35
565 213 29
565 213 29
565 213 29
564 213 29
563 212 61
563 211 37
563 211 37
563 211 37
562 211 59
562 210 59
561 209 39
560 209 58
559 209 58
559 209 58
559 208 42
559 207 42
558 207 61
558 207 61
558 206 51
558 205 51
557 205 75
557 205 75
557 203 60
557 203 60
557 202 35
557 201 16
557 201 16
557 200 16
557 199 19
557 199 19
557 198 19
557 198 19
558 197 34
559 197 31
559 197 31
560 197 31
561 196 68
561 196 68
562 196 68
563 196 75
563 197 37
563 197 37
564 198 0
564 199 0
564 199 0
565 199 0
565 200 0
565 201 0
565 201 0
565 202 0
565 202 0
565 203 0
565 203 0
566 204 3
566 205 1
566 205 1
566 206 1
567 207 7
567 207 7
567 208 7
567 209 5
568 209 10
568 210 3
568 211 3
569 211 3
569 212 0
569 213 0
569 213 0
569 213 0
570 214 0
570 215 0
570 215 0
571 216 10
571 217 9
571 218 9
572 219 3
572 219 3
572 220 7
573 221 22
573 221 22
573 222 14
573 223 14
574 223 14
574 224 5
575 224 13
575 225 13
575 225 13
575 225 13
575 226 3
576 227 0
577 227 0
577 228 0
577 229 0
577 229 0
578 229 0
579 230 0
579 231 0
579 231 0
580 232 9
581 232 9
581 233 9
581 233 9
582 233 31
583 234 29
583 234 29
584 234 29
585 234 38
585 234 38
586 235 38
587 235 42
587 235 42
588 235 49
589 235 49
589 235 49
590 235 56
591 235 56
591 235 56
592 235 63
593 235 50
593 235 50
594 234 50
595 234 26
595 233 46
596 233 46
597 232 30
597 231 53
598 231 53
598 231 53
599 230 31
599 229 31
599 229 31
599 228 44
599 228 44
599 227 44
599 227 44
599 226 50
599 225 27
599 225 27
599 224 27
599 223 26
599 223 26
599 222 26
599 221 5
598 221 25
597 219 11
597 219 11
596 218 10
595 217 10
595 217 10
594 216 28
594 215 28
593 215 28
593 215 28
593 214 13
593 213 5
592 213 0
591 213 15
591 212 15
591 211 0
590 211 0
589 211 17
589 210 17
589 209 6
589 209 6
588 209 6
587 208 23
587 207 23
587 207 23
586 207 55
586 206 52
585 206 52
585 205 52
585 205 52
584 204 61
584 203 61
583 203 61
583 203 61
583 202 42
583 201 30
582 201 50
582 201 50
582 200 50
582 199 36
581 199 57
581 199 57
581 198 57
581 197 36
581 197 36
581 197 36
581 196 10
581 195 10
581 195 10
581 194 0
581 194 0
582 194 0
582 193 0
583 193 0
583 193 0
584 193 0
585 194 0
585 194 0
585 195 0
585 195 0
586 196 0
586 197 0
587 197 0
587 198 0
587 199 0
587 199 0
587 200 19
588 201 42
588 201 42
589 202 43
589 203 31
589 203 31
589 204 31
589 205 16
589 205 16
590 206 23
591 207 10
591 207 10
591 208 10
591 208 10
591 209 0
592 209 19
593 209 43
593 210 21
593 211 21
594 211 21
595 212 18
595 212 18
595 213 18
596 213 18
596 213 18
597 213 38
597 214 15
598 215 13
599 215 18
599 215 18
600 216 22
600 217 5
601 217 5
601 217 5
601 217 5
602 217 25
602 218 25
603 218 25
604 219 45
604 219 45
605 219 48
605 220 39
605 220 39
606 221 39
606 221 39
607 222 23
607 223 23
607 224 10
607 225 10
608 225 10
608 225 10
608 226 6
608 227 15
608 227 15
608 228 15
608 229 11
608 229 11
608 230 11
608 231 15
608 231 15
608 232 9
607 233 9
607 233 9
607 233 9
607 234 16
606 235 0
606 236 19
605 236 19
605 237 19
605 237 19
604 237 0
604 238 18
603 239 6
603 239 6
603 239 6
602 240 6
602 241 49
601 241 32
601 241 32
601 241 32
600 242 32
599 243 34
599 243 34
598 243 2
598 244 56
597 245 56
597 245 56
596 245 39
595 245 39
594 246 49
594 247 49
593 247 49
593 247 49
592 247 40
591 247 29
591 248 67
590 248 67
589 249 45
589 249 45
589 249 45
589 250 76
588 250 76
588 251 61
587 251 45
587 252 45
587 252 45
587 253 52
586 253 36
586 254 36
585 255 51
585 255 51
585 256 51
585 257 51
584 257 33
584 257 33
583 258 34
583 259 34
583 259 34
583 260 54
583 261 54
582 261 29
582 262 29
581 263 6
581 263 6
581 264 6
581 265 15
581 265 15
581 266 15
581 267 16
581 267 16
580 268 16
580 269 16
580 269 16
579 270 0
579 271 0
579 271 0
579 272 0
579 273 4
579 273 4
579 274 4
579 275 11
579 275 11
579 276 11
579 277 25
578 277 25
578 278 25
578 279 22
578 279 22
578 280 17
578 281 17
578 281 17
578 282 32
578 283 32
578 283 32
578 284 26
578 285 19
578 285 19
578 286 19
578 287 0
578 287 0
578 288 0
578 289 0
578 289 0
578 290 0
578 291 9
579 291 9
579 292 0
579 293 0
579 294 0
579 295 0
579 295 0
580 296 15
580 297 9
580 297 9
580 298 9
581 299 0
581 300 0
581 301 0
582 302 18
583 303 47
583 304 28
583 305 28
583 305 28
583 306 24
584 306 24
584 307 24
584 307 24
585 308 30
585 309 14
586 309 14
586 310 14
587 311 24
587 311 24
587 311 24
588 312 57
589 313 25
589 313 25
590 313 60
590 314 60
591 315 36
591 315 36
592 315 53
593 315 69
593 316 53
594 317 53
595 317 80
595 317 80
596 317 80
597 318 69
597 319 69
598 319 69
599 319 82
599 319 82
600 319 96
601 320 89
601 321 48
601 321 48
602 321 64
603 321 64
603 321 64
604 322 73
604 323 43
605 323 60
605 323 60
607 324 72
607 324 72
608 324 72
609 324 82
609 324 82
610 324 82
611 324 84
611 324 84
612 325 39
613 325 39
613 325 39
614 325 34
615 325 34
615 325 34
616 325 28
617 325 28
617 325 28
618 325 28
619 325 23
619 325 23
620 325 23
621 325 28
621 325 28
622 325 28
622 324 28
623 324 18
623 324 18
624 324 29
625 323 29
625 323 29
626 323 55
626 323 55
627 323 55
627 322 38
628 322 62
628 321 62
629 321 89
629 321 89
629 321 89
Stop
New Slice
Start
625 325 66
625 324 29
625 325 66
624 325 66
623 326 77
623 326 77
623 327 77
622 327 44
621 327 44
621 327 44
621 328 90
620 328 52
619 329 52
619 329 52
618 329 14
617 329 14
617 329 14
616 329 0
615 329 0
614 330 4
613 330 0
613 331 0
612 331 0
611 331 0
611 331 0
610 331 0
609 331 0
609 332 0
608 332 0
607 333 0
607 333 0
606 333 0
605 333 0
603 334 0
603 334 0
603 335 0
602 335 0
601 335 0
601 335 0
601 335 0
600 335 0
600 336 0
599 336 0
599 336 0
598 337 14
597 337 14
597 337 14
596 337 0
595 337 0
595 338 32
594 338 27
593 338 27
593 339 27
592 339 27
591 339 19
591 339 19
590 339 19
589 339 15
589 339 15
589 339 15
587 339 6
587 339 6
585 340 53
585 340 53
584 340 53
583 340 53
583 340 53
582 340 46
582 341 46
581 341 34
581 341 34
580 341 34
579 341 24
579 341 24
579 341 24
578 342 80
577 342 71
577 342 71
576 342 71
575 343 67
574 343 61
573 343 61
572 343 51
571 343 51
571 343 51
570 343 35
569 343 26
569 343 26
568 343 26
567 343 39
567 343 39
566 343 39
565 343 60
565 341 29
564 341 29
564 341 29
564 340 29
564 339 37
564 339 37
565 339 37
565 339 37
565 338 37
566 338 18
567 338 18
567 338 18
568 337 43
569 337 43
569 337 43
570 336 77
571 335 42
571 335 42
571 334 66
572 334 66
572 333 66
573 333 27
573 332 43
573 332 43
573 331 50
573 331 50
573 330 50
573 329 47
574 328 47
574 327 48
574 327 48
574 326 48
574 325 34
574 325 34
574 324 6
574 323 6
574 323 6
574 322 7
574 321 7
574 321 7
574 320 22
574 319 36
574 319 36
574 318 36
574 317 56
574 317 56
574 316 56
574 315 64
574 315 64
574 314 58
574 313 58
574 313 58
573 312 58
573 311 58
573 310 64
573 309 64
573 309 64
573 308 84
573 307 63
573 307 63
573 306 63
573 305 46
573 305 46
572 303 82
572 303 82
572 302 59
572 301 59
572 301 59
572 300 52
572 299 52
572 299 52
572 298 51
572 297 51
571 297 51
571 297 51
571 296 44
571 295 35
571 295 35
571 293 26
571 293 26
571 292 26
571 291 35
571 291 35
571 290 37
571 289 37
571 289 37
571 288 33
571 287 33
571 287 33
571 286 16
571 285 16
571 285 16
571 284 12
571 283 5
571 283 5
571 282 5
571 281 6
571 281 6
571 280 6
571 279 2
571 279 2
571 278 0
571 277 0
571 277 0
571 276 0
571 275 0
571 274 0
571 273 0
571 273 0
571 272 2
571 271 5
571 271 5
571 270 5
571 269 20
571 269 20
571 268 20
571 267 23
571 267 23
571 266 30
571 265 30
571 265 30
571 263 28
571 263 28
571 262 36
571 261 55
571 261 55
571 260 55
571 259 62
571 259 62
571 258 62
571 257 65
572 257 65
572 257 65
572 256 65
572 255 64
572 255 64
573 254 51
573 253 51
573 252 49
573 251 49
574 251 49
574 250 56
575 250 37
575 249 45
575 249 45
575 248 45
575 248 45
575 247 46
576 247 23
576 246 23
576 245 40
577 245 40
577 244 40
577 243 48
577 243 48
577 243 48
577 242 25
578 241 13
578 241 13
578 240 16
578 239 16
578 239 16
578 238 0
578 237 0
578 237 0
578 236 0
578 235 0
578 235 0
578 234 0
578 233 0
578 233 0
577 232 0
577 231 0
577 231 0
577 230 0
577 229 0
577 229 0
576 229 0
575 227 3
575 227 3
575 227 3
575 226 3
575 225 13
574 225 5
573 225 5
573 223 14
573 223 14
573 223 14
572 222 16
571 221 7
571 221 7
571 220 7
570 219 0
569 219 17
569 219 17
569 218 4
569 217 4
568 217 4
568 217 4
567 217 34
567 216 28
567 215 28
566 215 28
565 214 35
565 213 29
565 213 29
564 212 29
564 211 12
563 211 37
563 211 37
562 209 39
561 209 39
561 208 23
560 207 42
560 207 42
560 206 27
559 206 27
559 205 27
559 205 27
558 205 51
558 204 31
558 203 31
559 203 6
559 202 0
559 202 0
560 201 0
561 201 0
561 201 0
562 201 0
562 200 0
563 200 0
563 200 0
564 200 0
565 201 0
565 201 0
565 201 0
566 203 3
567 203 3
567 205 1
567 205 1
568 206 24
568 207 29
569 207 29
569 208 29
569 208 29
569 209 10
570 209 29
570 210 18
570 211 18
570 211 18
571 211 40
571 213 35
571 213 35
572 213 35
572 214 23
573 215 43
573 215 43
573 216 43
573 217 43
574 217 43
574 217 43
574 218 43
575 218 66
575 219 55
575 219 55
575 220 49
575 221 49
576 221 68
576 221 68
577 223 42
577 223 42
577 224 29
577 225 29
578 225 52
579 226 29
579 227 19
579 228 19
580 229 29
580 229 29
581 230 29
581 231 10
581 231 10
582 231 39
582 232 31
583 232 51
584 233 51
585 233 59
585 233 59
586 233 59
587 233 60
587 233 60
588 233 64
589 233 64
589 233 64
590 233 72
591 233 72
591 233 72
592 233 61
593 233 56
594 233 56
595 233 46
595 233 46
596 233 46
597 233 30
597 233 30
598 233 30
598 233 30
598 232 30
598 231 53
599 231 23
599 230 31
599 229 31
599 229 31
599 228 44
599 227 44
599 227 44
599 226 50
599 225 27
599 225 27
599 224 27
599 223 26
599 223 26
599 222 26
599 221 5
599 221 5
598 220 25
597 220 25
597 219 11
597 219 11
596 218 10
595 218 10
595 217 10
595 217 10
595 217 10
594 216 28
593 216 28
592 215 51
592 215 51
591 215 76
591 214 44
591 214 44
590 213 15
589 213 33
589 213 33
588 212 33
587 212 59
587 211 47
587 211 47
587 211 47
586 210 80
585 210 80
585 209 67
585 209 67
585 209 67
584 208 87
583 207 87
583 207 87
583 206 74
581 205 104
581 205 104
581 203 87
580 203 87
580 203 87
579 203 91
579 202 77
579 201 77
579 201 77
579 201 77
578 201 77
578 200 77
578 199 69
578 199 69
579 199 69
579 198 69
579 198 69
580 198 57
581 198 57
581 198 57
582 198 36
583 198 11
584 198 11
585 198 0
585 199 0
585 199 0
586 199 0
587 200 19
587 201 19
587 201 19
588 201 42
589 202 43
589 203 31
590 203 50
590 204 50
591 205 23
592 206 49
593 207 51
593 208 51
594 209 43
595 209 66
595 210 47
596 211 47
597 211 62
597 212 38
598 213 38
599 213 60
599 214 29
600 215 22
601 215 22
601 216 22
602 217 25
603 217 25
603 218 25
603 218 25
604 219 45
605 219 48
605 220 39
606 221 39
606 221 39
607 222 23
607 223 23
607 223 23
607 224 10
607 225 10
607 225 10
607 226 6
607 227 15
607 227 15
607 228 15
607 229 11
607 230 11
607 231 15
607 232 9
606 233 0
605 233 0
605 234 0
605 234 0
605 235 0
604 235 0
604 236 0
603 237 0
603 237 0
603 237 0
602 238 0
601 239 0
601 239 0
601 239 0
600 239 0
600 240 0
599 241 4
598 241 0
597 241 0
597 242 0
597 242 0
596 243 0
595 243 0
595 243 0
594 244 15
593 245 15
593 245 15
592 245 0
591 246 29
591 247 29
590 247 29
589 248 45
589 249 45
588 249 45
588 250 76
587 251 45
587 251 45
587 251 45
586 253 36
585 253 36
585 254 36
585 255 51
585 257 51
584 257 33
584 257 33
584 258 34
584 259 34
583 259 34
583 259 34
583 261 54
583 261 54
583 262 53
583 263 62
583 263 62
583 265 60
583 265 60
583 266 60
583 267 56
582 267 45
582 267 45
582 268 43
582 269 43
582 269 43
582 271 41
582 272 51
582 273 68
581 273 39
581 273 39
581 274 39
581 275 42
581 275 42
581 276 42
581 277 50
581 277 50
581 278 50
581 279 55
581 279 55
581 280 48
581 281 48
581 281 48
581 282 62
581 283 62
581 283 62
581 284 59
581 285 53
581 285 53
581 286 53
581 287 40
581 287 40
581 288 40
581 289 44
581 289 44
581 290 44
581 291 50
581 292 42
581 293 42
581 294 32
581 295 32
581 295 32
581 296 15
581 296 15
581 297 9
581 297 9
581 298 9
581 299 0
582 299 19
582 299 19
583 300 49
583 301 51
583 301 51
583 302 51
583 303 47
583 303 47
583 304 28
584 305 28
585 305 57
585 306 52
585 307 52
585 307 52
585 308 30
585 309 14
585 309 14
585 310 14
586 311 0
587 312 24
587 313 0
587 313 0
587 314 0
587 315 0
588 315 11
588 316 0
589 316 0
589 317 0
590 317 8
591 317 8
591 318 0
591 319 0
592 319 0
593 319 26
593 319 26
594 319 26
595 319 54
595 320 15
596 320 15
596 321 0
597 321 5
597 321 5
598 321 5
599 321 29
599 321 29
600 322 48
601 322 48
601 323 2
601 323 2
602 323 24
603 323 24
604 323 43
605 323 60
605 323 60
606 323 60
607 323 72
607 323 72
608 323 72
609 323 82
609 323 82
610 323 82
611 323 84
611 323 84
612 323 87
613 323 87
613 323 87
614 323 87
615 323 87
615 323 87
616 323 77
617 323 64
617 323 64
619 323 44
619 323 44
620 323 44
621 323 28
621 323 28
622 323 28
623 323 18
623 323 18
623 322 37
624 322 28
625 322 28
625 321 28
626 321 38
627 321 38
627 321 38
627 321 38
Stop
