New Slice
Start
497 205 0
497 204 0
497 204 0
496 204 0
495 204 0
495 204 0
494 204 0
493 204 0
493 205 0
492 205 7
492 206 2
491 207 3
491 208 3
491 209 4
491 209 4
491 210 4
491 211 0
490 211 11
490 211 11
490 212 8
490 213 8
490 213 8
490 214 3
490 215 3
490 215 3
489 216 0
489 217 0
489 217 0
489 218 8
489 219 10
489 219 10
489 220 10
489 221 11
489 221 11
489 222 11
489 223 7
489 223 7
489 224 0
489 225 0
489 225 0
489 226 0
489 227 0
489 227 0
489 228 0
489 229 0
489 229 0
489 230 0
489 231 0
489 231 0
489 233 0
489 234 0
489 235 0
489 235 0
488 236 17
488 237 17
488 237 17
487 239 19
487 239 19
487 240 13
487 241 13
487 241 13
487 242 6
487 243 3
487 243 3
487 244 3
487 245 5
487 245 5
487 246 5
487 247 9
487 248 5
487 249 5
487 249 5
487 250 10
487 251 10
487 251 10
487 252 15
487 253 15
488 254 14
489 255 9
489 256 9
489 257 15
489 257 15
489 258 15
489 259 23
490 259 23
490 260 28
491 261 19
491 261 19
491 262 24
491 263 24
491 263 24
491 264 29
492 265 29
493 265 20
493 266 34
493 267 51
494 267 38
494 269 46
495 269 46
495 269 46
495 270 46
496 271 31
496 271 31
497 271 31
497 272 31
497 273 31
498 273 26
499 274 14
499 275 14
499 275 14
499 275 14
500 276 13
501 277 6
501 277 6
501 277 6
502 278 5
502 279 15
502 279 15
503 280 4
503 281 12
503 281 12
504 281 12
504 283 15
505 283 1
505 284 4
505 285 4
505 285 4
505 286 7
506 287 0
506 287 0
506 288 0
506 289 0
506 289 0
506 290 0
506 291 0
506 291 0
506 292 0
507 293 0
507 293 0
507 294 0
507 295 1
507 296 5
507 297 5
507 297 5
507 299 6
507 299 6
507 300 10
507 301 10
507 302 7
507 303 5
507 303 5
507 304 5
507 305 10
507 305 10
507 306 10
507 307 22
507 307 22
507 308 18
507 309 18
507 309 18
507 310 12
507 311 12
507 311 12
507 312 18
507 313 18
507 313 18
507 314 18
507 315 19
507 315 19
507 316 19
507 317 19
507 317 19
507 318 19
507 319 14
507 319 14
507 320 11
507 321 11
507 321 11
507 322 8
507 323 8
507 324 2
507 325 2
507 325 2
507 326 1
507 327 0
506 327 0
505 329 1
505 329 1
505 330 1
504 331 10
503 331 10
503 331 10
503 332 0
503 333 0
502 333 13
501 333 13
501 334 5
500 335 13
499 335 13
499 335 13
499 336 0
498 336 9
497 337 21
497 337 21
496 337 21
495 338 10
495 338 10
494 339 0
493 339 2
493 339 2
492 339 7
491 339 7
491 339 7
490 339 11
489 339 11
489 340 11
489 340 11
488 340 12
487 340 12
487 340 12
486 340 14
485 340 20
485 340 20
484 341 7
483 341 8
483 341 8
482 341 8
481 341 5
481 341 5
480 341 5
479 341 5
479 341 5
478 341 10
477 341 10
477 341 10
476 341 16
475 341 16
475 340 22
474 340 19
473 340 21
473 339 21
472 339 21
471 339 25
470 338 27
469 338 20
469 337 21
468 337 11
468 337 11
467 336 11
466 336 15
466 335 8
465 335 8
465 335 8
464 335 9
463 334 9
462 333 14
461 333 16
461 333 16
461 332 16
460 332 16
460 331 7
459 331 7
459 330 2
459 329 2
458 329 2
458 329 2
457 328 5
457 327 5
457 327 5
457 326 1
457 325 0
456 324 1
456 323 0
456 323 0
456 322 0
456 321 0
456 321 0
456 320 0
456 319 0
456 319 0
456 318 0
456 317 0
456 317 0
456 316 0
456 315 0
456 315 0
456 314 3
456 313 5
457 313 14
457 311 12
458 310 24
458 309 17
459 308 17
459 307 10
459 307 10
459 306 6
460 305 23
461 305 23
461 304 12
461 303 12
462 301 0
463 301 6
463 301 6
463 300 6
463 299 0
464 299 0
465 299 0
465 298 0
465 298 0
465 297 0
466 297 0
467 297 0
467 297 0
468 297 0
469 297 0
469 297 0
470 297 0
471 297 0
471 297 0
472 297 0
473 297 0
473 297 0
474 297 0
475 297 0
475 297 0
476 297 0
477 297 0
477 297 0
478 298 12
479 298 2
479 298 2
480 299 2
481 299 0
481 299 0
482 300 7
483 301 7
483 301 7
483 301 7
484 301 0
484 302 14
485 303 28
485 303 28
486 303 15
487 303 9
487 304 9
488 304 9
489 304 13
489 304 13
490 304 13
490 303 13
491 303 24
491 303 24
491 302 0
492 301 0
493 301 0
493 300 0
493 299 0
494 299 5
494 298 5
494 297 1
495 297 1
495 295 4
495 295 4
495 293 7
495 293 7
495 291 7
495 291 7
495 290 7
495 289 15
495 289 15
495 287 18
495 287 18
495 286 18
495 285 18
495 285 18
495 284 18
495 283 18
495 283 18
495 282 16
495 281 16
495 281 16
495 280 22
495 279 22
495 279 22
494 279 22
494 278 31
493 277 21
493 277 21
493 276 21
493 275 29
492 275 17
492 274 17
491 274 17
491 273 32
491 273 32
490 272 20
489 272 20
489 272 20
489 271 40
488 271 37
487 271 37
487 271 37
487 271 37
486 271 33
485 271 27
485 271 27
485 270 57
484 270 57
483 270 57
483 270 57
482 270 57
481 270 52
480 270 45
479 270 45
479 270 45
477 270 44
477 270 44
475 270 50
475 270 50
474 271 37
473 271 45
473 271 45
471 272 29
471 272 29
470 272 29
469 273 38
469 273 38
468 273 47
467 273 47
467 274 12
467 274 12
466 274 20
465 275 20
465 275 20
464 275 29
463 276 0
463 276 0
463 277 0
462 277 5
461 277 22
461 277 22
461 278 0
460 279 0
459 279 0
459 280 0
458 281 0
458 281 0
457 281 0
457 282 0
457 283 0
456 283 0
456 284 0
455 285 0
455 285 0
455 285 0
455 286 0
454 286 0
454 287 0
454 287 0
454 288 0
453 289 0
453 289 0
453 289 0
453 290 0
453 291 0
453 291 0
452 291 0
452 292 0
452 293 0
451 294 0
451 295 0
451 295 0
451 296 0
450 297 0
450 298 0
450 299 0
450 299 0
450 300 0
450 301 0
450 301 0
450 302 0
449 302 0
449 303 4
449 303 4
449 304 4
449 305 9
449 305 9
449 306 9
449 307 9
449 307 9
449 308 12
449 309 12
449 309 12
449 310 15
449 311 15
449 311 15
450 312 3
450 313 3
450 313 3
450 314 10
451 315 0
451 315 0
451 316 0
451 317 4
451 317 4
452 318 4
452 319 5
452 319 5
453 319 0
453 320 1
453 321 1
453 321 1
453 322 8
453 323 8
454 323 8
454 324 11
454 325 11
455 325 1
455 325 1
455 326 7
455 327 14
455 327 14
456 328 14
456 329 20
457 330 10
457 331 18
457 331 18
457 332 31
458 333 18
459 333 18
459 334 31
459 334 31
459 335 31
460 335 25
460 335 25
461 335 25
461 336 36
462 337 29
463 337 21
464 337 21
465 338 28
465 339 43
467 339 34
467 339 34
468 339 34
469 339 28
469 339 28
470 339 25
471 339 25
471 339 25
472 340 21
473 341 22
473 341 22
474 341 19
475 341 16
476 341 16
477 341 10
477 342 10
478 342 10
479 342 5
479 342 5
480 343 13
481 343 7
481 343 7
482 343 6
483 343 6
483 343 6
484 343 5
484 344 20
485 344 20
485 344 20
486 344 17
487 344 14
487 344 14
488 344 14
489 344 14
489 344 14
490 344 14
491 344 16
492 344 16
493 344 19
493 344 19
494 344 22
495 344 22
495 344 22
496 344 25
497 343 0
497 343 0
498 343 2
499 343 8
499 343 8
500 343 8
500 342 0
501 342 2
501 341 2
502 341 2
503 341 11
503 341 11
504 341 11
505 340 6
505 340 6
506 340 12
507 339 12
507 339 12
508 339 24
509 339 24
509 338 12
510 338 29
511 337 31
511 337 31
511 337 31
511 336 31
512 336 31
512 335 21
512 335 21
513 334 35
513 333 24
513 333 24
513 332 24
514 332 24
514 331 7
514 331 7
515 330 17
515 329 17
515 328 14
516 327 14
517 326 28
517 325 30
517 325 30
517 324 30
517 323 26
517 323 26
517 322 26
518 321 47
518 321 47
518 320 47
519 319 46
519 319 46
519 318 42
519 317 42
519 317 42
519 316 43
519 315 43
519 315 43
519 314 43
519 313 38
519 313 38
519 312 38
519 311 31
519 311 31
519 310 31
519 309 30
519 309 30
519 308 30
519 307 34
519 307 34
519 306 28
519 305 28
519 305 28
519 304 28
519 303 28
519 303 28
519 302 26
519 301 22
519 301 22
519 300 22
519 299 22
519 299 22
519 298 22
518 297 25
518 297 25
518 296 25
518 295 29
518 295 29
518 294 28
518 293 28
517 293 13
517 293 13
517 292 19
517 291 19
517 291 19
517 290 19
517 289 22
516 289 9
516 289 9
516 288 9
516 287 20
516 287 20
515 287 20
515 286 20
515 285 28
515 285 28
515 284 28
514 283 24
514 283 24
514 282 31
513 282 31
513 281 31
513 281 31
513 280 47
513 280 47
513 279 47
513 279 47
512 279 38
511 278 46
511 277 46
510 277 35
509 276 29
509 275 37
509 275 37
508 274 37
507 273 39
507 273 39
507 273 39
506 272 39
506 271 34
505 271 30
505 270 41
504 269 41
503 269 41
503 268 46
503 267 46
502 267 38
502 266 32
501 266 32
501 265 28
501 264 28
500 263 16
500 263 16
499 261 21
499 261 21
499 260 21
499 259 22
499 259 22
499 258 27
498 257 11
497 257 0
497 256 7
497 255 7
497 255 7
497 254 9
497 253 6
497 253 6
497 252 6
497 251 10
497 251 10
497 250 10
497 249 6
497 249 6
497 248 6
497 247 13
497 247 13
497 246 5
497 245 5
497 245 5
497 244 0
497 243 0
497 243 0
498 242 7
498 241 0
499 241 8
499 240 8
500 240 8
500 239 5
501 239 10
501 238 10
502 238 10
503 238 19
503 237 15
503 237 15
504 237 15
505 236 17
505 236 17
505 235 5
506 235 16
507 235 16
507 235 16
507 234 7
508 234 28
508 233 28
509 233 28
509 232 23
509 231 23
509 231 23
509 230 15
509 229 13
509 229 13
509 228 13
509 227 11
509 227 11
509 226 11
508 226 11
507 226 4
507 226 4
506 226 4
505 226 9
504 226 23
504 227 23
503 227 23
503 228 20
502 229 30
502 229 30
501 230 29
501 231 22
501 231 22
500 232 30
500 233 31
499 233 31
499 233 31
499 234 31
499 234 31
498 235 27
497 235 22
497 235 22
496 236 3
495 236 0
495 236 0
494 236 0
493 236 0
493 236 0
492 236 0
492 235 0
492 235 0
492 234 10
492 233 10
492 233 10
492 232 8
492 231 8
492 231 8
492 230 4
492 229 3
492 229 3
492 228 3
492 227 2
492 227 2
492 226 2
492 225 1
493 225 16
493 225 16
493 224 16
494 224 28
494 223 17
495 223 17
495 223 17
495 223 17
496 222 29
496 221 29
496 221 29
496 220 24
497 220 24
497 219 24
497 219 24
497 218 12
497 217 0
498 217 20
498 217 20
498 216 20
498 215 12
498 215 12
499 214 31
499 213 17
499 213 17
499 212 17
499 211 15
499 211 15
499 210 11
499 209 11
499 209 11
499 208 10
499 207 10
498 207 0
497 207 0
497 206 0
497 205 0
496 205 0
495 205 0
495 205 0
495 205 0
Stop
New Slice
Start
497 216 0
498 215 12
499 215 31
499 215 31
500 214 31
500 213 17
501 213 30
501 213 30
501 212 30
501 211 34
501 211 34
501 210 28
501 209 28
501 209 28
501 208 25
501 207 25
500 207 10
499 206 21
499 206 21
499 205 32
498 205 15
497 205 0
497 205 0
496 205 0
495 205 0
495 205 0
494 205 0
493 205 0
493 205 0
493 206 0
492 206 2
491 207 3
491 207 3
490 208 27
489 209 26
489 209 26
489 209 26
489 211 11
489 211 11
488 211 29
488 212 21
488 213 21
488 213 21
488 214 13
488 215 13
488 215 13
488 216 9
488 217 9
488 217 9
488 218 16
488 219 24
488 219 24
488 220 24
488 221 30
488 221 30
488 222 30
488 223 27
488 223 27
488 224 16
488 225 16
488 225 16
488 226 11
488 227 11
487 227 11
487 228 0
487 229 0
487 229 0
487 230 0
487 231 0
487 231 0
487 232 0
487 233 1
487 233 1
487 234 1
487 235 10
487 235 10
487 236 17
487 237 17
487 239 19
488 239 19
488 240 13
488 241 13
489 241 0
489 242 0
489 243 0
489 243 0
489 244 0
489 245 0
489 245 0
489 246 0
490 247 0
490 247 0
491 248 0
491 249 0
491 249 0
491 251 0
491 251 0
491 251 0
491 253 0
492 254 0
492 255 4
493 255 2
493 256 2
493 257 0
493 257 0
493 259 3
493 259 3
494 259 0
494 260 0
494 261 0
494 261 0
494 262 3
494 263 3
495 263 3
495 263 3
495 264 11
495 265 11
495 265 11
495 266 21
495 267 38
496 267 23
497 267 23
497 269 35
497 269 35
497 270 35
498 270 20
498 271 21
498 271 21
499 272 18
499 273 18
499 273 18
499 274 14
499 275 14
500 275 14
500 276 13
500 277 13
501 277 6
501 278 5
501 279 15
501 279 15
502 280 15
502 281 22
502 281 22
503 282 12
503 283 15
503 284 20
503 285 20
504 285 20
504 286 23
504 287 23
504 287 23
504 288 23
505 289 12
505 291 8
505 292 8
505 293 10
505 295 17
506 297 5
506 299 6
506 300 10
506 301 10
507 303 5
507 303 5
507 305 10
507 306 10
507 307 22
507 307 22
507 308 18
507 309 18
507 309 18
507 310 12
507 311 12
507 311 12
507 312 18
507 313 18
507 313 18
507 314 18
507 315 19
507 315 19
507 317 19
507 317 19
507 318 19
507 319 14
506 319 14
506 320 11
506 321 11
506 321 11
506 322 8
505 323 29
505 323 29
505 324 23
505 325 23
505 325 23
505 326 17
504 326 38
504 327 31
504 328 31
504 329 18
504 329 18
503 330 18
503 331 10
503 332 0
503 333 0
503 333 0
503 334 0
502 334 5
502 335 5
502 335 5
501 335 5
501 336 0
501 336 0
500 337 0
500 337 0
499 337 0
499 338 0
499 338 0
498 339 0
497 339 0
497 339 0
495 340 0
495 340 0
494 340 0
493 341 0
493 341 0
492 341 1
491 341 1
491 341 1
490 341 0
489 341 0
489 341 0
488 341 1
487 341 1
487 341 1
486 341 4
485 341 7
485 341 7
484 341 7
483 341 8
482 341 8
481 341 5
481 341 5
480 341 5
479 341 5
479 341 5
478 341 10
477 341 10
477 341 10
476 341 16
475 341 16
475 341 16
474 341 19
473 341 22
473 340 21
472 340 21
471 340 25
471 339 25
471 339 25
471 339 25
470 339 25
469 339 28
469 338 20
469 338 20
468 338 19
467 337 11
467 337 11
466 336 15
466 335 8
465 335 8
465 335 8
465 335 8
464 335 9
464 334 9
463 333 9
463 333 9
463 332 9
462 331 9
462 331 9
461 331 7
461 330 3
461 329 3
460 328 3
460 327 3
459 326 0
459 325 0
459 325 0
459 324 0
459 323 0
458 323 0
458 322 0
458 321 7
458 321 7
458 320 7
457 320 0
457 319 2
457 319 2
457 318 4
457 317 4
457 316 8
457 315 8
457 315 8
457 314 12
457 313 14
457 312 14
457 311 12
457 311 12
457 309 4
457 309 4
457 308 4
457 307 0
458 307 10
459 306 6
459 305 6
459 305 6
460 304 12
461 304 12
461 303 12
461 303 12
462 303 27
463 302 27
464 302 27
465 302 34
465 302 34
466 301 16
467 301 23
468 301 23
469 301 28
469 301 28
470 301 33
471 301 33
472 301 34
473 301 34
473 301 34
474 301 29
475 301 27
475 301 27
477 301 27
478 301 27
479 301 23
479 301 23
480 302 34
480 303 36
481 303 37
481 303 37
481 303 37
482 303 38
483 304 38
483 305 45
484 305 37
485 305 37
485 305 37
486 306 27
487 306 26
487 306 26
488 306 26
489 306 37
489 306 37
490 306 37
491 306 50
491 306 50
492 306 50
492 305 50
493 305 53
493 305 53
493 304 32
494 304 36
494 303 36
494 303 36
494 302 18
494 301 5
494 301 5
495 300 5
495 299 5
495 298 5
495 297 1
495 297 1
495 296 1
495 295 4
495 295 4
495 294 7
495 293 7
495 293 7
495 292 7
495 291 7
495 290 7
495 289 15
495 288 15
495 287 18
495 287 18
494 286 18
493 285 2
493 285 2
493 283 3
493 283 3
493 283 3
493 281 2
492 281 0
492 280 0
492 279 0
491 278 0
491 277 4
491 277 4
491 276 4
491 275 17
490 275 2
489 274 2
489 273 20
489 273 20
489 272 20
489 271 40
488 271 37
487 271 37
487 270 61
486 269 60
485 269 57
485 269 57
484 269 57
483 269 57
483 269 57
482 269 57
481 269 52
481 269 52
480 269 45
479 269 45
479 269 45
478 269 44
477 269 44
477 270 44
475 270 50
475 270 50
474 271 37
473 271 45
473 271 45
472 271 45
471 271 52
471 272 29
470 273 29
470 273 29
469 273 38
469 273 38
468 273 47
468 274 12
467 274 12
467 275 12
466 275 20
466 275 20
465 275 20
465 276 0
464 276 0
463 277 0
463 277 0
462 277 5
461 278 0
461 278 0
461 279 0
460 279 0
459 279 0
459 280 0
457 281 0
457 281 0
456 281 6
456 282 6
455 283 0
454 283 9
453 283 9
453 284 0
452 285 18
452 285 18
451 285 18
451 286 9
451 287 9
451 287 9
451 288 4
450 289 27
450 291 5
449 293 16
449 293 16
449 293 16
449 295 10
449 295 10
449 297 6
449 297 6
449 298 4
449 299 4
449 299 4
449 300 0
449 301 0
449 301 0
449 302 0
449 303 4
449 303 4
449 304 4
449 305 9
449 305 9
449 306 9
449 307 9
449 307 9
449 308 12
449 309 12
449 309 12
449 310 15
449 311 15
450 311 3
450 312 3
450 313 3
451 313 0
451 314 0
451 315 0
451 315 0
451 315 0
452 315 0
452 317 4
453 317 0
453 318 0
453 318 0
454 319 0
454 319 0
455 320 0
455 321 0
455 321 0
456 323 0
456 323 0
457 324 0
457 325 0
457 325 0
458 326 0
458 327 0
458 327 0
459 327 0
459 328 0
459 329 2
459 330 2
460 330 3
460 331 7
461 331 7
461 332 16
461 333 16
462 333 14
462 334 17
463 334 9
463 335 9
463 335 9
464 335 9
465 336 15
465 337 15
465 337 15
465 337 15
466 338 28
467 339 34
467 339 34
469 340 28
469 341 38
470 341 29
471 341 29
471 341 29
471 341 29
472 341 22
473 342 22
474 343 37
475 343 32
475 343 32
476 343 32
477 343 23
477 344 54
478 344 54
479 344 41
479 345 41
479 345 41
481 345 30
481 345 30
482 345 22
483 345 22
483 345 22
483 346 52
484 346 50
485 346 50
485 346 50
486 346 47
487 346 44
487 346 44
488 346 44
489 346 43
489 346 43
490 346 43
491 346 46
491 346 46
492 346 46
493 346 51
493 346 51
494 346 56
495 346 56
495 345 22
496 345 25
497 345 25
497 345 25
498 345 27
499 344 35
499 344 35
499 343 8
500 343 8
501 343 19
502 343 19
502 342 2
503 341 11
503 341 11
504 341 11
504 341 11
505 341 16
505 341 16
505 340 6
506 339 12
507 339 12
507 339 12
507 339 12
508 338 12
509 338 12
509 337 0
510 337 13
511 336 31
511 335 21
511 335 21
512 334 21
512 333 9
512 333 9
513 333 24
513 332 24
513 331 7
513 331 7
513 330 0
513 329 0
513 329 0
514 328 0
514 327 0
514 327 0
514 326 0
514 325 0
514 325 0
514 324 0
514 323 0
515 323 6
515 323 6
515 322 6
515 321 0
515 321 0
515 320 0
515 319 0
515 319 0
515 318 0
515 317 0
515 317 0
515 316 0
515 315 0
515 315 0
515 314 0
515 313 0
516 313 0
516 312 0
516 311 0
516 311 0
516 310 0
516 309 0
516 309 0
516 308 0
516 307 0
517 307 17
517 306 9
517 305 9
517 304 7
517 303 7
517 303 7
517 302 3
517 301 2
517 301 2
517 300 2
517 299 4
517 299 4
517 298 4
517 297 7
517 297 7
517 296 7
517 295 12
517 294 13
517 293 13
517 293 13
517 292 19
517 291 19
517 291 19
517 290 19
516 289 9
516 289 9
515 288 9
515 287 20
515 287 20
515 286 20
515 285 28
514 285 14
514 284 14
514 283 24
513 283 24
513 283 24
513 282 31
512 281 20
511 281 20
511 280 38
511 279 38
510 279 30
509 278 21
509 277 29
509 277 29
509 276 29
508 276 29
508 275 37
507 275 33
507 275 33
507 275 33
507 274 33
506 273 39
506 273 39
505 273 31
505 272 31
505 271 30
505 271 30
504 271 29
504 270 41
503 269 41
503 269 41
503 268 46
502 267 38
502 267 38
501 267 38
501 266 32
501 265 28
501 265 28
500 264 11
499 263 16
499 262 16
499 262 16
499 261 21
499 261 21
499 260 21
499 259 22
498 259 5
498 259 5
498 258 11
498 257 11
498 257 11
497 257 0
497 256 7
497 255 7
497 255 7
497 254 9
497 253 6
497 253 6
497 253 6
497 251 10
497 251 10
497 250 10
497 249 6
497 249 6
497 248 6
497 247 13
497 247 13
497 246 5
497 246 5
497 245 5
498 245 14
498 245 14
498 244 11
499 243 26
499 243 26
500 243 26
500 242 19
501 242 27
501 242 27
502 241 16
503 241 24
503 241 24
503 241 24
504 241 24
505 240 32
505 239 26
506 239 35
506 239 35
507 239 35
507 238 35
508 237 33
509 237 33
509 236 33
509 235 31
509 235 31
510 234 47
510 233 47
510 233 47
510 232 41
510 231 41
510 231 41
510 230 34
510 229 33
510 229 33
510 228 33
510 227 25
510 227 25
510 226 25
510 225 29
510 225 29
510 224 29
510 223 36
509 223 30
509 223 30
509 222 44
508 222 44
507 222 42
507 222 42
506 223 30
505 224 25
505 225 25
505 225 25
505 226 9
505 227 9
505 227 9
505 228 6
505 229 6
505 229 6
505 230 6
504 230 16
504 231 12
504 231 12
503 233 6
503 233 6
503 233 6
503 234 6
502 234 20
502 235 13
501 235 13
501 235 13
500 235 23
500 236 9
499 236 9
499 236 9
498 236 7
497 236 3
497 236 3
496 236 3
496 235 22
495 235 16
495 234 27
495 234 27
495 233 27
494 233 27
493 233 22
493 232 23
493 231 23
493 231 23
492 230 4
492 229 3
492 228 3
492 227 2
492 227 2
492 226 2
492 225 1
492 225 1
492 224 1
492 223 0
493 223 5
493 222 0
493 221 0
493 221 0
493 221 0
494 220 6
495 219 6
495 218 0
495 217 0
495 217 0
495 217 0
496 216 0
497 216 0
497 216 0
Stop
New Slice
Start
497 217 0
497 216 0
498 216 20
499 215 31
499 215 31
499 214 31
499 214 31
499 213 17
499 213 17
499 212 17
499 211 15
499 211 15
499 210 11
499 209 11
499 209 11
499 208 10
499 207 10
498 207 0
498 206 4
497 205 0
497 205 0
496 205 0
495 205 0
495 204 0
495 204 0
494 204 0
493 204 0
493 205 0
492 205 7
491 206 2
491 206 2
491 207 3
490 207 27
489 207 27
489 208 27
489 209 26
489 209 26
489 209 26
489 210 26
489 211 11
489 211 11
488 212 21
488 213 21
488 213 21
488 214 13
488 215 13
487 215 13
487 216 9
487 217 9
487 217 9
487 218 16
487 219 24
487 219 24
487 220 24
487 221 30
487 223 27
487 223 27
487 224 16
487 225 16
487 225 16
487 226 11
487 227 11
487 227 11
487 228 0
487 229 0
487 229 0
487 230 0
487 231 0
487 231 0
487 232 0
487 233 1
487 234 1
487 235 10
487 235 10
487 236 17
487 237 17
487 237 17
487 238 19
487 239 19
487 239 19
487 240 13
487 241 13
487 241 13
487 242 6
487 243 3
487 245 5
487 245 5
487 247 9
487 247 9
488 249 5
488 249 5
488 251 10
489 252 5
489 253 5
489 254 4
489 255 9
489 255 9
489 256 9
489 257 15
490 258 15
490 259 23
490 259 23
490 260 28
490 261 28
491 261 19
491 262 24
491 263 24
492 263 24
492 264 29
493 265 20
493 266 34
493 267 51
494 267 38
494 269 46
494 269 46
495 271 41
496 272 31
496 273 31
497 273 31
497 274 29
497 275 29
498 275 23
498 276 26
499 277 13
499 277 13
499 277 13
499 278 14
500 278 14
500 279 24
501 279 15
501 280 15
501 281 22
502 282 22
503 283 15
503 283 15
503 285 20
504 285 20
504 286 23
505 287 7
505 287 7
505 288 12
505 289 12
505 290 9
506 290 0
506 291 0
506 292 0
507 292 0
507 293 0
507 293 0
507 293 0
507 294 0
507 295 1
508 295 0
508 296 0
508 297 0
508 297 0
508 298 0
508 299 0
508 299 0
508 300 0
508 301 0
508 301 0
508 302 0
508 303 0
508 303 0
508 304 0
508 305 0
508 305 0
508 306 0
508 307 4
508 307 4
508 308 0
508 309 0
508 309 0
508 310 0
508 311 0
508 312 0
508 313 0
508 313 0
507 315 19
507 315 19
507 316 19
507 318 19
507 319 14
507 319 14
507 320 11
507 321 11
507 321 11
506 322 8
506 323 8
506 323 8
506 324 2
505 324 23
505 325 23
505 325 23
505 326 17
505 327 9
504 327 31
504 328 31
504 329 18
503 329 18
503 329 18
503 329 18
503 330 18
503 331 10
502 331 25
502 332 13
502 333 13
501 333 13
501 333 13
501 334 5
500 335 13
500 335 13
499 336 0
499 337 0
499 337 0
499 337 0
498 338 1
497 339 0
497 339 0
496 339 0
495 340 0
495 340 0
494 340 0
493 340 2
493 340 2
492 340 7
491 340 7
491 340 7
489 340 11
489 340 11
488 340 12
487 340 12
486 340 14
485 340 20
485 340 20
483 340 27
483 340 27
482 340 27
481 340 29
481 340 29
480 340 29
479 340 29
479 340 29
478 340 26
477 340 26
477 340 26
476 340 22
475 340 22
475 340 22
474 340 19
473 340 21
473 340 21
472 340 21
471 339 25
470 339 25
469 339 28
469 338 20
469 337 21
468 337 11
467 337 11
467 337 11
467 336 11
466 335 8
465 335 8
465 335 8
465 334 8
465 333 10
464 333 9
463 332 9
463 331 11
463 331 11
463 331 11
463 330 15
462 329 8
462 329 8
461 329 3
461 328 3
461 327 3
461 327 3
460 326 1
460 325 5
459 324 0
459 323 0
459 323 0
459 322 0
459 321 7
459 321 7
458 321 7
458 319 14
458 319 14
457 319 2
457 318 4
457 317 4
457 317 4
457 317 4
457 316 8
457 315 8
457 315 8
457 314 12
457 313 14
457 313 14
457 312 14
457 311 12
457 311 12
457 310 12
457 309 4
457 309 4
457 308 4
457 308 4
458 307 10
458 307 10
459 306 6
459 305 6
459 305 6
460 305 23
461 304 12
461 303 12
461 303 12
462 303 27
463 303 35
463 302 27
465 301 16
465 301 16
465 301 16
466 301 16
467 300 23
467 300 23
468 299 1
469 299 11
469 299 11
470 299 17
471 299 17
471 299 17
472 299 19
473 299 19
473 299 19
474 299 17
475 299 15
476 299 15
477 299 12
477 299 12
478 299 12
479 299 2
479 300 23
479 300 23
480 300 23
480 301 23
481 301 17
481 301 17
482 301 7
482 302 25
483 302 25
484 303 28
484 303 28
485 303 28
485 303 28
486 303 15
487 304 9
487 304 9
488 304 9
489 304 13
489 304 13
490 304 13
491 304 24
491 304 24
492 304 24
493 303 32
493 303 32
493 303 32
493 302 9
493 301 0
493 301 0
494 300 5
494 299 5
494 298 5
494 297 1
494 297 1
494 296 1
494 295 4
494 295 4
494 294 7
494 293 7
494 293 7
494 292 7
494 291 7
494 291 7
494 290 7
494 289 15
494 289 15
494 288 15
494 287 18
494 287 18
494 286 18
494 285 18
494 285 18
494 284 18
494 283 18
494 283 18
494 282 16
494 281 16
494 281 16
494 280 22
494 279 22
494 279 22
493 278 13
493 277 21
493 276 21
492 276 4
492 275 17
491 275 17
491 274 17
491 274 17
490 273 20
489 273 20
489 272 20
488 272 9
487 272 9
487 271 37
486 271 33
485 271 27
485 271 27
484 271 27
483 271 24
483 271 24
482 271 24
481 271 19
481 271 19
480 271 18
479 271 18
479 271 18
478 271 20
477 271 20
477 271 20
475 272 0
475 272 0
474 273 5
473 273 16
473 273 16
471 273 29
471 273 29
470 274 0
469 274 4
469 274 4
468 275 12
467 275 12
467 275 12
467 275 12
465 276 0
465 276 0
465 277 0
463 277 0
463 277 0
463 278 0
461 278 0
461 279 0
461 279 0
460 279 0
459 280 0
459 281 0
458 281 0
457 281 0
457 282 0
456 282 6
455 283 0
455 283 0
455 284 0
454 284 0
453 285 0
453 285 0
453 286 0
452 286 9
451 287 9
451 287 9
450 288 27
450 289 27
449 289 41
449 290 33
449 291 22
448 292 22
447 293 31
447 293 31
447 294 31
447 295 27
447 295 27
447 296 20
447 297 20
447 297 20
447 298 19
447 299 19
447 299 19
447 300 14
446 300 14
446 301 14
446 302 17
446 303 19
446 303 19
446 304 19
446 305 21
446 305 21
446 306 21
446 307 24
446 307 24
446 308 26
446 309 26
446 309 26
446 311 29
446 311 29
446 312 35
446 313 35
446 313 35
446 314 43
447 315 44
447 315 44
447 316 44
447 317 50
447 317 50
448 318 37
448 319 42
449 319 42
449 320 43
449 321 43
449 322 51
449 323 51
450 323 36
450 324 46
451 325 29
451 325 29
451 326 35
451 327 42
452 327 42
453 328 28
453 329 36
454 330 36
455 331 31
455 331 31
455 331 31
456 332 47
457 333 31
457 333 31
458 333 18
459 334 31
459 334 31
460 335 25
461 335 25
461 335 25
462 336 29
463 336 21
464 337 21
465 337 15
465 337 15
466 337 15
466 337 15
467 337 11
467 338 19
468 338 19
469 339 28
469 339 28
470 339 25
471 339 25
471 340 25
472 340 21
473 340 21
473 341 22
474 341 19
475 341 16
475 341 16
476 341 16
477 341 10
477 341 10
478 342 10
479 342 5
479 342 5
480 342 5
481 343 7
481 343 7
482 343 6
483 343 6
484 343 5
485 343 5
485 344 20
486 344 17
487 344 14
487 344 14
488 344 14
489 344 14
489 344 14
490 344 14
491 344 16
491 344 16
493 344 19
493 344 19
494 344 22
495 344 22
495 344 22
496 344 25
496 343 0
497 343 0
497 343 0
497 343 0
498 343 2
499 343 8
499 342 0
500 341 0
501 341 2
501 341 2
501 341 2
502 341 2
503 340 3
503 340 3
503 339 3
504 339 3
505 339 6
505 339 6
506 339 12
507 339 12
507 338 3
507 337 0
508 337 0
509 337 0
509 337 0
510 336 13
510 335 9
511 335 21
511 335 21
512 335 21
512 334 21
513 334 35
513 333 24
513 333 24
514 331 7
515 331 30
515 329 17
515 328 14
516 327 14
516 327 14
516 326 9
517 326 28
517 325 30
517 325 30
517 324 30
517 323 26
517 322 26
517 321 16
517 321 16
517 320 16
517 319 18
517 319 18
517 318 18
517 317 18
518 317 42
518 316 43
518 315 43
518 314 43
519 313 38
519 313 38
519 312 38
519 311 31
519 311 31
519 310 31
519 309 30
519 308 30
519 307 34
519 307 34
519 306 28
519 305 28
519 305 28
519 304 28
519 303 28
519 303 28
519 302 26
519 301 22
519 301 22
518 299 22
518 299 22
518 298 22
518 297 25
517 297 7
517 296 7
517 295 12
517 295 12
517 294 13
516 293 0
516 293 0
516 292 2
515 291 2
515 290 8
514 290 0
514 289 0
514 289 0
513 288 0
513 287 3
513 287 3
513 287 3
512 286 0
512 285 0
511 285 0
511 284 0
511 284 0
510 283 0
509 282 1
509 281 1
508 280 17
508 279 17
507 279 5
507 279 5
506 278 14
506 277 25
505 277 16
505 275 24
504 275 15
504 275 15
503 274 15
503 273 19
503 273 19
502 273 13
502 272 13
502 271 24
501 271 24
501 271 24
501 270 34
501 269 34
500 269 20
499 267 21
499 267 21
499 265 11
499 265 11
498 264 1
498 263 6
498 262 6
498 261 6
497 261 0
497 260 0
497 259 0
497 258 0
497 257 0
497 257 0
497 256 7
497 255 7
497 255 7
497 254 9
497 253 6
497 253 6
497 252 6
497 251 10
497 251 10
497 250 10
497 249 6
497 249 6
497 247 13
497 247 13
497 246 5
497 245 5
498 245 14
498 245 14
499 245 26
499 244 26
499 243 26
500 243 26
500 242 19
501 241 16
501 241 16
501 240 16
502 240 16
502 239 10
503 239 19
503 239 19
504 237 15
504 237 15
505 236 17
505 235 5
505 235 5
505 234 0
505 233 0
506 233 7
506 233 7
506 232 8
506 231 8
507 231 8
507 231 8
507 231 8
507 230 8
507 229 3
507 229 3
508 229 13
508 228 13
508 227 11
508 227 11
508 226 11
508 225 15
508 225 15
508 224 15
507 224 14
507 224 14
506 224 14
505 224 25
505 224 25
504 224 41
504 225 41
504 225 41
504 226 23
504 227 23
504 227 23
504 228 20
504 229 20
503 229 20
503 229 20
503 230 16
503 231 12
503 231 12
503 232 12
503 233 6
503 233 6
502 233 20
502 234 20
502 235 13
502 235 13
501 235 13
501 236 11
500 237 9
499 237 9
499 237 9
498 237 7
497 237 3
497 236 3
496 236 3
496 235 22
495 235 16
495 234 27
495 234 27
494 233 27
494 233 27
493 233 22
493 232 23
493 231 23
493 230 20
492 230 4
491 229 3
491 228 3
491 227 2
491 227 2
491 226 2
491 225 1
491 225 1
491 224 1
491 223 0
492 223 0
493 222 0
493 221 0
493 221 0
493 221 0
494 220 6
495 220 6
495 219 6
495 219 6
495 218 0
495 217 0
495 217 0
Stop
