New Layer
Start
1201 332 34
1201 332 34
1201 332 34
1200 332 35
1199 332 37
1198 332 36
1197 332 36
1196 332 36
1195 332 35
1195 332 35
1194 332 35
1193 332 35
1193 332 35
1192 332 37
1192 332 37
1191 332 38
1190 332 40
1190 333 31
1189 333 33
1188 333 35
1187 333 37
1187 333 37
1186 333 39
1185 333 39
1185 333 39
1184 333 39
1184 334 30
1183 334 30
1183 334 30
1182 334 30
1181 334 30
1180 334 30
1180 335 22
1179 335 23
1179 335 23
1179 335 23
1178 335 24
1178 335 24
1177 335 24
1177 335 24
1176 334 31
1176 334 31
1175 334 28
1175 334 28
1175 334 28
1174 333 32
1174 333 32
1174 333 32
1174 333 32
1173 332 35
1173 332 35
1173 332 35
1173 332 35
1172 332 32
1172 331 40
1172 331 40
1171 331 39
1171 331 39
1171 331 39
1170 331 38
1170 331 38
1169 331 39
1169 330 47
1168 330 49
1168 330 49
1167 330 50
1166 330 53
1164 331 53
1164 331 53
1164 331 53
1163 331 57
1163 332 51
1163 332 51
1162 333 48
1162 333 48
1162 334 41
1161 335 41
1161 335 41
1161 336 33
1160 336 38
1160 336 38
1160 337 32
1159 337 37
1159 338 31
1158 338 36
1158 339 33
1158 339 33
1157 340 36
1157 341 33
1157 341 33
1156 341 38
1156 342 33
1155 343 31
1155 343 31
1155 343 31
1154 344 29
1153 344 31
1153 344 31
1152 345 28
1151 345 30
1150 345 31
1150 346 26
1149 346 28
1148 346 31
1147 346 34
1147 347 29
1146 347 33
1145 348 31
1144 348 35
1143 349 34
1142 350 32
1141 351 30
1140 351 35
1140 351 35
1139 352 33
1138 352 37
1137 352 41
1136 353 39
1135 353 43
1134 354 38
1133 354 42
1132 354 46
1130 355 43
1130 356 36
1129 356 40
1128 356 42
1128 357 37
1127 357 41
1126 358 39
1126 358 39
1125 359 41
1124 361 37
1123 362 39
1123 362 39
1122 362 44
1122 363 40
1121 364 43
1121 365 39
1120 366 40
1119 367 42
1119 367 42
1118 368 42
1118 368 42
1117 369 41
1117 369 41
1116 370 41
1116 371 37
1115 371 40
1115 372 36
1115 373 33
1114 374 33
1114 374 33
1114 375 31
1114 376 30
1114 377 29
1114 378 28
1114 378 28
1114 379 27
1114 380 26
1113 380 31
1113 381 29
1113 382 27
1113 382 27
1113 383 26
1113 383 26
1112 384 28
1112 384 28
1112 384 28
1112 385 26
1111 385 30
1111 385 30
1111 385 30
1110 386 27
1110 386 27
1110 386 27
1109 386 30
1108 386 33
1108 387 28
1107 387 31
1106 388 30
1105 389 32
1104 390 34
1104 391 32
1103 393 34
1102 394 39
1102 395 38
1102 395 38
1102 396 37
1102 397 36
1102 398 36
1102 398 36
1102 399 34
1102 399 34
1101 400 39
1101 401 39
1101 402 39
1101 402 39
1101 403 39
1101 403 39
1101 404 38
1100 404 43
1100 405 42
1100 406 39
1100 407 37
1100 408 34
1099 409 35
1099 410 32
1099 410 32
1098 411 34
1098 412 31
1098 412 31
1097 413 34
1096 414 35
1096 415 32
1095 416 38
1094 417 40
1094 417 40
1094 418 37
1094 418 37
1093 419 41
1093 420 37
1093 421 33
1093 421 33
1093 422 30
1093 424 25
1093 424 25
1093 425 24
1093 426 23
1093 426 23
1093 427 23
1093 428 24
1093 428 24
1093 429 24
1093 429 24
1094 430 21
1094 430 21
1094 430 21
1094 430 21
1093 430 26
1093 430 26
1093 430 26
Stop
Start
1200 332 35
1200 332 35
1201 332 34
1201 332 34
1202 332 32
1202 331 38
1203 331 36
1204 331 33
1204 330 39
1205 330 37
1205 330 37
1205 330 37
1206 330 37
1206 330 37
1207 330 38
1207 330 38
1208 330 40
1210 331 41
1210 332 35
1212 333 34
1212 333 34
1212 334 29
1213 335 25
1213 335 25
1213 335 25
1214 335 27
1214 336 22
1215 336 23
1215 336 23
1216 336 26
1217 337 22
1218 337 26
1220 337 32
1221 338 29
1221 338 29
1222 338 33
1222 339 29
1223 340 28
1224 340 34
1224 341 30
1225 342 29
1226 342 33
1226 342 33
1227 342 37
1228 342 40
1229 342 43
1230 342 45
1232 342 48
1233 342 49
1233 343 41
1234 343 44
1234 343 44
1234 343 44
1234 343 44
1235 344 44
1235 344 44
1235 345 39
1236 346 44
1236 347 40
1236 348 36
1236 348 36
1236 349 33
1236 349 33
1236 350 30
1236 350 30
1236 351 27
1236 352 25
1236 353 24
1236 354 24
1236 354 24
1236 355 25
1236 355 25
1236 356 25
1236 357 25
1236 358 23
1236 358 23
1236 359 21
1236 360 20
1236 361 18
1236 361 18
1236 362 17
1237 362 21
1237 362 21
1237 363 19
1238 363 24
1239 364 24
1241 364 31
1242 365 27
1243 365 30
1244 365 33
1244 366 26
1245 366 28
1245 366 28
1246 366 30
1246 367 24
1247 367 28
1248 368 25
1248 370 13
1249 370 17
1249 371 13
1250 372 16
1250 372 16
1250 373 14
1250 373 14
1251 374 17
1251 375 15
1251 375 15
1252 376 19
1252 377 17
1252 377 17
1253 378 20
1253 378 20
1254 379 24
1254 380 22
1255 381 28
1255 383 23
1256 384 26
1256 384 26
1257 386 25
1258 387 26
1258 388 24
1258 388 24
1258 389 22
1259 390 26
1259 392 25
1259 393 24
1260 394 30
1260 395 28
1260 396 26
1260 396 26
1260 397 23
1260 397 23
1261 398 24
1261 398 24
1262 399 24
1263 401 19
1263 402 16
1264 402 21
1264 403 19
1265 404 22
1265 404 22
1266 405 27
1266 406 27
1266 406 27
1266 406 27
1267 407 31
1267 408 29
1267 408 29
1268 409 32
1268 410 31
1268 410 31
1268 411 31
1268 411 31
1268 412 31
1268 412 31
1268 413 32
1269 414 38
1269 414 38
1269 415 39
1269 415 39
1269 416 39
1269 417 40
1269 417 40
1269 417 40
1269 418 41
1269 418 41
1269 418 41
1269 419 41
1269 419 41
1268 420 36
1268 420 36
1268 421 38
1268 422 40
1267 422 34
1267 423 35
1266 423 27
1266 424 29
1266 424 29
1266 425 29
1266 425 29
1265 425 21
1265 426 22
1265 426 22
1265 426 22
1265 426 22
1265 427 24
1265 428 25
1265 428 25
1265 429 25
1265 430 23
1265 430 23
1265 431 22
1265 432 21
1265 432 21
1265 432 21
1265 433 19
1265 433 19
1265 434 19
1265 434 19
1266 435 25
1266 435 25
1266 436 24
1266 436 24
1266 437 25
1267 437 30
1267 438 30
1267 438 30
1267 439 31
1267 439 31
1267 440 31
1267 441 30
1268 442 32
1268 443 30
1268 444 29
1268 444 29
1268 445 27
1268 445 27
1268 446 27
1268 446 27
1268 447 26
1268 447 26
1269 448 28
1269 448 28
1269 449 27
1269 450 26
1269 450 26
1269 451 24
1269 452 23
1269 453 21
1269 454 20
1269 455 19
1269 456 19
1269 457 18
1269 457 18
1269 458 18
1269 458 18
1269 459 18
1269 459 18
1269 459 18
1269 459 18
1269 460 18
1269 460 18
1269 461 18
1269 461 18
1269 461 18
1269 462 19
1269 462 19
1269 463 19
1269 463 19
1269 463 19
1269 464 20
1269 464 20
1269 465 21
1269 465 21
1270 465 23
1270 466 24
1270 466 24
1270 467 25
1270 467 25
1270 467 25
1270 468 26
1270 468 26
1270 468 26
1270 468 26
1270 468 26
1270 469 25
1270 469 25
Stop
Start
1270 469 25
1270 469 25
1270 470 24
1270 472 24
1270 473 25
1271 473 28
1271 474 28
1271 474 28
1271 476 26
1271 477 25
1271 478 22
1271 479 21
1271 479 21
1271 480 20
1271 481 19
1271 482 18
1271 483 18
1271 484 18
1271 485 18
1271 486 18
1271 488 19
1271 489 20
1271 490 20
1271 491 20
1271 492 20
1271 493 21
1272 494 22
1272 496 23
1272 498 26
1272 499 27
1272 501 27
1272 502 27
1272 503 27
1272 504 26
1272 505 24
1272 506 22
1272 506 22
1272 507 20
1272 507 20
1272 508 19
1271 509 18
1271 509 18
1271 510 17
1271 511 17
1271 512 17
1271 512 17
1271 513 17
1271 514 17
1271 515 16
1271 515 16
1271 516 16
1271 518 16
1271 518 16
1270 520 14
1270 521 15
1270 522 15
1270 522 15
1270 523 17
1270 523 17
1270 524 18
1269 524 14
1269 525 17
1269 525 17
1269 525 17
1269 526 18
1269 526 18
1269 526 18
1269 527 19
1269 528 20
1269 528 20
1269 529 18
1269 529 18
1269 530 16
1269 531 15
1269 531 15
1269 532 15
1269 532 15
1269 533 15
1269 533 15
1269 534 16
1269 534 16
1269 534 16
1269 535 17
1269 535 17
Stop
Start
1269 535 17
1269 536 17
1269 536 17
1268 536 14
1268 537 14
1268 538 15
1268 538 15
1268 539 15
1267 540 14
1267 541 16
1267 542 18
1267 542 18
1267 542 18
1266 544 18
1266 545 21
1265 546 19
1265 547 22
1264 548 22
1264 548 22
1263 550 23
1262 550 20
1262 551 23
1261 552 23
1261 553 26
1260 554 26
1260 554 26
1259 555 23
1259 556 24
1258 557 20
1258 558 20
1257 559 17
1257 560 17
1256 561 14
1256 562 13
1255 563 14
1255 564 16
1254 566 19
1254 566 19
1254 567 21
1253 568 22
1253 569 24
1252 570 24
1251 571 18
1250 572 14
1250 574 16
1249 575 14
1249 576 16
1248 577 15
1248 578 17
1247 578 14
1247 579 15
1246 580 13
1246 581 15
1246 581 15
1245 582 14
1245 582 14
1245 583 15
1245 584 18
1244 584 15
1244 584 15
1244 585 17
1243 586 16
1243 586 16
1243 587 17
1242 587 15
1242 588 18
1242 588 18
1242 588 18
1241 589 19
1241 589 19
1241 589 19
1240 590 21
1240 590 21
Stop
Start
1240 590 21
1240 590 21
1239 590 19
1239 590 19
1238 591 20
1238 591 20
1238 591 20
1238 592 21
1237 592 18
1237 593 22
1236 594 21
1236 594 21
1236 595 25
1236 595 25
1235 596 24
1235 596 24
1235 596 24
1234 597 23
1234 597 23
1234 597 23
1234 598 28
1233 598 24
1232 598 20
1232 598 20
1230 599 20
1229 599 19
1229 599 19
1228 599 18
1227 599 18
1227 599 18
1227 599 18
1226 599 18
1226 599 18
1225 599 18
1224 600 21
1222 600 15
1221 601 14
1219 602 12
1217 603 11
1216 603 11
1215 604 14
1214 605 20
1214 605 20
1214 605 20
1213 605 19
1213 605 19
1213 605 19
1213 605 19
1212 606 25
1212 606 25
1210 606 25
1209 606 25
1206 606 26
1205 606 24
1204 606 21
1203 606 20
1202 606 17
1201 606 14
1200 606 15
1199 606 14
1198 606 14
1198 606 14
1197 606 14
1195 607 18
1193 607 18
1191 607 20
1190 607 21
1189 607 21
1188 607 22
1186 607 20
1185 607 19
1184 607 18
1183 608 21
1182 608 21
1181 608 21
1179 609 26
1178 609 23
1178 609 23
1177 609 20
1176 610 21
1175 610 18
1174 610 16
1174 611 21
1173 611 19
1172 611 19
1171 611 20
1171 611 20
1170 612 28
1169 612 28
1167 612 29
1166 612 29
1165 612 28
1164 612 27
1163 612 27
1163 612 27
1162 612 28
1162 612 28
1161 612 29
1160 612 31
1159 612 33
1158 612 34
1157 612 37
1157 612 37
1156 612 39
1155 612 40
1153 612 45
1153 611 37
1152 611 39
1151 611 41
1150 611 44
1150 611 44
1149 610 40
1148 610 43
1146 609 39
1144 608 33
1143 608 34
1141 607 32
1140 607 35
1139 606 33
1138 606 36
1137 605 30
1136 605 32
1136 605 32
1135 604 29
1134 604 31
1133 604 34
1132 603 28
1132 603 28
1131 603 30
1130 603 32
1129 602 26
1128 602 28
1127 602 31
1126 601 27
1125 600 24
1123 600 28
1122 599 23
1121 599 25
1119 598 21
1117 598 25
1116 597 19
1114 597 23
1113 596 21
1112 596 23
1111 596 26
1110 596 28
1109 596 31
1109 595 23
1108 595 26
1107 595 29
1106 595 32
1105 594 29
1105 594 29
1104 594 30
1103 594 33
1102 594 35
1102 593 29
1101 593 31
1101 593 31
1100 593 33
1099 593 35
1099 592 28
1098 592 30
1098 592 30
1097 592 34
1096 591 33
1096 591 33
1096 591 33
1095 590 31
1094 590 35
1094 590 35
1093 589 34
1093 589 34
1093 589 34
1092 589 39
1092 589 39
1092 589 39
1092 589 39
Stop
Start
1092 589 39
1092 589 39
1092 589 39
1092 589 39
1091 589 43
1091 588 38
1090 588 41
1090 587 37
1089 587 41
1089 586 36
1089 586 36
1089 586 36
1088 586 39
1088 585 35
1087 585 38
1087 585 38
1086 584 38
1086 584 38
1085 583 36
1084 582 37
1083 581 40
1083 580 37
1083 580 37
1082 579 37
1082 578 34
1082 578 34
1082 577 30
1081 576 29
1081 575 26
1081 575 26
1081 574 24
1081 574 24
1081 573 22
1081 572 21
1081 572 21
1081 571 20
1081 570 19
1081 569 18
1081 569 18
1081 568 17
1081 568 17
1081 567 16
1081 566 15
1081 565 15
1081 564 15
1081 562 16
1081 561 17
1081 560 17
1081 558 17
1080 557 19
1080 556 19
1080 556 19
1080 555 17
1080 554 16
1079 553 18
1079 552 16
1079 551 15
1078 550 17
1078 548 15
1078 547 14
1077 546 18
1077 544 12
1076 542 10
1076 541 9
1075 540 13
1075 539 11
1074 537 13
1074 537 13
1074 536 11
1073 535 15
1073 534 14
1072 533 15
1072 532 14
1072 531 12
1071 530 12
1070 528 12
1070 526 11
1069 525 15
1069 525 15
1069 524 16
1069 524 16
1069 523 16
1069 522 17
1069 522 17
1069 521 19
1068 520 25
1068 519 28
1068 519 28
1068 518 29
1068 518 29
1068 517 31
1068 517 31
1068 516 33
1068 516 33
1068 515 34
1068 514 36
1068 514 36
1068 513 38
1069 513 33
1069 512 34
1070 511 29
1070 510 30
1070 510 30
1070 509 31
1071 508 26
1071 508 26
1071 507 26
1071 507 26
1072 506 23
1072 505 22
1072 505 22
1072 504 22
1072 504 22
1073 503 20
1073 503 20
1073 502 20
1074 502 16
1074 501 16
1074 500 17
1074 500 17
1075 499 15
1075 499 15
1075 498 16
1075 498 16
1075 497 17
1075 497 17
1075 497 17
1076 496 16
1076 496 16
1076 495 17
1076 495 17
1076 495 17
1076 494 20
1076 494 20
1077 493 19
1077 492 20
1077 492 20
1077 492 20
1077 491 23
1077 490 24
1077 490 24
1078 489 23
1078 488 25
1078 488 25
1078 487 29
1078 486 31
1078 486 31
1079 485 29
1079 483 30
1079 483 30
1079 482 31
1080 481 26
1080 480 27
1080 479 28
1080 479 28
1080 478 28
1080 477 28
1080 476 28
1080 476 28
1080 475 29
1081 474 24
1081 474 24
1081 473 24
1081 473 24
1081 472 24
1081 471 24
1081 471 24
1081 470 25
1081 470 25
1081 470 25
1081 469 26
1082 469 19
1082 468 21
1082 468 21
1082 468 21
1082 467 24
1082 467 24
1082 466 27
1082 466 27
1082 466 27
1082 465 30
1082 465 30
1082 464 34
1082 464 34
1083 464 28
1083 463 31
1083 463 31
1083 463 31
1083 463 31
1083 462 33
1083 462 33
1083 462 33
Stop
Start
1083 462 33
1083 462 33
1083 462 33
1083 461 34
1084 460 27
1084 459 28
1084 459 28
1084 458 29
1084 457 30
1084 456 32
1085 455 28
1085 455 28
1085 454 29
1085 453 30
1085 453 30
1085 452 31
1086 451 25
1086 451 25
1086 450 27
1087 450 21
1088 449 21
1088 448 24
1088 448 24
1089 447 24
1089 446 27
1090 446 23
1090 446 23
1090 445 26
1091 445 22
1092 444 21
1092 444 21
1092 444 21
1092 443 22
1093 443 19
1094 442 16
1094 441 18
1095 441 16
1095 440 18
1095 439 19
1096 439 16
1096 438 18
1096 438 18
1096 437 20
1096 436 21
1096 436 21
1096 436 21
1096 436 21
1096 435 21
1096 435 21
1096 434 19
1096 434 19
1096 434 19
1096 434 19
1096 433 18
1096 433 18
1095 433 21
1095 432 20
1095 432 20
1095 432 20
1095 432 20
1094 431 22
1094 431 22
1094 431 22
1094 431 22
1094 431 22
Stop
Start
1157 708 21
1157 708 21
1157 708 21
1156 708 20
1155 708 21
1155 708 21
1154 708 21
1154 708 21
1152 708 20
1152 708 20
1152 708 20
1151 707 26
1151 707 26
1149 707 24
1148 706 29
1148 706 29
1147 706 28
1146 706 27
1146 706 27
1145 705 33
1144 705 32
1144 705 32
1143 705 30
1143 705 30
1141 705 27
1141 705 27
1140 705 26
1140 705 26
1139 705 26
1138 705 26
1137 705 26
1136 705 27
1135 705 28
1134 705 30
1133 705 31
1132 705 31
1131 705 32
1130 705 32
1130 705 32
1129 705 31
1129 705 31
1128 705 29
1127 705 27
1126 704 35
1126 704 35
1126 704 35
1125 704 32
1125 704 32
1124 704 29
1124 704 29
1123 704 28
1122 704 29
1121 704 32
1120 704 34
1119 704 41
1118 704 45
1117 705 40
1116 705 43
1115 706 37
1115 706 37
1114 706 38
1113 706 40
1113 707 34
1112 707 35
1112 708 28
1111 708 30
1110 708 35
1110 709 29
1109 710 26
1108 710 29
1106 711 32
1106 712 25
1104 712 36
1103 713 36
1102 714 36
1101 715 37
1100 716 37
1099 717 38
1098 718 40
1096 718 50
1095 720 39
1094 721 35
1093 721 38
1092 722 32
1092 722 32
1091 723 30
1091 723 30
1090 724 27
1090 724 27
1089 725 26
1088 726 27
1087 727 28
1085 728 35
1084 730 30
1083 731 30
1082 732 29
1081 733 27
1080 734 25
1079 735 24
1078 736 24
1078 736 24
1077 736 28
1077 737 23
1076 738 24
1075 738 29
1074 739 30
1074 740 26
1073 741 27
1072 741 33
1072 742 29
1071 743 30
1071 743 30
1070 744 32
1070 744 32
1069 745 31
1068 745 36
1068 746 29
1067 747 28
1066 747 33
1066 747 33
1066 748 25
1066 748 25
1065 748 30
1064 749 28
1064 750 21
1063 750 26
1063 751 19
1062 751 25
1062 752 20
1062 752 20
1061 753 22
1061 753 22
1060 754 26
1060 754 26
1060 754 26
1060 754 26
1060 755 21
1059 756 25
1059 756 25
1058 756 32
1058 756 32
1058 757 26
1058 757 26
1058 757 26
1058 758 20
1058 758 20
1058 758 20
1058 759 16
1058 759 16
1057 759 22
1057 760 18
1057 760 18
1057 760 18
1057 760 18
1057 761 16
1057 761 16
1057 762 14
1057 762 14
1057 762 14
1057 762 14
1057 763 14
1057 763 14
1056 764 20
1056 764 20
1056 765 20
1056 765 20
1056 765 20
1056 766 21
1056 766 21
1056 767 21
1056 767 21
1056 768 23
1056 769 23
1056 770 24
1056 771 24
1056 772 24
1056 772 24
1056 773 23
1056 773 23
1056 774 22
1056 775 21
1056 775 21
1055 776 26
1055 777 24
1055 778 22
1054 778 26
1054 778 26
1054 779 23
1054 779 23
1053 780 25
1052 781 26
1052 782 21
1051 782 25
1051 783 20
1051 783 20
1050 783 25
1050 784 19
1049 784 23
1048 785 21
1048 785 21
1047 785 24
1046 786 23
1045 786 27
1045 786 27
1045 786 27
1045 786 27
1044 786 32
1044 786 32
1044 786 32
1044 787 27
1043 788 30
1043 788 30
1042 789 32
1042 789 32
1042 790 26
1042 790 26
1041 791 26
1041 791 26
1041 792 20
1040 792 25
1040 792 25
1039 793 22
1039 793 22
1038 793 25
1038 794 18
1036 794 24
1035 794 27
1034 794 30
1034 794 30
Stop
Start
1158 708 21
1158 708 21
1158 708 21
1160 708 20
1160 708 20
1161 707 29
1162 707 29
1162 707 29
1163 707 29
1164 707 29
1164 707 29
1165 707 29
1166 706 35
1166 706 35
1167 706 34
1168 706 32
1169 706 30
1169 706 30
1170 706 28
1170 705 36
1171 705 34
1172 705 33
1172 705 33
1173 705 32
1174 705 31
1176 705 28
1176 705 28
1176 704 37
1177 704 35
1178 704 33
1179 704 31
1179 704 31
1180 704 31
1180 704 31
1180 704 31
1181 704 31
1182 704 32
1182 704 32
1183 704 32
1184 704 32
1185 704 31
1186 704 29
1186 704 29
1188 704 26
1189 704 26
1189 704 26
1190 704 25
1192 704 27
1193 704 29
1194 704 31
1194 704 31
1195 704 33
1196 704 35
1196 704 35
1197 704 35
1198 704 35
1199 704 35
1201 704 36
1202 704 37
1203 704 40
1203 704 40
1204 705 35
1204 705 35
1204 705 35
1205 705 38
1205 706 31
1206 706 35
1206 706 35
1207 706 38
1207 707 32
1208 708 28
1208 708 28
1209 708 32
1209 709 25
1210 709 30
1210 709 30
1210 709 30
1210 710 23
1211 710 27
1211 710 27
1212 710 31
1212 711 23
1213 711 27
1214 712 29
1214 712 29
1215 713 28
1215 713 28
1216 713 34
1216 714 28
1217 714 32
1218 714 37
1218 715 33
1219 715 38
1219 716 33
1220 716 36
1220 717 31
1221 717 35
1221 717 35
1222 718 33
1222 718 33
1222 718 33
1222 718 33
1223 719 30
1223 719 30
1223 719 30
1224 720 31
1224 720 31
1224 720 31
1224 720 31
1224 720 31
1224 720 31
1225 720 33
1225 721 27
1225 721 27
1226 721 28
1226 721 28
1227 721 29
1227 721 29
1227 721 29
1228 721 31
1228 721 31
1228 721 31
1228 721 31
1229 721 32
1229 721 32
1229 721 32
1230 721 34
1230 721 34
1230 721 34
1230 722 25
1231 722 30
1231 722 30
1231 722 30
1231 722 30
1232 722 35
1232 723 29
1233 723 37
1233 723 37
1233 724 31
1233 724 31
1234 724 39
1234 724 39
1234 724 39
1234 725 34
1234 725 34
1234 725 34
1234 726 30
1234 726 30
1234 726 30
Stop
Start
1234 726 30
1234 727 27
1234 728 23
1235 729 26
1235 730 21
1235 730 21
1235 731 18
1236 731 24
1236 732 20
1236 732 20
1236 732 20
1236 733 17
1236 734 14
1236 734 14
1236 735 11
1237 736 16
1237 736 16
1237 738 13
1237 738 13
1237 739 12
1238 739 18
1238 740 16
1238 740 16
1239 741 18
1240 741 21
1240 742 16
1240 742 16
1242 742 23
1242 743 19
1243 743 21
1243 743 21
1244 744 22
1245 745 24
1246 745 29
1246 746 24
1247 747 26
1248 748 26
1248 748 26
1249 749 25
1249 750 19
1250 750 24
1250 751 19
1251 752 19
1251 752 19
1252 753 20
1252 754 15
1253 754 19
1253 755 15
1254 755 20
1255 756 20
1255 756 20
1256 757 23
1257 758 26
1257 758 26
1257 758 26
1258 759 27
1259 760 27
1259 761 22
1260 761 27
1260 762 21
1261 762 27
1261 763 22
1262 764 25
1262 764 25
1262 764 25
1262 764 25
1263 765 27
1263 765 27
1263 766 22
1264 766 31
1264 767 25
1264 767 25
1265 768 28
1265 768 28
1265 769 25
1265 769 25
1265 770 22
1266 770 29
1266 770 29
1266 771 27
1266 771 27
1266 772 24
1266 773 23
1266 775 23
1266 776 23
1266 777 24
1266 777 24
1266 778 24
1266 778 24
1266 778 24
1266 779 24
1266 779 24
1266 780 23
1266 781 23
1266 782 23
1266 783 23
1266 784 23
1266 784 23
1266 785 22
1266 785 22
1266 786 21
1266 786 21
1266 787 19
1266 788 15
1266 788 15
1266 789 13
1266 790 10
1267 790 15
1267 791 11
1267 791 11
1267 792 8
1268 792 13
1268 793 9
1268 794 6
1269 794 10
1269 795 7
1269 795 7
1270 795 11
1270 795 11
1270 795 11
1270 796 7
1270 796 7
1271 796 9
1271 796 9
1272 796 9
1273 796 11
1273 796 11
1274 796 11
1274 796 11
1275 796 12
1276 797 10
1277 797 13
1277 797 13
1278 798 12
1279 798 18
1280 798 22
1280 798 22
1280 799 16
1281 799 22
1281 799 22
1282 800 22
1282 800 22
1282 800 22
1283 800 26
1283 801 22
1284 801 25
1284 802 22
1284 802 22
1284 802 22
1285 802 26
1285 803 23
1286 803 28
1286 804 25
1286 804 25
1287 805 26
1287 805 26
1288 806 28
1288 806 28
1289 807 29
1289 808 23
1290 808 30
1290 808 30
1290 808 30
1290 809 24
1290 809 24
1291 809 30
1291 810 23
1291 810 23
1292 811 20
1292 811 20
1293 811 24
1293 812 18
1293 812 18
1294 813 17
1294 813 17
1294 814 13
1295 814 17
1295 814 17
1295 815 13
1296 815 19
1296 815 19
1296 816 16
1297 816 23
1297 817 20
1297 817 20
1298 818 24
1298 819 23
1299 820 28
1299 820 28
1299 821 26
1299 822 24
1299 822 24
1299 823 23
1299 823 23
1299 824 21
1299 825 20
1299 826 19
1299 827 18
1298 828 12
1298 828 12
1298 828 12
1298 828 12
1298 829 13
1297 829 8
1297 830 11
1297 830 11
1297 830 11
1297 830 11
1297 831 13
1297 831 13
1297 832 16
1297 832 16
1297 832 16
1297 832 16
1297 833 20
1297 833 20
1297 834 25
1297 834 25
1297 834 25
1296 834 23
1296 835 27
1296 835 27
1296 835 27
1296 836 32
1295 836 30
1295 836 30
1295 836 30
1295 836 30
1294 836 26
1294 836 26
1293 837 28
1293 837 28
1293 837 28
1292 837 24
1292 837 24
1291 837 21
1291 837 21
1290 836 14
1288 836 17
1288 836 17
1287 836 20
1286 836 20
1285 836 20
1284 836 19
1282 837 21
1281 837 18
1281 837 18
1280 837 17
1279 838 23
1278 838 21
1277 838 19
1276 839 25
1275 839 24
1274 840 30
1274 840 30
1274 840 30
1273 840 28
1273 840 28
1273 840 28
1272 840 27
1272 840 27
1271 840 27
1271 840 27
1270 840 28
1270 840 28
1269 840 29
1268 840 30
1266 840 33
1266 840 33
1264 839 25
1263 839 27
1262 838 20
1261 838 23
1260 837 18
1258 836 19
1257 836 24
1256 836 27
1254 835 24
1254 834 17
1253 834 20
1252 834 22
1251 833 15
1250 833 16
1250 832 9
1249 832 9
1248 832 9
1248 832 9
1247 832 9
1247 832 9
1246 832 9
1245 832 11
1244 832 13
1244 832 13
1243 832 14
1242 832 15
1242 832 15
1241 832 15
1240 833 21
1240 833 21
1240 833 21
1239 833 20
1239 833 20
1238 833 18
1238 833 18
1237 833 17
1237 833 17
1236 834 22
1236 834 22
1236 834 22
1235 834 21
1235 834 21
1235 834 21
1234 834 19
1234 834 19
1234 834 19
1234 834 19
1233 834 17
1233 834 17
1233 834 17
1233 834 17
Stop
Start
1032 795 32
Stop
Start
1034 795 25
1034 795 25
1034 796 20
1034 797 16
1034 797 16
1034 798 12
1034 799 9
1034 799 9
1034 800 8
1033 800 15
1033 800 15
1033 801 13
1033 801 13
1033 802 12
1033 802 12
1032 803 15
1032 804 14
1032 804 14
1032 804 14
1031 805 17
1031 805 17
1031 806 15
1031 806 15
1031 806 15
1031 806 15
1030 806 20
1030 807 19
1030 807 19
1030 808 16
1029 808 20
1028 808 24
1028 808 24
1028 808 24
1028 808 24
1027 809 24
1026 809 26
1026 809 26
1025 810 26
1024 810 29
1024 810 29
1024 810 29
1023 810 34
1023 810 34
1023 810 34
1023 810 34
1022 811 35
1022 811 35
1022 811 35
1022 812 34
1022 812 34
1022 813 35
1023 814 35
1023 814 35
1024 815 34
1025 816 34
1025 816 34
1027 816 25
1027 816 25
1028 817 26
1028 817 26
1029 817 23
1030 817 22
1031 818 28
1032 818 29
1032 818 29
1032 818 29
1033 818 29
1033 818 29
1034 818 30
1034 818 30
1036 818 31
1037 818 29
1038 818 27
1039 818 25
1040 818 23
1041 818 22
1042 818 21
1043 818 20
1045 819 29
1046 819 29
1047 820 38
1047 820 38
1048 820 37
1049 820 37
1050 820 36
1051 820 35
1053 820 30
1055 820 25
1056 821 27
1058 821 22
1059 821 22
1060 821 22
1060 822 27
1061 822 27
1062 822 25
1064 822 21
1064 823 28
1065 823 26
1067 823 24
1068 824 33
1068 824 33
1069 824 33
1071 824 31
1073 824 31
1074 824 30
1075 824 30
1076 824 30
1077 824 30
1078 824 31
1078 824 31
1079 824 32
1080 824 34
1081 824 37
1081 824 37
1081 824 37
1082 824 38
1083 824 38
1084 824 38
1085 824 38
1087 824 31
1089 824 28
1089 824 28
1090 824 26
1091 824 23
1092 824 22
1093 824 21
1094 824 21
1095 824 20
1096 824 21
1097 825 25
1099 825 22
1100 826 29
1101 826 27
1103 826 21
1104 827 23
1105 827 22
1106 828 26
1108 828 21
1109 829 26
1110 829 24
1111 830 29
1112 830 27
1113 831 32
1114 831 29
1115 832 32
1116 832 28
1117 833 30
1118 833 25
1119 834 30
1120 834 27
1121 834 27
1123 835 33
1124 835 32
1127 835 25
1128 836 33
1130 836 27
1131 836 24
1132 837 30
1132 837 30
1134 837 25
1135 837 23
1136 838 30
1137 838 29
1138 838 26
1139 838 23
1140 838 20
1141 839 25
1142 839 25
1142 839 25
1143 839 25
1143 839 25
1145 839 27
1146 839 28
1147 839 28
1148 839 26
1149 839 24
1151 839 16
1152 839 14
1152 839 14
1153 840 19
1154 840 16
1154 840 16
1155 840 15
1156 840 15
1157 841 19
1158 841 19
1159 842 25
1160 842 24
1160 842 24
1161 842 22
1161 842 22
1162 842 21
1162 842 21
1164 843 26
1164 843 26
1165 843 25
1166 843 25
1167 843 26
1168 843 26
1169 843 26
1169 843 26
1170 843 26
1172 843 25
1173 843 24
1174 843 23
1176 843 21
1178 843 22
1180 843 24
1181 843 25
1182 843 26
1183 843 27
1184 843 27
1185 843 28
1186 843 30
1186 843 30
1188 843 34
1190 843 38
1191 842 30
1193 842 32
1194 842 33
1195 842 35
1196 842 37
1198 841 33
1199 841 35
1199 841 35
1200 841 35
1202 841 37
1204 840 27
1204 840 27
1205 840 28
1206 840 29
1208 839 24
1208 839 24
1209 839 27
1210 839 30
1212 838 24
1212 838 24
1213 838 24
1215 838 25
1217 837 17
1218 837 19
1218 837 19
1220 837 24
1221 836 20
1221 836 20
1222 836 22
1222 836 22
1223 836 23
1223 835 18
1224 835 18
1225 835 18
1226 835 18
1226 835 18
1227 835 18
1228 834 13
1228 834 13
1228 834 13
1229 834 14
1230 834 15
1231 834 16
1231 834 16
1232 834 16
1232 834 16
1233 834 17
1233 834 17
1233 834 17
Stop
New Layer
Start
1128 705 29
1128 705 29
1127 705 27
1127 705 27
1127 705 27
1126 705 25
1126 705 25
1126 705 25
1125 704 32
1125 704 32
1125 704 32
1124 704 29
1124 704 29
1123 704 28
1123 704 28
1123 704 28
1122 704 29
1122 704 29
1122 704 29
1121 704 32
1120 704 34
1120 705 26
1119 705 31
1119 706 22
1118 706 25
1118 706 25
1117 706 30
1117 706 30
1116 706 35
1116 706 35
1115 706 37
1114 707 32
1113 708 27
1112 709 23
1110 710 23
1110 710 23
1110 710 23
1109 711 20
1108 712 18
1107 713 15
1106 714 14
1105 714 20
1103 716 21
1103 716 21
1102 717 21
1101 717 27
1101 718 22
1100 718 27
1100 719 23
1099 720 23
1099 720 23
1098 721 22
1098 721 22
1098 721 22
1098 722 15
1097 722 19
1096 722 21
1096 722 21
1096 722 21
1095 722 23
1094 723 20
1094 723 20
1093 723 23
1092 724 19
1092 724 19
1091 724 24
1090 724 27
1090 725 21
1090 725 21
1089 726 20
1088 726 27
1088 727 22
1087 727 28
1087 728 23
1087 728 23
1086 729 23
1086 730 19
1085 730 25
1085 730 25
1085 731 21
1084 732 22
1084 732 22
1083 733 21
1082 733 24
1081 734 22
1080 734 25
1079 734 30
1078 735 29
1076 736 33
1075 737 34
1074 737 38
1074 738 34
1073 739 35
1073 739 35
1072 740 37
1072 740 37
1072 741 33
1072 742 29
1071 742 34
1071 742 34
1071 743 30
1070 743 35
1070 744 32
1070 744 32
1069 744 37
1069 745 31
1068 746 29
1068 746 29
1067 746 35
1067 747 28
1067 747 28
1066 748 25
1066 748 25
1065 748 30
1064 749 28
1063 750 26
1063 750 26
1062 750 31
1062 751 25
1061 751 31
1061 752 26
1060 752 34
1060 753 30
1059 754 35
1059 754 35
1058 755 37
1058 756 32
1057 757 33
1057 758 27
1056 758 34
1056 759 29
1056 759 29
1056 760 25
1056 760 25
1056 761 22
1056 761 22
1056 762 19
1056 763 19
1057 764 15
1057 764 15
1057 765 16
1058 765 12
1058 766 13
1058 766 13
1058 767 14
1058 768 15
1058 769 15
1058 770 15
1058 771 15
1058 772 15
1058 772 15
1058 772 15
1058 773 14
1058 774 13
1058 774 13
1058 775 11
1057 776 16
1056 776 20
1056 777 19
1056 778 17
1055 778 22
1055 779 19
1054 779 23
1054 780 19
1054 781 16
1053 781 21
1053 782 16
1052 782 21
1052 782 21
1052 783 15
1052 783 15
1052 783 15
1051 783 20
1050 783 25
1050 784 19
1049 784 23
1049 784 23
1048 784 26
1047 784 28
1047 784 28
1047 784 28
1046 784 32
1046 785 28
1045 785 32
1045 785 32
1045 786 27
1044 786 32
1044 786 32
1044 787 27
1044 787 27
1044 788 23
1043 788 30
1043 789 26
1042 789 32
1042 790 26
1042 790 26
1041 790 32
1041 791 26
1041 791 26
1040 792 25
1040 792 25
1039 793 22
1039 793 22
1038 793 25
1037 794 21
1036 794 24
1036 794 24
1035 794 27
1035 794 27
1034 795 25
1034 795 25
1034 795 25
1033 795 29
1033 796 25
1033 796 25
1033 796 25
1033 796 25
1033 797 21
1033 797 21
1033 797 21
1033 798 18
1033 798 18
1033 799 15
1033 799 15
1033 800 15
1032 800 20
1032 801 18
1032 802 16
1032 802 16
1032 803 15
1032 804 14
1032 804 14
1032 804 14
1032 805 12
1031 805 17
1031 806 15
1031 806 15
1031 807 13
1030 807 19
1030 808 16
1030 808 16
1030 808 16
1029 808 20
1029 809 18
1028 809 21
1028 809 21
1028 809 21
1027 809 24
1027 809 24
1027 809 24
1026 809 26
1026 809 26
1026 809 26
1025 809 29
1024 810 29
1024 810 29
1023 810 34
1023 810 34
1023 810 34
1022 810 36
1022 811 35
1022 811 35
1022 811 35
1022 812 34
1023 812 31
1024 813 27
1024 813 27
1024 814 31
1025 814 27
1025 814 27
1026 815 26
1026 816 30
1027 816 25
1028 816 21
1028 816 21
1028 817 26
1029 817 23
1029 817 23
1030 818 28
1030 818 28
1031 818 28
1031 818 28
1031 818 28
1032 818 29
1032 818 29
1033 818 29
1034 818 30
1034 818 30
1035 818 31
1035 818 31
1036 818 31
1036 818 31
1037 818 29
1038 818 27
1038 818 27
1039 818 25
1040 818 23
1041 818 22
1042 818 21
1042 818 21
1043 818 20
1044 818 21
1044 819 28
1045 819 29
1046 819 29
1046 819 29
1047 819 29
1048 819 28
1048 819 28
1049 818 20
1050 818 20
1050 818 20
1051 818 19
1052 818 18
1054 818 14
1054 818 14
1055 819 19
1056 819 17
1057 819 16
1057 820 20
1058 820 18
1059 820 18
1059 821 22
1060 821 22
1060 822 27
1060 822 27
1060 822 27
1061 822 27
1061 823 32
1062 823 31
1063 824 38
1064 824 37
1065 824 36
1066 824 35
1067 824 34
1068 824 33
1069 824 33
1069 824 33
1070 825 41
1072 825 41
1073 825 41
1073 825 41
1074 825 41
1075 825 40
1076 825 40
1077 825 41
1077 825 41
1078 825 42
1079 825 43
1079 825 43
1080 825 45
1080 825 45
1081 825 47
1082 825 49
1082 824 38
1083 824 38
1085 824 38
1086 824 35
1086 824 35
1087 824 31
1088 824 30
1089 824 28
1089 824 28
1090 824 26
1090 824 26
1091 825 31
1091 825 31
1092 825 30
1093 825 29
1094 826 38
1095 826 38
1095 826 38
1096 826 36
1097 826 35
1098 827 42
1099 827 39
1099 827 39
1100 827 37
1101 828 40
1101 828 40
1102 828 36
1103 828 34
1103 828 34
1104 828 31
1105 828 29
1106 829 33
1107 829 30
1107 829 30
1108 829 28
1108 829 28
1108 829 28
1108 829 28
1109 829 26
1110 829 24
1111 830 29
1112 830 27
1112 830 27
1113 830 25
1114 830 22
1114 831 29
1115 831 26
1115 831 26
1116 831 22
1116 831 22
1117 832 23
1118 832 17
1118 832 17
1119 833 22
1120 833 18
1120 833 18
1121 834 27
1121 834 27
1122 834 26
1124 835 32
1124 836 43
1126 836 39
1126 836 39
1127 836 36
1129 837 40
1130 837 36
1131 837 32
1132 837 30
1134 838 34
1134 838 34
1135 838 32
1135 838 32
1136 838 30
1136 838 30
1137 838 29
1138 838 26
1139 838 23
1140 838 20
1140 838 20
1141 839 25
1142 839 25
1143 839 25
1143 839 25
1144 839 26
1145 839 27
1146 839 28
1146 839 28
1148 839 26
1148 839 26
1149 839 24
1151 839 16
1152 839 14
1152 839 14
1153 839 12
1154 840 16
1154 840 16
1155 840 15
1156 840 15
1156 840 15
1157 840 14
1158 841 19
1158 841 19
1159 841 19
1160 842 24
1160 842 24
1161 842 22
1161 842 22
1162 842 21
1162 842 21
1163 842 20
1163 842 20
1164 843 26
1165 843 25
1166 843 25
1166 843 25
1167 844 35
1168 844 36
1169 844 35
1170 844 35
1171 844 35
1172 845 44
1174 845 41
1175 845 40
1176 845 40
1176 845 40
1177 845 40
1178 845 41
1179 845 41
1179 845 41
1180 844 33
1181 844 34
1182 844 35
1183 844 36
1185 843 28
1186 843 30
1186 842 21
1187 842 22
1187 842 22
1188 842 24
1188 842 24
1189 842 26
1190 842 29
1191 842 30
1192 841 23
1193 841 24
1193 841 24
1194 841 25
1195 841 26
1196 841 28
1198 841 33
1199 840 26
1199 840 26
1200 840 24
1200 840 24
1201 840 26
1202 840 26
1203 840 26
1204 840 27
1204 840 27
1205 840 28
1205 839 18
1206 839 20
1207 839 22
1208 839 24
1209 839 27
1209 839 27
1209 839 27
1210 839 30
1210 839 30
1211 839 33
1212 839 33
1212 839 33
1212 839 33
1213 839 33
1213 839 33
1214 838 24
1215 838 25
1216 838 25
1216 838 25
1216 838 25
1216 838 25
1217 838 26
1218 838 27
1220 837 24
1220 837 24
1220 837 24
1220 837 24
Stop
Start
1220 837 24
1220 837 24
1221 837 26
1222 836 22
1222 836 22
1223 836 23
1223 836 23
1223 836 23
1224 836 24
1225 836 24
1226 835 18
1226 835 18
1228 835 18
1228 834 13
1230 834 15
1231 834 16
1231 834 16
1232 834 16
1233 833 13
1234 833 14
1235 833 15
1235 833 15
1235 833 15
1236 833 16
1237 833 17
1237 833 17
1238 833 18
1238 833 18
1239 833 20
1239 833 20
1240 833 21
1240 833 21
1241 833 21
1241 833 21
1241 833 21
1242 833 22
1243 833 21
1243 833 21
1244 833 19
1245 832 11
1246 832 9
1247 832 9
1247 832 9
1248 832 9
1248 832 9
1249 832 9
1250 832 9
1251 832 8
1252 832 7
1253 832 6
1253 832 6
1254 833 10
1254 833 10
1254 833 10
1254 834 17
1255 834 14
1256 834 11
1256 834 11
1256 835 19
1256 835 19
1257 835 15
1257 835 15
1258 836 19
1259 836 15
1259 836 15
1260 836 12
1261 837 15
1262 837 13
1262 837 13
1263 838 19
1264 838 18
1265 838 17
1265 838 17
1266 838 16
1267 839 23
1268 839 22
1268 839 22
1269 839 20
1270 839 19
1271 839 19
1272 839 19
1272 839 19
1273 839 20
1274 839 22
1275 838 17
1275 838 17
1276 838 18
1277 838 19
1278 838 21
1278 838 21
1278 838 21
1279 837 15
1280 837 17
1281 837 18
1281 836 12
1282 836 14
1282 836 14
1283 836 17
1283 836 17
1284 836 19
1284 836 19
1285 836 20
1285 836 20
1286 836 20
1286 836 20
1287 836 20
1288 836 17
1288 836 17
1288 836 17
1288 836 17
1289 836 15
1290 836 14
1291 836 15
1291 836 15
1292 836 18
1292 836 18
1293 836 22
1293 835 15
1294 835 19
1294 835 19
1294 835 19
1294 834 13
1295 834 17
1295 834 17
1296 834 23
1296 833 17
1297 832 16
1297 832 16
1298 831 18
1298 831 18
1298 831 18
1298 830 16
1299 830 20
1299 830 20
1299 829 19
1299 828 17
1299 828 17
1299 827 18
1299 826 19
1299 825 20
1299 825 20
1299 824 21
1299 824 21
1299 823 23
1299 822 24
1299 821 26
1299 821 26
1299 820 28
1299 820 28
1298 819 23
1298 819 23
1298 818 24
1298 818 24
1297 817 20
1297 816 23
1296 815 19
1296 815 19
1295 814 17
1294 814 13
1294 813 17
1292 812 13
1291 812 10
1290 811 12
1290 810 17
1289 810 12
1289 810 12
1288 809 13
1288 809 13
1287 808 12
1287 808 12
1286 807 13
1286 806 18
1286 806 18
1286 805 22
1286 805 22
1285 804 20
1285 804 20
1285 804 20
1285 803 23
1284 802 22
1284 801 25
1284 801 25
1283 800 26
1282 799 27
1281 798 28
1281 798 28
1281 798 28
1280 797 29
1280 797 29
1279 796 30
1278 796 24
1277 796 19
1276 795 23
1276 795 23
1275 795 19
1274 795 18
1274 795 18
1273 795 17
1273 794 23
1272 794 20
1271 794 18
1270 793 20
1270 793 20
1269 792 19
1268 792 13
1267 791 11
1266 790 10
1266 790 10
1266 790 10
1266 789 13
1265 788 11
1265 787 14
1265 787 14
1265 786 16
1265 785 17
1265 784 18
1266 782 23
1266 782 23
1266 782 23
1266 782 23
1266 781 23
1266 780 23
1266 780 23
1267 779 30
1267 778 30
1267 777 30
1267 776 29
1267 776 29
1268 775 34
1268 775 34
1268 774 34
1268 774 34
1268 773 35
1267 772 31
1267 772 31
1267 770 36
1266 770 29
1266 769 33
1265 768 28
1265 767 34
1265 766 39
1264 766 31
1264 765 36
1264 765 36
1263 764 32
1263 764 32
1263 763 38
1262 763 31
1262 762 35
1261 762 27
1261 762 27
1260 761 27
1260 761 27
1259 760 27
1258 760 22
1257 759 22
1257 759 22
1256 758 20
1256 758 20
1255 757 17
1254 756 16
1254 755 20
1253 755 15
1252 754 15
1252 754 15
1252 753 20
1251 752 19
1251 752 19
1251 751 24
1250 751 19
1250 750 24
1249 750 19
1249 750 19
1248 749 20
1248 748 26
1248 748 26
1247 747 26
1247 746 30
1246 746 24
1246 746 24
1246 745 29
1246 745 29
1246 745 29
1245 745 24
1245 744 27
1245 744 27
1244 744 22
1244 743 25
1243 743 21
1243 742 25
1242 742 23
1242 742 23
1241 742 20
1241 741 25
1240 741 21
1240 741 21
1240 740 25
1240 740 25
1239 740 22
1239 739 26
1239 739 26
1239 739 26
1239 738 30
1238 738 21
1238 737 23
1238 737 23
1238 736 25
1238 735 26
1238 734 28
1237 734 20
1237 734 20
1237 733 22
1237 733 22
1237 732 25
1237 732 25
1237 732 25
1237 732 25
1236 731 24
1236 731 24
1236 730 27
1236 730 27
1236 730 27
1236 730 27
1236 730 27
1236 729 32
1236 729 32
1236 728 37
1236 728 37
1235 728 30
1235 727 34
1235 727 34
1235 727 34
1235 726 37
1234 726 30
1234 726 30
1234 726 30
1234 726 30
1234 725 34
1233 725 25
1233 725 25
1233 724 31
1233 724 31
1232 724 22
1232 724 22
1232 723 29
1232 723 29
1232 723 29
1231 723 23
1231 722 30
1231 722 30
1230 722 25
1230 722 25
1230 722 25
1229 722 23
1229 722 23
1229 722 23
1228 722 22
1228 722 22
1228 722 22
1228 721 31
1227 721 29
1227 721 29
1227 721 29
1226 721 28
1226 721 28
1226 721 28
1226 721 28
1225 721 27
1224 720 31
1223 720 25
1223 720 25
1223 720 25
1222 720 21
1222 720 21
1222 720 21
1222 720 21
1222 720 21
1221 719 23
1221 719 23
1220 719 19
1220 719 19
1219 719 14
1219 718 19
1218 718 15
1218 718 15
1218 718 15
1218 718 15
1218 717 22
1217 717 17
1217 717 17
1216 716 18
1216 716 18
1216 716 18
1215 716 14
1215 716 14
1215 716 14
1214 715 14
1214 715 14
1214 715 14
1213 714 13
1213 714 13
1212 714 9
1212 713 14
1211 713 11
1211 712 15
1210 712 12
1210 712 12
1209 711 13
1209 711 13
1208 710 16
1208 710 16
1208 710 16
1208 710 16
1207 710 14
1207 709 19
1207 709 19
1206 709 16
1206 709 16
1205 708 18
1205 708 18
1204 708 15
1204 708 15
1203 708 12
1203 707 18
1203 707 18
1202 707 16
1202 707 16
1202 707 16
1201 706 21
1200 706 20
1199 706 20
1198 705 28
1198 705 28
1197 705 28
1197 705 28
1196 705 28
1196 705 28
1196 705 28
1195 705 27
1194 705 25
1193 705 23
1192 704 27
1190 704 25
1189 704 26
1187 704 28
1186 704 29
1185 704 31
1184 704 32
1183 704 32
1182 704 32
1182 704 32
1181 704 31
1181 704 31
1181 704 31
1180 704 31
1180 704 31
1179 704 31
1177 704 35
1175 704 40
1173 705 32
1172 705 33
1172 705 33
1172 705 33
1170 705 36
1170 706 28
1169 706 30
1168 706 32
1166 707 28
1164 707 29
1163 707 29
1161 708 20
1160 708 20
1158 709 14
1157 709 14
1156 709 13
1156 709 13
1156 709 13
1155 709 14
1155 709 14
1154 709 15
1153 709 16
1152 709 15
1150 708 18
1149 708 17
1148 708 17
1147 707 22
1146 707 21
1146 707 21
1145 706 25
1144 706 24
1144 706 24
1143 706 23
1143 706 23
1142 706 21
1142 706 21
1142 706 21
1141 706 20
1141 706 20
1141 706 20
1140 706 19
1140 706 19
1139 706 18
1138 706 17
1138 706 17
1137 706 18
1135 706 20
1134 706 21
1133 706 22
1132 706 23
1132 706 23
1131 706 24
1131 706 24
1130 706 24
1130 706 24
1130 705 32
1129 705 31
1129 705 31
1128 705 29
1128 705 29
1128 705 29
Stop
Start
1273 521 26
1272 522 23
1272 522 23
1272 522 23
1272 522 23
1272 523 24
1272 524 26
1272 524 26
1271 526 25
1271 526 25
1271 528 25
1270 529 21
1270 529 21
1270 530 20
1270 530 20
1270 531 19
1270 532 19
1270 532 19
1269 533 15
1269 534 16
1268 534 14
1268 535 14
1267 536 12
1266 538 11
1266 539 11
1265 540 8
1264 541 9
1263 542 8
1263 543 8
1262 544 9
1262 544 9
1262 545 10
1262 546 11
1261 546 9
1261 547 10
1261 548 12
1261 549 14
1260 549 12
1260 550 15
1260 551 17
1260 551 17
1259 552 17
1259 553 19
1259 553 19
1259 554 21
1258 555 18
1258 555 18
1258 557 20
1258 558 20
1258 558 20
1257 559 17
1257 560 17
1257 561 17
1256 562 13
1256 563 14
1256 564 16
1256 564 16
1256 565 16
1255 566 19
1254 567 21
1254 567 21
1254 567 21
1254 568 23
1253 569 24
1253 569 24
1252 570 24
1252 571 24
1251 573 18
1250 574 16
1250 575 17
1249 576 16
1249 578 21
1248 578 17
1248 580 21
1247 580 16
1247 581 18
1246 582 18
1246 583 20
1246 584 22
1245 585 20
1244 586 18
1244 586 18
1243 587 17
1242 588 18
1242 588 18
1242 589 21
1241 590 22
1240 592 29
1239 592 26
1239 593 31
1238 594 31
1237 595 30
1236 595 25
1236 596 30
1236 596 30
1235 597 28
1235 597 28
1234 597 23
1234 598 28
1234 598 28
1233 598 24
1233 598 24
1232 598 20
1232 598 20
1231 599 22
1230 599 20
1230 599 20
1229 599 19
1228 600 23
1228 600 23
1227 600 22
1226 600 23
1225 600 23
1224 600 21
1224 600 21
1223 601 22
1222 601 19
1221 601 14
1220 602 16
1219 602 12
1219 602 12
1218 603 13
1217 603 11
1216 604 17
1215 604 14
1215 604 14
1214 604 14
1213 605 19
1212 605 17
1211 606 24
1211 606 24
1210 606 25
1209 606 25
1209 606 25
1208 607 30
1207 607 31
1206 607 31
1206 607 31
1206 608 37
1205 608 35
1205 608 35
1203 608 31
1202 608 28
1202 608 28
1202 608 28
1201 608 27
1200 608 26
1200 608 26
1198 608 26
1197 608 26
1196 608 26
1195 608 25
1194 608 24
1193 608 24
1192 608 25
1192 608 25
1191 608 25
1190 608 25
1189 608 25
1188 608 26
1188 608 26
1187 608 26
1186 608 25
1185 608 24
1184 609 28
1184 609 28
1183 609 27
1182 609 27
1182 609 27
1180 610 32
1180 610 32
1179 610 31
1178 610 28
1178 610 28
1177 610 24
1176 610 21
1175 611 22
1174 611 21
1174 611 21
1173 611 19
1172 611 19
1171 612 27
1170 612 28
1169 612 28
1168 612 29
1167 612 29
1167 612 29
1166 612 29
1165 612 28
1165 612 28
1163 611 22
1162 611 23
1162 611 23
1161 611 23
1161 611 23
1160 611 24
1160 611 24
1159 611 26
1159 610 20
1159 610 20
1158 610 22
1158 610 22
1158 610 22
1157 610 24
1157 610 24
1156 610 26
1155 609 23
1155 609 23
1154 609 25
1154 609 25
1153 609 26
1152 608 22
1151 608 24
1150 608 25
1149 607 23
1148 607 25
1148 607 25
1147 606 22
1146 606 22
1145 606 22
1144 606 22
1142 605 19
1142 605 19
1141 605 20
1140 605 23
1139 604 20
1139 604 20
1139 604 20
1138 604 22
1138 604 22
1138 604 22
1137 604 24
1136 603 21
1136 603 21
1136 603 21
1135 602 18
1134 602 19
1133 602 20
1132 602 22
1132 602 22
1131 601 17
1130 601 18
1130 601 18
1129 601 20
1128 600 17
1127 600 19
1126 600 21
1125 600 24
1124 600 26
1122 599 23
1121 598 19
1118 598 23
1118 598 23
1117 598 25
1117 597 18
1116 597 19
1116 597 19
1115 597 21
1115 597 21
1114 596 18
1114 596 18
1113 596 21
1112 596 23
1112 596 23
1111 595 18
1110 595 20
1110 595 20
1110 595 20
1109 595 23
1109 595 23
1109 595 23
1108 595 26
1107 594 23
1107 594 23
1106 594 26
1106 594 26
1106 594 26
1105 593 23
1104 593 25
1103 592 22
1102 592 23
1102 592 23
1101 591 20
1101 591 20
1100 591 21
1100 590 17
1100 590 17
1100 590 17
1100 590 17
1099 590 17
1099 590 17
1099 590 17
1098 589 14
1098 589 14
1097 588 14
1097 588 14
1096 588 16
1096 587 12
1095 587 16
1095 586 10
1094 586 14
1094 586 14
1093 585 14
1093 585 14
1093 585 14
1092 584 16
1092 584 16
1092 584 16
1091 583 17
1091 583 17
1090 582 19
1090 582 19
1089 581 21
1088 581 23
1087 580 23
1087 580 23
1086 580 26
1086 579 24
1085 579 26
1085 578 25
1085 578 25
1084 578 27
1084 578 27
1083 578 31
1083 577 28
1083 577 28
1083 577 28
1083 577 28
1083 577 28
1083 577 28
Stop
Start
1273 520 25
1273 520 25
1273 520 25
1273 519 24
1273 518 23
1273 517 22
1274 517 27
1274 516 26
1274 515 26
1274 514 25
1274 513 24
1275 512 27
1275 511 27
1275 510 27
1275 510 27
1275 509 27
1275 509 27
1275 508 28
1275 507 30
1275 506 32
1275 506 32
1275 505 33
1275 504 34
1275 503 34
1274 502 31
1274 500 30
1274 499 30
1274 497 27
1274 495 23
1274 494 23
1273 492 22
1273 490 23
1273 490 23
1273 489 23
1273 489 23
1273 488 23
1273 487 23
1273 486 23
1273 485 23
1273 485 23
1273 484 24
1273 483 25
1273 483 25
1273 482 25
1273 482 25
1273 481 25
1273 481 25
1273 480 26
1273 480 26
1273 480 26
1273 479 28
1273 479 28
1273 479 28
1273 479 28
Stop
Start
1273 480 26
1273 479 28
1272 478 25
1272 477 27
1272 476 29
1271 474 28
1271 474 28
1271 473 28
1271 472 28
1270 471 24
1270 470 24
1270 469 25
1270 468 26
1270 466 24
1270 465 23
1270 464 22
1270 464 22
1270 463 22
1270 462 21
1270 461 21
1270 460 21
1270 459 20
1270 458 20
1271 457 23
1271 457 23
1271 456 24
1271 455 24
1271 454 25
1271 453 27
1271 453 27
1271 452 29
1271 451 30
1271 451 30
1270 450 29
1270 450 29
1270 449 30
1270 448 31
1270 447 32
1269 446 29
1269 444 31
1269 444 31
1268 443 30
1268 442 32
1268 441 33
1268 440 33
1268 439 33
1267 438 30
1267 437 30
1267 436 29
1267 435 30
1267 434 30
1267 434 30
1267 432 33
1267 432 33
1267 431 35
1267 430 38
1266 430 31
1266 429 33
1266 428 33
1266 428 33
1266 427 33
1266 426 31
1266 425 29
1266 424 29
1266 423 27
1266 421 25
1266 420 25
1266 419 26
1266 417 28
1266 416 28
1266 415 27
1266 415 27
1266 414 27
1266 414 27
1266 413 26
1266 413 26
1266 412 25
1266 411 24
1266 410 24
1266 410 24
1266 408 25
1266 407 27
1266 406 27
1266 405 27
1265 404 22
1265 404 22
1265 403 23
1265 403 23
1265 402 25
1265 402 25
1264 402 21
1264 401 25
1264 400 28
1263 400 23
1263 400 23
1262 399 24
1262 398 29
1262 398 29
1261 397 28
1261 397 28
1261 396 31
1260 395 28
1260 394 30
1260 394 30
1259 392 25
1259 392 25
1259 391 25
1258 390 22
1258 389 22
1258 388 24
1258 388 24
1258 387 26
1257 386 25
1257 386 25
1257 385 28
1256 384 26
1256 383 29
1256 382 32
1255 381 28
1254 380 22
1254 379 24
1254 378 27
1253 378 20
1253 377 23
1252 376 19
1252 375 20
1252 374 22
1251 373 19
1251 372 22
1250 371 19
1250 370 24
1250 370 24
1250 369 30
1249 369 24
1249 369 24
1248 368 25
1248 368 25
1247 368 20
1247 368 20
1246 367 24
1246 367 24
1244 366 26
1243 366 23
1242 366 21
1242 365 27
1241 365 25
1241 365 25
1240 364 28
1240 364 28
1240 364 28
1239 363 29
1239 363 29
1239 362 33
1238 362 27
1238 361 30
1238 360 33
1237 359 27
1237 359 27
1237 357 32
1236 356 25
1236 355 25
1236 354 24
1236 352 25
1236 351 27
1236 350 30
1236 349 33
1236 348 36
1235 348 27
1235 348 27
1235 347 31
1234 347 23
1234 347 23
1234 346 27
1233 346 21
1232 346 17
1232 346 17
1232 346 17
Stop
Start
1232 346 17
1232 346 17
1232 346 17
1232 346 17
1231 345 21
1229 345 19
1228 345 19
1227 345 19
1227 345 19
1226 344 23
1226 344 23
1225 344 21
1224 343 21
1223 342 21
1222 341 21
1221 340 20
1221 340 20
1220 339 21
1219 338 22
1219 337 29
1218 336 32
1218 336 32
1217 335 36
1216 334 40
1216 334 40
1215 333 44
1215 333 44
1215 333 44
1214 333 41
1213 332 42
1213 332 42
1212 331 46
1211 331 44
1210 330 47
1209 330 43
1209 330 43
1208 330 40
1208 330 40
1207 330 38
1206 330 37
1205 330 37
1203 331 36
1203 331 36
1201 331 41
1200 332 35
1200 332 35
1198 332 36
1197 332 36
1196 333 27
1194 333 25
1193 333 26
1191 333 29
1190 333 31
1188 333 35
1187 333 37
1186 333 39
1186 333 39
1185 333 39
1184 334 30
1182 334 30
1181 334 30
1180 334 30
1180 334 30
1179 334 30
1178 334 31
1178 334 31
1178 334 31
1178 334 31
1177 334 31
1176 334 31
1176 334 31
1175 333 35
1174 333 32
1174 333 32
1174 332 39
1173 332 35
1173 332 35
1172 332 32
1172 332 32
1171 332 31
1170 332 31
1169 331 39
1169 331 39
1169 331 39
1169 331 39
1168 331 41
1167 331 43
1167 331 43
1166 332 40
1165 332 44
1165 332 44
1164 332 47
1164 333 41
1163 333 44
1163 333 44
1162 334 41
1161 334 47
1161 334 47
1161 335 41
1160 335 45
1160 335 45
1160 336 38
1160 336 38
1160 337 32
1159 338 31
1159 338 31
1159 339 27
1159 340 24
1159 340 24
1159 341 20
1159 341 20
1159 342 17
1158 342 22
1158 342 22
1158 343 19
1158 343 19
1157 344 21
1157 344 21
1156 344 25
1156 344 25
1156 344 25
1156 344 25
1156 344 25
1155 345 23
1155 345 23
1154 345 24
1154 345 24
1154 345 24
1154 345 24
1153 345 26
1152 346 23
1152 346 23
1151 346 25
1151 346 25
1150 346 26
1150 346 26
1148 346 31
1148 347 27
1148 347 27
1147 347 29
1146 347 33
1146 347 33
1146 348 27
1145 348 31
1145 348 31
1145 348 31
1145 348 31
1144 348 35
1144 348 35
1144 348 35
1144 348 35
1143 349 34
1143 349 34
1142 350 32
1142 350 32
1141 351 30
1140 351 35
1140 352 27
1140 352 27
1139 353 27
1139 353 27
1139 353 27
1138 354 24
1138 354 24
1138 354 24
1137 354 27
1137 354 27
1136 355 25
1136 355 25
1135 356 23
1135 356 23
1134 356 25
1134 356 25
1133 356 28
1133 356 28
1132 356 31
1131 357 27
1130 357 30
1130 357 30
1129 357 34
1129 357 34
1128 357 37
1128 358 31
1128 358 31
1128 358 31
1128 358 31
1127 358 35
1127 358 35
1127 358 35
1127 358 35
1126 358 39
1126 359 35
1126 359 35
1126 359 35
1126 359 35
1126 360 31
1125 360 35
1125 360 35
1125 360 35
1125 361 32
1125 361 32
1124 362 33
1124 362 33
1124 362 33
1124 363 29
1124 363 29
1124 364 25
1124 364 25
1123 364 30
1123 364 30
1123 365 26
1123 365 26
1122 365 32
1122 366 28
1122 366 28
1122 366 28
1121 366 34
1121 367 30
1120 367 36
1119 367 42
1119 368 38
1119 368 38
1118 368 42
1118 368 42
1118 368 42
1117 368 46
1117 369 41
1117 369 41
1117 369 41
1117 369 41
1116 369 45
1116 369 45
1116 369 45
1116 370 41
1116 370 41
1116 370 41
1116 370 41
1116 371 37
1116 371 37
1115 372 36
1115 372 36
1115 372 36
1115 372 36
1115 372 36
1115 373 33
1115 373 33
1115 373 33
1114 374 33
1114 374 33
1114 374 33
1114 375 31
1114 375 31
1114 375 31
1114 376 30
1114 376 30
1113 377 34
1113 377 34
1113 377 34
1113 378 33
1113 378 33
1113 378 33
1113 378 33
1113 379 32
1113 379 32
1113 380 31
1113 380 31
1113 380 31
1113 381 29
1113 381 29
1113 382 27
1113 383 26
1113 383 26
Stop
Start
1093 427 23
1093 427 23
1093 428 24
1093 429 24
1093 429 24
1093 430 26
1093 430 26
1093 430 26
1093 431 27
1093 431 27
1093 432 28
1093 432 28
1093 432 28
1093 433 29
1094 433 25
1094 433 25
1094 434 27
1094 434 27
1094 435 27
1094 435 27
1094 435 27
1094 436 27
1094 436 27
1094 437 26
1094 437 26
1094 438 24
1094 438 24
1093 440 23
1093 440 23
1093 441 21
1092 441 24
1092 442 23
1091 442 26
1091 443 25
1090 444 27
1090 444 27
1090 444 27
1089 445 30
1089 445 30
1088 446 29
1088 446 29
1088 446 29
1087 447 30
1087 447 30
1087 447 30
1087 448 27
1086 448 31
1086 449 29
1086 450 27
1086 450 27
1085 451 31
1085 452 31
1085 452 31
1085 453 30
1085 454 29
1085 455 28
1085 456 26
1085 456 26
1084 457 30
1084 458 29
1084 459 28
1083 460 35
1083 460 35
1082 461 41
1082 462 39
1082 463 37
1081 464 41
1081 464 41
1081 465 37
1080 465 43
1080 466 39
1080 467 37
1080 468 34
1080 469 32
1080 470 32
1080 471 31
1080 472 31
1080 473 30
1080 474 30
1080 475 29
1080 475 29
1080 476 28
1080 477 28
1080 478 28
1080 478 28
1080 479 28
1079 480 35
1079 481 33
1079 483 30
1079 484 30
1078 485 34
1078 486 31
1078 487 29
1077 488 29
1077 489 26
1076 490 28
1076 491 27
1076 492 24
1075 493 26
1075 493 26
1075 494 23
1074 495 25
1074 496 23
1074 497 21
1074 498 19
1073 498 24
1073 499 23
1072 500 26
1072 501 25
1072 503 24
1071 505 26
1070 506 30
1070 508 31
1070 509 31
1070 510 30
1069 510 36
1069 511 36
1069 512 34
1069 513 33
1069 514 30
1069 514 30
1069 516 27
1069 517 26
1069 518 24
1069 519 23
1069 520 21
1069 521 19
1069 522 17
1069 523 16
1069 524 16
1069 525 15
1069 526 14
1069 528 16
1069 529 17
1069 530 19
1069 532 23
1070 533 21
1070 534 23
1070 534 23
1071 536 23
1071 536 23
1072 537 21
1072 538 23
1073 539 21
1073 540 23
1074 540 17
1074 541 18
1075 542 15
1075 542 15
1075 542 15
1076 543 12
1076 543 12
1076 544 15
1076 544 15
1076 544 15
1076 544 15
1076 545 19
1076 545 19
Stop
Start
1076 545 19
1076 545 19
1076 546 23
1077 547 20
1077 548 20
1077 549 21
1078 550 17
1078 550 17
1078 551 19
1078 552 20
1078 552 20
1078 553 22
1079 554 20
1079 555 21
1079 555 21
1079 556 22
1080 557 19
1080 558 20
1080 559 20
1080 560 20
1080 561 20
1080 562 20
1080 563 19
1080 564 19
1080 564 19
1080 565 19
1080 566 20
1080 566 20
1080 567 20
1080 568 21
1080 569 21
1080 569 21
1080 570 22
1080 571 23
1080 571 23
1080 572 24
1080 572 24
1080 573 25
1080 574 27
1080 574 27
1080 574 27
1081 575 26
1081 575 26
1081 576 29
1081 576 29
1081 576 29
1081 576 29
1082 577 30
1082 577 30
1082 577 30
1082 577 30
1082 577 30
1082 577 30
Stop
Start
1104 400 23
1104 401 23
1104 401 23
1104 402 22
1104 403 22
1104 403 22
1104 404 21
1104 404 21
1104 405 20
1104 405 20
1104 406 19
1104 407 18
1103 407 22
1103 408 20
1102 408 24
1102 409 22
1101 409 27
1101 410 24
1101 410 24
1100 410 28
1100 411 26
1100 411 26
1100 411 26
1099 412 26
1099 412 26
1099 412 26
1099 412 26
1098 413 29
1098 414 26
1098 414 26
1098 414 26
1097 416 27
1097 416 27
1096 417 29
1096 417 29
1096 418 26
1095 419 28
1095 419 28
1095 420 25
1094 420 30
1094 421 26
1094 421 26
1094 422 23
1094 422 23
1094 423 22
1094 423 22
1094 424 19
1094 424 19
1094 424 19
1094 425 18
1094 426 18
1094 426 18
1094 426 18
1093 426 23
1093 427 23
1093 427 23
1093 427 23
1093 427 23
1093 427 23
1093 427 23
1093 427 23
Stop
Start
1111 388 19
Stop
Start
1113 387 16
Stop
Start
1112 384 28
1112 384 28
1112 384 28
1112 384 28
1111 385 30
1111 385 30
1111 385 30
1111 385 30
1110 385 32
1110 385 32
1109 385 35
1109 386 30
1108 386 33
1108 386 33
1108 386 33
1108 386 33
1107 386 35
1107 387 31
1107 387 31
1107 388 27
1106 388 30
1106 388 30
1106 389 27
1106 389 27
1106 390 25
1106 390 25
1106 390 25
1106 391 23
1106 391 23
1106 391 23
1106 392 22
1106 392 22
1106 392 22
1106 393 20
1106 393 20
1106 393 20
1106 394 19
1106 394 19
1106 395 19
1106 395 19
1106 396 18
1106 396 18
1106 396 18
1106 396 18
1106 397 17
1106 397 17
1106 397 17
1106 398 16
1106 398 16
1106 398 16
1106 398 16
1105 398 20
1105 399 20
1105 399 20
1105 399 20
1105 399 20
1105 399 20
1105 399 20
Stop
New Layer
Start
1273 514 21
1273 514 21
1273 514 21
1273 515 22
1273 516 22
1273 516 22
1273 517 22
1273 518 23
1273 519 24
1272 520 21
1272 521 22
1272 522 23
1272 522 23
1271 523 20
1271 525 23
1271 525 23
1270 526 22
1270 527 23
1270 528 23
1270 530 20
1269 531 15
1269 532 15
1269 533 15
1268 534 14
1268 535 14
1268 536 14
1268 536 14
1267 537 12
1267 537 12
1266 538 11
1266 539 11
1265 541 8
1264 542 10
1263 544 10
1262 546 11
1262 546 11
1261 548 12
1260 549 12
1260 549 12
1260 550 15
1260 551 17
1259 553 19
1259 554 21
1259 554 21
1258 555 18
1258 557 20
1257 558 16
1257 559 17
1257 560 17
1257 561 17
1256 562 13
1256 562 13
1256 563 14
1256 564 16
1255 566 19
1255 567 21
1254 568 23
1254 570 30
1253 571 28
1253 571 28
1253 572 29
1253 573 30
1252 574 25
1252 576 28
1251 577 25
1250 578 24
1250 579 27
1250 579 27
1249 580 26
1248 582 26
1248 583 30
1247 584 26
1246 584 22
1246 585 26
1245 586 22
1244 587 19
1244 588 22
1243 588 20
1243 589 23
1242 590 25
1242 590 25
1241 591 27
1241 592 32
1240 592 29
1240 593 34
1239 594 37
1237 595 30
1237 595 30
1236 596 30
1235 596 24
1235 597 28
1234 597 23
1233 598 24
1233 598 24
1232 598 20
1232 598 20
1232 599 24
1231 599 22
1231 599 22
1230 599 20
1229 599 19
1229 599 19
1229 599 19
1228 599 18
1227 600 22
1226 600 23
1225 600 23
1224 600 21
1223 601 22
1222 601 19
1222 602 25
1221 602 20
1220 603 23
1219 603 17
1219 604 25
1218 604 20
1218 604 20
1217 605 26
1216 605 24
1216 606 35
1215 606 32
1214 606 30
1214 606 30
1212 606 25
1211 606 24
1209 606 25
1208 606 25
1206 606 26
1206 606 26
1204 606 21
1202 606 17
1200 606 15
1199 606 14
1197 606 14
1195 606 13
1194 607 18
1191 607 20
1189 608 25
1186 608 25
1184 609 28
1182 609 27
1180 610 32
1179 610 31
1178 610 28
1177 611 29
1176 611 27
1174 612 28
1173 612 27
1172 612 27
1171 612 27
1170 613 37
1168 613 36
1168 613 36
1167 613 34
1166 613 33
1164 613 31
1163 613 31
1162 613 33
1161 613 35
1160 613 37
1159 613 39
1158 613 41
1158 613 41
1158 613 41
1158 612 34
1157 612 37
1155 611 33
1154 611 35
1153 611 37
1152 610 32
1151 609 29
1150 609 31
1149 608 28
1148 607 25
1146 607 27
1145 606 22
1143 606 22
1142 605 19
1142 605 19
1141 605 20
1140 605 23
1139 604 20
1138 604 22
1137 604 24
1136 604 25
1135 603 23
1134 603 24
1132 602 22
1131 602 23
1130 602 25
1129 601 20
1128 601 22
1128 601 22
1127 601 24
1126 601 27
1126 600 21
1125 600 24
1124 600 26
1124 600 26
1124 600 26
1124 600 26
1123 600 28
1123 600 28
1122 599 23
1122 598 17
1122 598 17
Stop
Start
1121 599 25
1121 599 25
1121 598 19
1120 598 20
1119 598 21
1117 598 25
1116 598 26
1116 598 26
1116 598 26
1115 598 27
1114 598 30
1114 597 23
1114 597 23
1113 597 26
1112 597 29
1110 597 35
1109 597 38
1108 597 41
1108 596 34
1108 596 34
1108 596 34
1107 596 37
1107 596 37
1106 596 39
1106 595 32
1105 595 35
1104 594 30
1104 594 30
1103 594 33
1102 593 29
1102 593 29
1101 592 25
1099 591 22
1098 591 25
1097 590 23
1096 590 26
1096 589 20
1095 589 25
1095 588 20
1094 588 24
1094 588 24
1093 587 24
1092 586 23
1092 586 23
1092 586 23
1091 585 22
1090 585 27
1090 584 24
1089 584 28
1089 583 25
1088 583 28
1088 582 25
1087 582 28
1086 582 31
1086 581 28
1086 581 28
1085 581 31
1084 580 32
1084 580 32
1084 580 32
1084 580 32
1083 579 34
1083 579 34
1083 579 34
1083 578 31
1082 578 34
1082 578 34
1082 578 34
1082 577 30
1082 576 27
1081 576 29
1081 575 26
1081 575 26
1081 574 24
1081 574 24
1080 573 25
1080 572 24
1080 571 23
1080 570 22
1080 569 21
1080 568 21
1080 566 20
1080 565 19
1080 564 19
1080 563 19
1080 562 20
1080 561 20
1080 560 20
1080 559 20
1080 559 20
1080 558 20
1080 557 19
1079 556 22
1079 554 20
1078 553 22
1078 552 20
1078 551 19
1077 550 22
1076 549 26
1076 548 26
1076 548 26
1076 547 25
1075 547 30
1075 547 30
1075 546 27
1074 545 29
1074 544 26
1073 543 29
1073 542 26
1072 541 28
1072 540 27
1072 540 27
1072 539 25
1072 539 25
1071 538 27
1071 538 27
1071 537 24
1070 536 26
1070 536 26
1069 534 26
1069 534 26
1068 533 28
1068 532 26
1068 532 26
1068 531 25
1068 530 24
1067 530 30
1067 529 28
1067 528 27
1067 527 28
1067 526 27
1067 525 27
1067 524 28
1067 523 28
1067 523 28
1067 522 29
1067 522 29
1067 521 31
1068 520 25
1068 519 28
1068 519 28
1068 518 29
1069 517 26
1069 516 27
1069 516 27
1069 516 27
1069 515 29
1070 514 25
1070 513 26
1070 513 26
1070 512 28
1070 512 28
1070 511 29
1070 510 30
1070 510 30
1070 509 31
1070 508 31
1071 508 26
1071 507 26
1071 506 26
1071 505 26
1071 505 26
1071 504 26
1071 504 26
1071 504 26
1071 504 26
1071 503 27
1072 502 24
1072 502 24
1072 501 25
1072 500 26
1072 499 27
1073 499 23
1073 498 24
1073 498 24
1073 498 24
1074 496 23
1074 496 23
1074 496 23
1074 495 25
1075 495 21
1075 494 23
1075 494 23
1075 493 26
1075 493 26
1075 493 26
1075 492 28
1076 492 24
1076 492 24
1076 492 24
Stop
Start
1076 491 27
1076 491 27
1076 490 28
1077 490 24
1077 490 24
1077 489 26
1078 489 23
1078 488 25
1078 488 25
1078 487 29
1078 486 31
1078 486 31
1079 485 29
1079 484 30
1079 483 30
1079 482 31
1079 481 33
1080 480 27
1080 479 28
1080 478 28
1080 477 28
1080 476 28
1080 474 30
1080 473 30
1080 472 31
1080 470 32
1080 469 32
1081 468 28
1081 467 31
1082 465 30
1082 464 34
1083 463 31
1083 462 33
1083 461 34
1084 460 27
1084 458 29
1085 457 24
1085 456 26
1085 456 26
1086 454 23
1086 454 23
1086 453 24
1086 452 25
1086 452 25
1087 451 20
1087 450 21
1087 450 21
1087 449 24
1088 448 24
1088 448 24
1088 448 24
1088 447 26
1089 446 27
1090 446 23
1090 445 26
1090 445 26
1090 445 26
1091 444 24
1092 444 21
1092 443 22
1093 442 20
1094 441 18
1094 440 20
1095 439 19
1096 438 18
1096 437 20
1097 436 17
1097 435 17
1097 434 17
1097 434 17
1097 434 17
1097 433 15
1097 432 15
1097 431 14
1097 431 14
1097 430 14
1097 430 14
1097 429 14
1097 429 14
1097 428 14
1097 428 14
1096 428 14
1096 427 14
1095 427 16
1094 426 18
1094 426 18
1094 426 18
1094 426 18
1094 425 18
1094 425 18
1093 424 25
1093 424 25
1093 424 25
1093 424 25
1093 423 28
1093 423 28
1093 422 30
1094 422 23
1094 421 26
1094 421 26
1094 420 30
1095 420 25
1095 420 25
1095 419 28
1096 419 23
1096 419 23
1096 418 26
1096 418 26
1097 417 25
1097 417 25
1098 416 22
1098 415 24
1099 414 23
1099 413 25
1100 412 24
1100 411 26
1100 410 28
1101 409 27
1102 407 27
1102 406 29
1102 405 31
1103 404 26
1103 403 26
1103 403 26
1103 402 27
1103 402 27
1104 402 22
1104 401 23
1104 400 23
1104 400 23
1104 399 24
1104 398 24
1104 397 25
1104 397 25
1105 396 22
1105 395 23
1105 395 23
1105 394 23
1105 394 23
1105 393 25
1106 392 22
1106 391 23
1106 390 25
1107 389 24
1107 388 27
1107 388 27
1107 388 27
1108 387 28
1108 387 28
1108 386 33
1108 386 33
1109 386 30
1109 386 30
1109 386 30
1110 385 32
1110 385 32
1111 385 30
1111 384 34
1111 384 34
Stop
Start
1112 384 28
1112 384 28
1112 384 28
1112 383 33
1112 383 33
1112 383 33
1113 382 27
1113 382 27
1113 381 29
1113 381 29
1114 380 26
1114 380 26
1114 379 27
1114 379 27
1114 378 28
1114 377 29
1114 377 29
1114 376 30
1115 376 26
1115 375 28
1115 375 28
1115 374 30
1115 374 30
1115 373 33
1116 373 29
1116 372 33
1116 372 33
1116 371 37
1117 371 32
1117 371 32
1117 370 36
1118 370 32
1118 370 32
1118 370 32
1118 369 37
1119 368 38
1120 368 32
1120 368 32
1120 368 32
1120 367 36
1121 366 34
1122 366 28
1122 366 28
1123 365 26
1123 364 30
1124 364 25
1124 363 29
1124 363 29
1125 362 28
1126 362 23
1126 361 27
1127 360 26
1127 360 26
1127 360 26
1128 359 27
1128 359 27
1128 359 27
1128 358 31
1129 358 29
1129 358 29
1130 357 30
1130 357 30
1130 357 30
1131 356 33
1132 356 31
1132 356 31
1132 355 38
1133 355 35
1134 354 38
1135 354 35
1136 353 39
1136 353 39
1137 352 41
1138 352 37
1138 351 45
1140 351 35
1140 350 42
1141 350 37
1142 349 39
1143 348 41
1144 348 35
1144 348 35
1145 347 38
1146 347 33
1146 347 33
1146 347 33
1147 347 29
1148 347 27
1149 346 28
1149 346 28
1151 346 25
1151 346 25
1151 346 25
1152 346 23
1152 346 23
1152 346 23
1153 346 22
1153 346 22
1154 346 20
1154 346 20
1154 346 20
1155 346 19
1155 345 23
1156 345 21
1156 345 21
1157 344 21
1157 344 21
1157 343 24
1158 342 22
1158 342 22
1159 341 20
1159 340 24
1160 340 17
1160 339 22
1160 339 22
1160 339 22
1161 338 21
1161 338 21
1161 337 27
1162 337 22
1162 336 28
1162 336 28
1162 336 28
1163 335 31
1163 335 31
1163 335 31
1164 335 28
1164 334 34
1165 334 31
1165 334 31
1165 334 31
1166 334 27
1166 333 34
1166 333 34
1167 333 31
1167 333 31
1168 332 34
1168 332 34
1168 332 34
1169 332 32
1169 332 32
1169 332 32
1170 332 31
1170 332 31
1170 332 31
1171 332 31
1171 332 31
1172 332 32
1172 332 32
1172 332 32
1172 333 26
1173 333 28
1174 333 32
1174 333 32
1174 334 25
1175 334 28
1175 334 28
1176 334 31
1176 334 31
1177 334 31
1177 334 31
1178 334 31
1178 334 31
1179 334 30
1180 334 30
1180 334 30
1180 334 30
1181 334 30
1181 334 30
1181 334 30
1182 334 30
1183 334 30
1184 333 39
1184 333 39
1185 333 39
1186 333 39
1186 333 39
1187 333 37
1188 333 35
1189 333 33
1189 333 33
1190 333 31
1190 333 31
1191 333 29
1191 333 29
1192 333 28
1192 333 28
1193 333 26
1193 333 26
1193 333 26
1194 333 25
1195 333 26
1196 333 27
1197 333 27
1197 333 27
1198 333 27
1199 333 28
1199 333 28
1200 333 28
1200 333 28
1201 333 27
1201 333 27
1201 333 27
1202 333 26
1202 333 26
1203 332 29
1203 332 29
1203 332 29
1204 332 27
1204 332 27
1204 332 27
1204 332 27
1205 332 25
1205 332 25
1205 332 25
1206 331 32
1206 331 32
1206 331 32
1207 331 32
1207 331 32
1208 331 34
1208 331 34
1208 331 34
1209 331 37
1209 332 31
1210 332 35
1210 332 35
1210 332 35
1210 332 35
1211 333 32
1212 333 34
1212 334 29
1213 334 31
1214 335 27
1214 335 27
1215 335 29
1215 335 29
1215 335 29
1216 335 32
1216 336 26
1217 336 29
1217 336 29
1217 336 29
1218 336 32
1218 336 32
1219 336 36
1219 336 36
1220 336 39
1221 336 41
1221 337 35
1222 337 39
1222 337 39
1222 337 39
1223 337 42
1223 338 36
1223 338 36
1223 339 33
1224 339 38
1224 340 34
1224 340 34
1224 340 34
1224 340 34
1224 340 34
1224 341 30
1224 342 25
1224 342 25
1224 342 25
1225 343 24
1225 343 24
1225 343 24
1226 344 23
1226 344 23
1226 344 23
1227 344 24
1227 344 24
1228 344 25
1228 344 25
1228 344 25
1229 344 26
1229 344 26
1230 344 28
1230 344 28
1230 344 28
1231 344 29
1231 344 29
1232 344 30
1232 344 30
1233 345 27
1233 345 27
1233 345 27
1234 345 32
1234 345 32
1234 345 32
1234 346 27
1234 346 27
1234 346 27
1234 346 27
1234 347 23
1234 347 23
1234 348 20
1234 348 20
1234 348 20
1234 349 17
1234 350 14
1234 350 14
1234 351 11
1234 351 11
1234 351 11
1234 352 8
1234 352 8
1234 353 8
1234 353 8
1234 354 9
1234 355 10
1235 355 16
1235 356 17
1235 356 17
1235 356 17
1235 357 17
1235 357 17
1235 357 17
1235 358 17
1235 358 17
1235 359 15
1236 359 21
1236 360 20
1236 360 20
1236 360 20
1236 361 18
1236 361 18
1237 362 21
1237 362 21
1237 362 21
1237 363 19
1237 363 19
1238 363 24
1238 364 21
1238 364 21
1238 364 21
1239 364 24
1239 364 24
1239 365 20
1240 365 23
1240 365 23
1241 365 25
1242 365 27
1242 365 27
1242 365 27
1243 365 30
1243 365 30
1244 365 33
1244 366 26
1244 366 26
1244 366 26
1245 366 28
1246 366 30
1246 366 30
1246 366 30
1247 367 28
1247 367 28
1248 368 25
1248 368 25
1249 369 24
1249 370 17
1250 371 19
1250 371 19
1250 372 16
1250 372 16
1250 372 16
1251 373 19
1251 373 19
1251 373 19
1251 374 17
1251 374 17
1251 374 17
1251 375 15
1251 375 15
1252 376 19
1252 376 19
1252 377 17
1252 377 17
1252 377 17
1252 377 17
1252 378 15
1252 378 15
1252 379 13
1253 380 16
1253 380 16
1253 381 14
1254 381 21
1254 382 18
1254 382 18
1254 382 18
1254 382 18
1254 383 16
1254 384 16
1255 384 20
1255 384 20
1255 384 20
1255 384 20
1255 385 18
1255 385 18
1256 385 22
1256 386 20
1256 386 20
1256 386 20
1256 386 20
1256 387 17
1257 387 22
1257 388 19
1257 388 19
1257 389 18
1257 389 18
1257 390 18
1257 390 18
1257 390 18
1257 391 17
1257 391 17
1257 392 17
1257 393 15
1257 393 15
1257 394 15
1257 394 15
1258 394 18
1258 395 18
1258 395 18
1258 395 18
1258 395 18
1258 396 16
1259 397 18
1259 397 18
1260 398 20
1260 398 20
1261 399 19
1261 400 15
1262 400 19
1262 401 16
1262 401 16
1262 401 16
1262 402 13
1263 402 16
1263 402 16
1263 403 15
1264 403 19
1264 404 18
1264 404 18
1265 405 22
1265 406 22
1266 407 27
1266 408 25
1266 409 25
1266 409 25
1266 410 24
1266 410 24
1267 411 27
1267 413 29
1267 414 30
1267 416 32
1267 416 32
1267 417 32
1267 418 31
1267 418 31
1267 419 31
1267 419 31
1267 420 31
1266 420 25
1266 420 25
1266 421 25
1266 422 26
1266 422 26
1266 422 26
1266 422 26
1266 423 27
1266 423 27
1266 424 29
1266 424 29
1266 425 29
1266 425 29
1266 426 31
1266 426 31
1266 426 31
1266 427 33
1266 428 33
1266 429 33
1266 429 33
1266 429 33
1266 430 31
1266 431 29
1266 432 27
1266 432 27
1266 433 25
1266 433 25
1266 434 24
1266 434 24
1266 434 24
1266 435 25
1266 436 24
1266 436 24
1266 437 25
1266 437 25
1267 438 30
1267 438 30
1267 440 31
1267 440 31
1267 441 30
1267 442 29
1267 444 26
1267 445 25
1267 446 24
1266 447 20
1266 448 20
1266 448 20
1266 449 20
1266 450 19
1266 450 19
1266 451 19
1266 452 19
1266 452 19
1266 453 18
1266 453 18
1266 454 17
1266 454 17
1266 454 17
1266 455 16
1266 455 16
1266 456 17
1266 456 17
1267 456 17
1267 456 17
1267 456 17
1267 457 17
1267 457 17
1267 457 17
1267 458 17
1267 458 17
1267 458 17
1268 459 17
1268 459 17
1268 459 17
1268 459 17
1268 460 18
1268 460 18
1268 460 18
1268 461 17
1268 461 17
1268 462 17
1268 462 17
1269 462 19
1269 463 19
1269 463 19
1269 463 19
1269 464 20
1269 464 20
1269 465 21
1269 465 21
1269 466 22
1269 466 22
1270 467 25
1270 467 25
1270 468 26
1270 469 25
1270 469 25
1270 470 24
1270 471 24
1270 471 24
1270 472 24
1270 472 24
1270 473 25
1270 474 25
1270 474 25
1270 474 25
1270 475 24
1270 475 24
1270 475 24
1270 476 23
1270 476 23
1271 476 26
1271 476 26
1271 477 25
1271 477 25
1271 478 22
1271 478 22
1271 478 22
1271 479 21
1271 479 21
1272 479 24
1272 480 22
1272 480 22
1272 480 22
1272 480 22
1272 480 22
1272 481 21
1272 481 21
1272 481 21
1272 481 21
1272 482 21
1272 482 21
1272 482 21
1272 482 21
1272 483 21
1272 483 21
Stop
Start
1273 514 21
1273 514 21
1273 514 21
1273 514 21
1273 514 21
1273 513 21
1273 513 21
1273 512 20
1273 512 20
1273 511 20
1273 511 20
1273 510 19
1273 510 19
1273 509 19
1273 509 19
1273 508 21
1273 507 22
1273 506 24
1273 505 26
1274 504 31
1274 503 31
1274 502 31
1274 501 31
1274 500 30
1275 499 31
1275 499 31
1275 498 29
1275 498 29
1275 497 27
1275 496 26
1275 496 26
1275 495 23
1275 495 23
1275 494 23
1275 494 23
1275 493 24
1275 493 24
1275 492 24
1275 492 24
1275 491 25
1274 490 24
1274 490 24
1274 489 25
1274 489 25
1274 488 25
1274 487 25
1274 487 25
1274 486 25
1274 486 25
1273 485 23
1273 485 23
1273 485 23
1273 484 24
1273 484 24
1273 484 24
1273 484 24
1273 484 24
1273 483 25
1273 483 25
1273 483 25
Stop
Start
1174 706 21
1174 706 21
1173 706 23
1173 706 23
1172 706 24
1170 706 28
1170 707 22
1169 707 24
1169 707 24
1168 707 25
1168 707 25
1167 707 28
1166 707 28
1166 707 28
1165 707 29
1164 707 29
1162 707 29
1161 707 29
1159 707 29
1159 707 29
1158 707 29
1157 707 29
1156 707 29
1155 707 29
1154 707 29
1154 707 29
1153 706 36
1152 706 34
1152 706 34
1151 706 33
1150 706 32
1148 705 37
1146 705 35
1145 704 41
1144 704 40
1144 704 40
1143 704 39
1142 704 37
1142 704 37
1141 704 36
1140 704 35
1139 704 35
1139 704 35
1138 704 35
1137 704 35
1137 704 35
1136 704 37
1136 704 37
1135 705 28
1134 705 30
1134 705 30
1133 705 31
1132 705 31
1132 706 23
1131 706 24
1131 706 24
1130 706 24
1129 706 22
1128 706 21
1128 706 21
1128 706 21
1127 706 17
1127 706 17
1126 705 25
1126 705 25
1126 705 25
1125 704 32
1125 704 32
1125 704 32
1124 704 29
1124 704 29
1124 704 29
1124 704 29
1123 704 28
1123 704 28
1122 704 29
1121 704 32
1120 704 34
1120 704 34
1120 704 34
1119 704 41
1119 705 31
1118 705 35
1118 705 35
1117 706 30
1117 706 30
1116 706 35
1116 706 35
1115 707 30
1114 707 32
1113 707 34
1113 707 34
1112 708 28
1112 708 28
1111 708 30
1111 708 30
1110 709 29
1109 710 26
1108 711 23
1107 711 27
1107 711 27
1106 712 25
1106 713 19
1105 713 25
1105 714 20
1104 714 25
1104 714 25
1104 715 21
1103 715 27
1103 716 21
1102 716 26
1102 717 21
1100 718 27
1100 719 23
1099 720 23
1099 720 23
1098 720 27
1097 721 26
1096 721 29
1095 722 23
1094 722 27
1093 722 30
1093 722 30
1092 722 32
1091 723 30
1090 723 34
1089 724 33
1088 724 39
1088 725 33
1087 725 40
1087 726 34
1086 726 40
1086 727 34
1085 728 35
1085 728 35
1084 729 35
1083 730 35
1082 731 34
1082 732 29
1081 732 33
1081 733 27
1080 734 25
1079 735 24
1078 736 24
1078 736 24
1077 737 23
1077 737 23
1076 738 24
1075 739 25
1075 739 25
1074 740 26
1074 741 23
1073 742 24
1073 742 24
1072 743 25
1072 744 20
1070 745 26
1070 746 20
1069 746 24
1069 747 19
1068 748 16
1068 748 16
1067 748 21
1066 749 18
1065 749 23
1064 750 21
1063 750 26
1062 751 25
1062 751 25
1061 751 31
1061 752 26
1060 752 34
1060 753 30
1060 753 30
1059 754 35
1059 754 35
1058 755 37
1058 756 32
1058 757 26
1057 758 27
1057 758 27
1056 759 29
1056 759 29
1056 760 25
1055 761 29
1055 762 27
1055 762 27
1055 763 26
1055 764 26
1055 764 26
1055 766 25
1056 767 21
1056 768 23
1056 769 23
1056 770 24
1056 771 24
1056 772 24
1056 774 22
1056 775 21
1056 776 20
1056 776 20
1056 777 19
1056 778 17
1056 779 14
1055 780 16
1054 780 19
1054 781 16
1053 782 16
1052 782 21
1052 783 15
1051 783 20
1051 784 15
1050 784 19
1050 784 19
1049 784 23
1049 785 18
1049 785 18
1047 786 18
1047 786 18
1046 786 23
1046 787 18
1046 787 18
1045 788 18
1044 788 23
1044 789 19
1044 790 14
1043 790 20
1043 791 15
1042 792 14
1042 793 9
1042 793 9
1041 793 14
1041 794 8
1040 794 11
1040 794 11
1040 794 11
1039 794 15
1039 794 15
1039 794 15
1038 794 18
1038 794 18
1037 795 16
1037 795 16
1037 795 16
1036 795 19
1035 795 22
1035 796 17
1035 796 17
1034 796 20
1034 796 20
1034 796 20
1034 796 20
1033 797 21
1033 797 21
1033 798 18
1032 798 24
1032 798 24
1032 799 21
1032 800 20
1032 800 20
1032 801 18
1032 801 18
1032 801 18
1031 802 23
1031 802 23
1031 803 22
1031 803 22
1031 803 22
1031 804 20
1030 804 25
1030 804 25
1030 804 25
1030 805 23
1030 805 23
1030 806 20
1030 806 20
1029 807 23
1029 807 23
1029 807 23
1029 808 20
1029 808 20
1029 808 20
1028 808 24
1028 809 21
1028 809 21
1028 809 21
1027 810 21
1027 810 21
1026 810 23
1026 811 21
1026 811 21
1026 811 21
1026 811 21
1025 812 23
1025 812 23
1025 812 23
1025 813 24
1025 813 24
1024 813 27
1024 813 27
1024 814 31
1024 814 31
1024 815 34
1025 815 31
1025 816 34
1025 816 34
1025 817 37
1026 817 33
1026 818 37
1026 818 37
1026 818 37
1026 818 37
1027 818 34
1027 818 34
1028 818 31
1028 818 31
1029 818 29
1029 818 29
1030 818 28
1030 818 28
1031 818 28
1032 818 29
1032 818 29
1032 817 23
1032 817 23
1033 817 24
1033 817 24
1033 817 24
1033 816 20
1034 816 21
1034 816 21
1034 816 21
1034 816 21
1035 816 22
1035 816 22
1036 816 22
1036 816 22
1037 817 24
1038 817 22
1038 817 22
1039 818 25
1039 818 25
1039 818 25
1040 819 29
1040 819 29
1041 820 35
1041 820 35
1042 820 35
1042 820 35
1042 820 35
1043 820 36
1043 820 36
1044 820 37
1044 820 37
1045 820 38
1045 820 38
1046 820 38
1046 820 38
1047 819 29
1047 819 29
1048 819 28
1049 819 28
1050 819 28
1050 819 28
1051 819 27
1052 819 25
1053 819 23
1053 819 23
1054 819 21
1055 819 19
1055 819 19
1057 820 20
1058 820 18
1058 820 18
1059 820 18
1060 820 17
1060 820 17
1061 821 21
1061 821 21
1062 821 19
1063 822 23
1064 822 21
1064 822 21
1065 823 26
1066 823 25
1067 823 24
1067 824 34
1068 824 33
1068 824 33
1069 824 33
1070 824 32
1070 824 32
1071 824 31
1072 824 31
1072 824 31
1072 824 31
1073 824 31
1073 824 31
1074 824 30
1075 824 30
1075 824 30
1076 824 30
1076 824 30
1077 824 30
1077 824 30
1078 823 22
1079 823 23
1079 823 23
1080 823 25
1081 823 27
1081 822 19
1081 822 19
1082 822 21
1082 822 21
1083 822 21
1085 822 18
1085 822 18
1086 822 16
1087 822 15
1088 822 12
1089 822 11
1090 822 9
1092 822 7
1092 822 7
1092 823 13
1093 823 13
1093 823 13
1094 823 13
1095 823 13
1095 824 20
1096 824 21
1096 824 21
1097 824 19
1097 825 25
1098 825 24
1099 826 31
1100 826 29
1100 826 29
1100 826 29
1101 826 27
1102 827 30
1102 827 30
1102 827 30
1103 827 28
1104 828 31
1104 828 31
1105 828 29
1105 828 29
1106 829 33
1106 829 33
1107 829 30
1107 829 30
1107 829 30
1108 829 28
1109 830 33
1110 830 31
1111 830 29
1112 830 27
1113 831 32
1114 831 29
1115 831 26
1116 831 22
1116 831 22
1118 831 12
1118 832 17
1119 832 14
1120 832 10
1120 832 10
1120 832 10
1122 833 17
1122 833 17
1122 834 26
1123 834 24
1123 834 24
1124 835 32
1124 835 32
1125 835 30
1126 835 28
1126 836 39
1126 836 39
1127 836 36
1128 836 33
1129 836 30
1130 836 27
1131 836 24
1131 837 32
1132 837 30
1133 837 27
1134 837 25
1134 837 25
1135 837 23
1136 838 30
1137 838 29
1138 838 26
1138 838 26
1139 838 23
1140 839 28
1141 839 25
1142 839 25
1142 839 25
1143 839 25
1143 839 25
1143 839 25
1144 839 26
1144 839 26
1145 839 27
1146 839 28
1146 839 28
1146 839 28
1147 839 28
1147 839 28
1148 839 26
1148 839 26
1149 839 24
1149 839 24
1150 839 20
1150 839 20
1151 839 16
1151 839 16
1152 840 21
1153 840 19
1154 840 16
1154 840 16
1155 840 15
1156 840 15
1156 840 15
1158 841 19
1159 841 19
1160 841 19
1160 841 19
1161 841 17
1162 841 16
1163 841 15
1164 841 13
1165 841 11
1166 841 10
1166 841 10
1167 841 11
1168 841 10
1170 841 11
1171 842 17
1173 842 16
1174 842 15
1175 842 15
1176 842 15
1177 842 15
1178 843 22
1179 843 23
1179 843 23
1179 843 23
1180 843 24
1180 843 24
1181 843 25
1182 843 26
1182 843 26
1183 843 27
1183 843 27
1184 843 27
1185 843 28
1186 843 30
1187 843 32
1188 843 34
1188 843 34
1189 842 26
1190 842 29
1190 842 29
1191 842 30
1192 842 32
1192 842 32
1193 841 24
1194 841 25
1194 841 25
1195 841 26
1196 840 21
1197 840 23
1198 840 25
1198 840 25
1199 840 26
1199 840 26
1201 839 17
1201 839 17
1202 839 17
1202 839 17
1203 839 17
1204 839 17
1204 839 17
1205 838 12
1206 838 13
1207 838 15
1207 838 15
1208 838 16
1209 838 18
1210 838 21
1211 838 23
1212 838 24
1213 838 24
1214 838 24
1215 838 25
1217 838 26
1218 838 27
1218 838 27
1219 838 29
1219 837 22
1220 837 24
1221 837 26
1222 837 28
1222 837 28
1222 837 28
1223 837 29
1223 836 23
1224 836 24
1225 836 24
1226 836 24
1227 836 24
1227 835 18
1228 835 18
1229 835 18
1230 834 15
1231 834 16
1231 834 16
1232 834 16
1232 834 16
1232 834 16
1233 834 17
1233 833 13
1233 833 13
1234 833 14
1234 833 14
1235 833 15
1235 833 15
1236 833 16
1236 833 16
1237 833 17
1238 833 18
1238 833 18
1239 833 20
1240 833 21
1241 833 21
1242 833 22
1243 833 21
1244 833 19
1244 833 19
1245 833 17
1246 833 16
1246 833 16
1246 833 16
1247 833 15
1248 833 16
1248 833 16
1249 833 16
1250 833 16
1251 833 15
1251 833 15
1252 833 14
1253 833 12
1254 833 10
1255 833 8
1256 834 11
1256 834 11
1257 834 9
1258 834 6
1258 835 11
1259 835 8
1260 835 6
1260 835 6
1260 836 12
1261 836 9
1261 836 9
1262 836 8
1262 836 8
1263 837 12
1263 837 12
1263 837 12
1264 837 11
1264 837 11
1265 837 10
1265 837 10
1266 838 16
1266 838 16
1267 838 16
1268 838 16
1268 838 16
1269 838 14
1269 838 14
1270 838 14
1270 838 14
1271 838 14
1272 838 13
1272 838 13
1273 838 14
1274 837 8
1275 837 10
1276 837 11
1276 836 6
1277 836 7
1278 836 8
1278 835 3
1279 835 4
1280 835 5
1281 835 6
1282 835 8
1282 835 8
1283 835 10
1284 835 12
1285 835 13
1285 835 13
1285 835 13
1286 835 13
1287 835 13
1287 835 13
1288 835 10
1289 835 9
1290 835 8
1291 835 9
1291 835 9
1291 835 9
1292 835 11
1292 835 11
1292 835 11
1292 834 6
1293 834 9
1293 834 9
1294 834 13
1294 834 13
1294 833 9
1295 833 12
1295 833 12
1296 832 12
1296 832 12
1296 832 12
1296 831 8
1297 830 11
1297 830 11
1298 829 13
1298 828 12
1298 827 12
1298 827 12
1298 826 13
1298 824 16
1298 823 18
1298 822 19
1298 822 19
1297 821 14
1297 821 14
1297 820 16
1296 819 10
1296 819 10
1296 818 11
1296 818 11
1295 818 7
1295 817 8
1295 817 8
1295 816 10
1294 816 5
1294 815 9
1294 815 9
1294 814 13
1294 814 13
1293 814 8
1293 813 12
1293 813 12
1292 812 13
1292 812 13
1292 811 20
1291 811 16
1291 810 23
1290 810 17
1290 809 24
1289 809 17
1289 808 23
1288 808 19
1288 808 19
1288 807 23
1287 807 17
1287 807 17
1286 806 18
1286 806 18
1286 806 18
1286 805 22
1285 805 17
1285 805 17
1284 804 16
1284 804 16
1284 804 16
1284 803 19
1283 803 16
1283 802 19
1283 802 19
1282 802 16
1282 801 19
1282 801 19
1281 800 17
1281 800 17
1281 800 17
1280 799 16
1280 799 16
1279 798 18
1279 798 18
1278 798 12
1278 797 18
1278 797 18
1277 797 13
1276 797 10
1275 796 12
1275 796 12
1274 796 11
1274 796 11
1273 796 11
1272 796 9
1272 796 9
1272 795 15
1271 795 13
1270 794 15
1270 794 15
1270 794 15
1269 794 10
1269 793 14
1268 793 9
1268 793 9
1268 792 13
1267 791 11
1267 790 15
1266 790 10
1266 789 13
1266 789 13
1266 788 15
1266 788 15
1265 788 11
1265 787 14
1265 786 16
1265 786 16
1265 786 16
1265 785 17
1265 784 18
1265 784 18
1265 783 18
1265 782 17
1266 782 23
1266 780 23
1266 780 23
1266 778 24
1266 778 24
1267 777 30
1267 776 29
1267 776 29
1267 775 28
1267 774 29
1267 774 29
1267 773 29
1267 772 31
1267 772 31
1267 772 31
1266 771 27
1266 771 27
1266 770 29
1265 770 22
1265 769 25
1264 768 22
1264 768 22
1264 768 22
1263 767 18
1263 767 18
1262 766 16
1262 765 21
1261 765 13
1261 764 17
1260 764 11
1260 764 11
1260 763 16
1259 762 17
1259 762 17
1258 761 17
1258 761 17
1256 760 15
1256 759 16
1255 759 15
1255 758 16
1254 758 13
1253 757 10
1253 756 12
1252 756 9
1252 756 9
1252 755 12
1251 754 12
1250 754 9
1250 754 9
1250 753 12
1250 753 12
1249 752 11
1249 752 11
1248 751 10
1248 750 15
1247 750 13
1247 749 18
1246 748 18
1246 748 18
1245 747 18
1245 746 20
1244 745 20
1243 744 17
1243 743 21
1242 743 19
1242 742 23
1242 742 23
1242 742 23
1242 742 23
1242 741 27
1241 741 25
1241 740 29
1241 740 29
1240 739 30
1240 739 30
1239 738 30
1239 738 30
1238 738 21
1238 737 23
1237 736 16
1237 736 16
1237 736 16
1237 735 18
1236 735 11
1236 734 14
1236 734 14
1236 733 17
1235 732 14
1235 731 18
1234 731 13
1234 730 16
1234 730 16
1234 729 19
1234 728 23
1234 728 23
1233 727 19
1233 726 22
1233 726 22
1232 725 16
1232 724 22
1232 724 22
1231 724 17
1231 723 23
1231 723 23
1230 723 18
1230 722 25
1230 722 25
1229 722 23
1229 722 23
1228 722 22
1228 722 22
1227 722 21
1226 721 28
1226 721 28
1224 721 24
1224 720 31
1223 720 25
1222 720 21
1222 720 21
1222 720 21
1221 719 23
1220 719 19
1220 718 24
1219 718 19
1218 717 22
1218 716 28
1217 716 22
1217 715 27
1216 715 23
1216 715 23
1216 714 28
1216 714 28
1215 714 22
1215 714 22
1214 714 18
1214 713 24
1214 713 24
1213 712 23
1213 712 23
1212 711 23
1212 711 23
1211 711 20
1211 710 27
1210 710 23
1210 710 23
1210 709 30
1209 709 25
1209 709 25
1208 709 22
1208 708 28
1208 708 28
1207 708 25
1206 707 29
1206 707 29
1205 707 25
1204 707 21
1204 706 28
1203 706 25
1202 706 22
1202 706 22
1201 706 21
1201 705 28
1200 705 28
1200 705 28
1200 705 28
1199 705 27
1198 705 28
1197 705 28
1197 705 28
1196 705 28
1196 704 35
1195 704 33
1194 704 31
1194 704 31
1192 704 27
1192 704 27
1191 704 25
1191 704 25
1190 704 25
1189 703 33
1189 703 33
1188 703 34
1187 703 35
1186 703 37
1186 703 37
1185 703 38
1184 703 38
1184 703 38
1184 703 38
1183 703 40
1183 703 40
1182 703 39
1182 703 39
1182 703 39
1181 703 39
1180 703 39
1179 703 40
1179 704 31
1178 704 33
1178 704 33
1178 704 33
1177 704 35
1177 704 35
1176 704 37
1176 704 37
1175 704 40
1175 705 30
1174 705 31
1174 705 31
1174 705 31
1173 705 32
1173 705 32
Stop
