New Slice
Start
492 237 80
491 237 80
491 237 80
490 237 79
489 237 79
489 237 79
488 237 74
487 236 74
487 236 74
486 236 70
485 235 23
485 235 23
484 235 23
483 235 25
483 235 25
483 234 25
482 234 25
481 234 34
481 234 34
481 233 0
480 233 0
479 233 0
479 233 0
478 232 21
477 231 12
477 231 12
477 230 22
477 229 22
477 229 22
477 228 29
477 227 29
477 227 29
477 226 22
477 225 20
477 225 20
477 224 20
477 223 34
477 223 34
477 222 34
477 221 55
478 221 55
479 220 27
479 220 27
479 219 43
480 219 43
481 218 42
481 218 42
482 217 26
483 217 26
483 217 26
483 216 58
484 216 39
485 215 39
485 215 39
486 215 27
487 215 32
488 216 32
489 217 22
489 217 22
490 217 22
490 218 22
491 218 40
491 219 23
492 219 23
493 219 48
493 220 33
494 220 57
494 221 57
495 221 57
495 222 24
496 222 57
496 223 57
497 223 57
497 223 57
498 223 68
498 224 56
499 224 83
500 224 83
501 224 87
501 224 87
502 224 87
503 224 83
503 224 83
504 224 83
505 224 77
505 224 77
506 224 59
507 224 59
507 224 59
508 224 38
509 224 38
509 224 38
510 224 30
511 224 23
511 224 23
512 224 23
513 224 11
513 224 11
514 224 11
515 224 0
515 224 0
516 224 0
517 224 0
517 224 0
518 224 0
519 224 0
519 225 0
519 225 0
520 226 1
521 227 3
521 227 3
521 227 3
522 228 11
523 229 22
523 229 22
523 229 22
524 230 22
525 231 41
525 231 41
526 231 41
526 232 26
526 233 26
527 233 57
527 233 57
527 234 30
528 235 43
528 235 43
529 235 43
529 236 20
529 237 20
529 237 20
530 237 47
530 238 42
531 239 19
531 239 19
531 239 19
531 240 19
532 240 55
532 241 52
533 241 52
533 242 52
533 242 52
533 243 33
533 243 33
534 243 56
535 244 51
535 245 51
535 245 51
536 245 51
537 246 61
537 246 61
538 246 61
539 247 69
540 247 74
541 247 74
541 247 74
542 247 69
543 247 69
543 247 69
544 247 61
545 247 61
545 248 17
546 248 23
547 248 39
547 249 39
547 249 39
547 250 30
547 251 41
546 251 15
546 251 15
545 251 1
545 252 1
545 252 1
544 253 18
544 253 18
543 254 6
543 255 18
543 255 18
543 256 49
542 257 49
542 257 49
542 258 75
542 259 75
542 259 75
542 260 82
542 261 82
542 261 82
542 262 80
542 263 85
542 263 85
542 264 85
542 265 100
542 266 100
542 267 93
542 267 93
542 268 86
542 269 86
542 269 86
542 270 82
542 271 82
542 271 82
542 272 82
542 273 77
541 273 51
541 274 51
541 275 48
541 276 48
541 277 58
540 277 58
540 279 77
539 279 57
539 280 69
539 281 69
539 282 73
538 283 53
538 283 53
537 283 53
537 284 61
537 285 47
537 285 47
537 286 47
537 287 41
537 287 41
537 288 41
537 289 31
537 289 31
537 290 31
537 291 8
537 291 8
538 292 0
538 293 0
539 293 12
539 293 12
539 294 0
539 294 0
540 294 10
540 295 10
541 295 10
541 295 10
542 295 24
543 295 24
543 295 24
543 296 15
543 297 18
543 297 18
543 298 18
543 299 51
543 299 51
543 301 77
543 301 77
543 302 77
542 303 90
542 303 90
542 305 87
541 305 69
541 305 69
541 306 72
541 307 72
541 307 72
541 308 77
541 309 88
541 309 88
541 310 88
541 311 83
541 311 83
541 312 83
541 313 83
541 313 83
541 314 83
541 315 85
541 315 85
541 316 71
541 317 71
541 317 71
541 318 62
541 319 62
541 320 64
542 321 70
543 322 70
543 323 52
543 323 52
543 323 52
543 324 52
543 325 46
543 325 46
544 325 71
544 326 51
545 327 51
545 327 51
545 328 25
545 329 25
545 329 25
546 330 47
547 331 87
547 333 55
547 333 55
547 335 49
547 335 49
547 336 49
547 337 41
547 337 41
547 338 42
547 339 42
547 339 42
547 340 49
547 341 49
546 341 24
546 342 52
545 342 23
545 343 23
545 343 23
544 344 37
543 345 31
543 346 31
542 347 38
541 347 21
541 347 21
541 347 21
541 348 21
540 348 21
539 348 3
539 349 19
539 349 19
539 349 19
538 349 0
537 350 49
537 350 49
536 350 17
535 351 17
535 351 17
534 351 0
533 352 35
531 352 25
531 353 25
530 353 25
529 353 11
529 353 11
528 353 11
528 354 62
527 355 48
527 355 48
526 355 29
525 355 29
525 355 29
525 355 29
524 355 15
523 355 15
523 356 60
522 356 56
521 356 56
521 356 56
520 356 56
519 356 50
519 356 50
518 356 50
517 356 38
517 356 38
516 356 29
515 356 29
515 356 29
513 356 23
512 356 14
511 356 14
511 356 14
510 356 4
509 356 0
509 356 0
508 356 0
507 356 4
507 356 4
506 356 4
505 356 11
505 356 11
504 356 18
503 356 18
503 356 18
502 356 24
501 356 24
501 356 24
500 356 29
499 356 29
498 356 32
497 356 35
497 356 35
496 356 35
495 356 47
495 356 47
494 356 47
493 356 65
493 356 65
492 356 76
491 355 42
490 355 48
489 355 48
489 355 48
488 355 60
488 354 60
487 354 60
487 353 51
486 353 62
485 352 80
485 352 80
485 352 80
486 352 62
487 352 51
487 352 51
488 352 51
489 352 51
489 353 51
490 353 51
491 353 58
491 353 58
492 354 42
493 354 37
493 355 37
495 355 31
495 355 31
496 355 44
497 355 44
497 355 44
498 355 48
499 355 46
499 355 46
500 355 46
501 355 38
501 355 38
502 355 38
503 355 29
503 355 29
504 354 29
505 354 21
505 354 21
506 353 47
507 353 47
507 353 47
508 353 27
509 353 27
509 352 27
510 352 0
510 351 46
511 351 28
511 351 28
512 351 28
513 350 5
513 350 5
514 349 48
515 349 27
515 349 27
516 349 27
516 348 62
517 348 35
517 347 35
518 347 8
519 347 8
519 346 30
519 346 30
520 345 3
521 345 3
521 345 3
521 345 3
521 344 25
522 343 7
523 343 0
523 342 0
523 341 6
523 341 6
524 341 6
524 340 6
524 339 32
524 339 32
524 338 32
525 337 13
525 337 13
525 336 9
525 335 9
525 335 9
525 334 22
525 333 22
525 333 22
525 332 27
525 331 23
525 331 23
525 330 23
525 329 20
525 327 18
525 327 18
525 326 18
525 325 20
525 324 28
525 323 28
525 323 28
525 322 25
525 321 25
525 321 25
525 320 26
525 319 15
525 319 15
525 318 15
524 317 41
524 317 41
524 316 41
524 315 18
523 315 18
523 315 18
523 314 4
523 313 4
523 313 4
523 312 0
523 311 0
523 311 0
522 310 0
522 309 0
521 309 33
521 309 33
521 308 17
521 307 5
521 307 5
521 306 5
520 306 5
520 305 0
519 305 4
519 304 4
519 303 0
519 303 0
519 302 0
519 301 0
518 301 0
517 300 0
517 299 0
517 298 0
517 297 0
516 297 0
515 297 0
515 296 0
515 295 0
514 295 0
513 295 0
513 294 0
513 293 0
512 293 0
511 293 0
511 293 0
511 292 0
510 292 0
509 292 0
509 291 0
509 291 0
508 291 0
507 290 0
507 290 0
507 289 0
506 289 0
505 289 0
505 287 0
504 287 0
503 287 0
503 287 0
502 287 0
501 286 1
501 285 1
500 285 0
499 285 0
498 285 0
497 285 5
497 285 5
496 284 0
495 283 0
495 283 0
494 283 0
494 283 0
493 283 8
493 283 8
492 283 24
491 282 24
490 282 40
490 281 0
489 281 0
489 281 0
488 281 6
487 281 6
487 281 6
486 281 22
485 281 28
485 281 28
484 281 28
483 281 23
483 281 23
482 281 23
481 281 27
481 281 27
480 281 29
479 281 29
479 281 29
478 281 32
478 281 32
477 281 32
477 281 32
476 281 33
476 280 33
475 280 33
475 279 7
474 279 14
474 279 14
473 279 31
473 278 25
472 278 25
472 277 25
471 277 61
471 276 66
471 276 66
471 275 66
471 275 66
471 274 70
471 273 70
471 273 70
471 272 87
471 271 96
471 271 96
471 270 96
471 269 92
471 269 92
471 268 92
472 267 97
473 267 97
473 266 95
473 265 95
474 264 66
474 263 66
475 263 44
475 263 44
475 262 52
475 261 43
476 261 43
476 260 43
476 259 51
476 259 51
477 259 29
477 258 29
478 257 39
479 255 19
479 255 19
479 254 51
479 253 51
480 253 51
481 252 44
481 251 44
481 251 44
482 250 52
483 250 52
483 249 75
484 249 64
485 249 64
485 249 64
485 250 32
485 251 11
485 251 11
485 252 11
485 253 12
485 253 12
484 254 12
484 255 30
484 255 30
484 256 47
484 257 47
484 257 47
484 258 41
484 259 41
484 259 41
484 260 38
484 261 38
484 261 38
484 262 37
484 263 42
484 263 42
484 264 42
484 265 43
485 265 43
485 265 43
485 265 43
485 266 43
486 267 49
486 267 49
487 267 69
487 268 53
487 268 53
488 269 53
488 269 53
489 269 72
489 270 41
489 270 41
490 270 41
491 271 66
491 271 66
491 271 66
492 271 66
493 271 86
493 272 45
494 272 66
495 272 66
495 273 45
496 273 70
497 273 70
497 273 70
497 273 70
497 274 70
498 274 83
499 274 94
499 274 94
499 275 84
500 275 84
501 275 85
501 275 85
501 275 85
502 275 85
503 275 84
503 276 84
504 276 84
505 276 78
505 276 78
506 276 71
507 276 71
507 277 63
508 277 60
509 277 60
509 277 60
510 277 71
511 277 62
511 277 62
512 277 62
513 277 56
513 277 56
514 277 56
515 277 41
515 277 41
516 277 41
517 277 15
517 277 15
518 277 0
519 277 0
519 277 0
520 277 0
520 277 0
521 276 6
522 276 0
523 275 0
523 275 0
523 274 0
524 273 0
524 273 0
525 272 0
525 271 0
525 271 0
525 270 0
525 269 0
525 269 0
525 268 0
525 267 13
525 267 13
525 266 16
525 265 16
525 265 16
525 264 9
525 263 9
525 263 9
524 263 15
524 262 10
524 261 2
524 261 2
523 260 2
523 259 0
523 258 0
523 258 0
523 257 0
522 257 9
522 256 9
521 255 21
521 254 9
521 253 9
521 253 9
520 252 0
520 251 0
520 251 0
519 250 0
519 249 0
519 249 0
518 248 0
518 247 0
517 247 13
517 246 13
517 246 13
516 245 19
515 245 19
515 244 19
515 244 19
515 243 16
514 243 30
513 243 30
513 242 25
512 241 49
511 241 49
511 241 49
511 241 49
510 241 68
509 240 57
509 239 57
508 239 57
507 239 73
507 239 73
506 239 73
505 238 81
504 238 87
503 237 60
502 237 62
501 237 62
501 237 62
500 237 62
499 237 62
499 237 62
498 237 66
497 237 71
497 237 71
496 237 71
495 237 67
495 237 67
494 237 67
493 237 74
493 237 74
492 237 80
491 237 80
491 237 80
490 237 79
489 237 79
489 237 79
488 237 74
487 237 74
487 237 74
486 237 70
485 237 74
485 237 74
484 237 74
483 237 79
483 236 79
483 236 79
Stop
New Slice
Start
490 215 38
490 215 38
489 214 47
489 214 47
488 213 65
487 213 65
487 213 65
486 213 65
485 213 75
485 213 75
484 214 65
483 215 58
483 215 58
482 215 58
482 216 58
481 217 42
481 217 42
480 218 69
480 219 43
479 219 43
479 219 43
479 220 27
479 221 27
479 221 27
478 221 55
478 222 34
477 223 34
477 223 34
476 223 55
476 225 36
476 225 36
476 226 32
476 227 43
475 227 43
475 228 43
475 229 38
475 229 38
476 231 34
477 231 12
477 232 21
477 232 21
478 233 21
479 233 0
479 233 0
479 233 0
480 233 0
480 234 34
481 234 34
481 234 34
482 234 25
483 234 25
483 234 25
483 235 25
485 235 23
485 235 23
486 235 23
487 235 28
487 235 28
488 235 28
489 235 34
489 235 34
490 235 34
491 235 35
491 235 35
492 235 35
493 235 29
493 235 29
494 235 22
495 235 22
495 235 22
496 235 22
497 235 22
498 235 24
499 235 23
499 235 23
500 235 23
501 235 19
501 235 19
502 235 19
503 235 14
503 235 14
504 235 14
505 235 8
505 235 8
506 235 0
507 235 0
507 235 0
507 235 0
507 236 29
508 236 12
509 236 12
509 237 12
510 237 1
510 237 1
511 237 0
511 238 6
511 239 32
512 239 32
512 239 32
513 239 16
513 240 16
513 241 25
514 241 25
515 242 7
515 243 16
515 243 16
516 243 16
516 244 19
516 245 19
517 245 8
517 246 13
517 247 13
517 247 13
518 247 0
518 248 0
519 248 0
519 249 0
519 249 0
519 250 0
519 251 11
519 251 11
520 251 0
520 252 0
520 253 9
520 253 9
520 254 9
521 254 9
521 255 21
521 255 21
521 256 24
521 257 24
521 257 24
521 257 24
521 258 20
521 259 20
521 259 20
521 260 38
521 261 38
521 261 38
522 262 27
522 263 30
522 263 30
522 264 30
522 265 40
522 265 40
522 266 40
522 267 51
522 267 51
522 268 39
522 269 39
522 269 39
522 270 29
522 271 29
522 271 29
522 272 18
522 273 18
522 273 18
522 274 18
521 275 6
521 276 6
520 277 0
519 277 0
519 278 0
519 278 0
519 279 0
518 279 0
517 279 0
517 279 0
516 280 0
515 281 0
515 281 0
514 281 0
513 281 0
513 281 0
512 281 0
511 281 0
511 281 0
510 281 0
509 281 1
508 281 1
507 281 9
507 281 9
506 281 9
506 280 9
505 280 9
505 279 48
505 279 48
504 279 36
504 279 36
503 279 36
503 279 36
503 278 70
502 277 65
501 277 65
501 277 65
500 277 50
499 277 50
499 276 84
498 275 72
497 275 51
497 275 51
496 275 51
495 274 45
495 273 45
494 273 45
494 273 45
493 273 11
493 273 11
492 272 22
492 271 66
491 271 66
491 271 66
490 271 41
490 270 41
489 270 41
489 269 72
489 269 72
488 269 53
487 268 53
487 267 69
487 267 69
487 266 77
486 266 67
486 265 67
485 265 43
485 264 42
485 263 42
485 263 42
484 263 42
484 262 37
484 261 38
484 261 38
484 260 38
484 259 41
484 259 41
484 258 41
484 257 47
484 257 47
484 256 47
485 256 47
485 255 30
485 255 30
485 254 12
485 253 12
485 253 12
485 252 11
485 251 11
484 251 11
483 251 21
483 252 21
482 253 12
481 254 26
481 255 0
481 255 0
481 256 2
481 257 2
481 257 2
480 257 13
480 258 8
480 259 8
479 259 8
479 259 8
479 260 13
479 261 13
479 261 13
479 261 13
479 262 15
479 263 13
479 263 13
478 263 22
478 264 22
477 265 13
477 266 13
477 267 11
477 267 11
477 267 11
476 267 37
476 268 32
475 268 32
475 269 32
475 269 32
475 269 32
475 270 15
474 270 40
474 271 40
474 271 40
473 272 61
473 273 38
473 273 38
473 274 38
473 275 31
473 275 31
473 276 31
473 277 25
473 277 25
473 278 25
473 279 31
474 279 14
475 279 7
475 279 7
476 279 7
477 279 2
477 279 2
478 279 2
479 279 0
479 279 0
480 280 29
481 280 27
481 280 27
482 280 23
483 280 23
483 280 23
484 280 28
485 280 28
485 281 28
486 281 22
487 281 6
488 281 6
489 281 0
489 281 0
490 281 0
490 281 0
491 281 0
492 282 24
493 283 8
493 283 8
495 283 0
495 284 0
497 285 5
497 285 5
499 286 0
499 287 9
499 287 9
499 287 9
500 287 9
501 288 0
501 289 24
501 289 24
502 289 24
503 289 15
503 290 15
503 291 28
504 291 28
505 291 4
505 292 32
505 293 32
506 293 5
507 293 5
507 293 5
507 294 40
508 294 11
509 295 11
509 295 11
509 295 11
509 296 41
510 296 16
510 297 40
511 297 17
511 297 17
511 298 17
512 298 17
512 299 46
513 299 18
513 299 18
513 300 18
514 300 18
514 301 54
515 301 23
515 301 23
515 302 23
516 303 44
517 303 10
517 304 35
517 305 35
517 305 35
518 305 4
518 307 31
519 307 31
519 307 31
519 307 31
519 309 72
520 309 33
521 310 33
521 311 49
521 312 49
521 312 49
521 313 70
522 313 32
522 314 32
522 315 50
523 315 18
523 316 41
523 317 41
523 317 41
523 318 47
523 319 47
523 320 61
523 321 61
523 321 61
523 322 61
523 323 55
523 323 55
523 324 55
523 325 51
523 325 51
523 326 48
523 327 48
523 327 48
523 328 45
523 329 45
523 329 45
523 330 57
523 331 57
523 331 57
523 332 66
523 333 62
523 333 62
523 334 62
523 335 40
523 335 40
523 336 40
523 337 35
523 337 35
523 338 32
523 339 32
523 339 32
523 340 6
523 341 6
523 341 6
523 342 0
523 343 0
523 343 0
523 344 0
523 344 0
523 345 0
522 345 0
522 346 0
521 346 3
521 347 0
521 347 0
520 347 0
519 347 8
519 348 8
518 348 8
517 348 35
517 349 6
516 349 27
516 349 27
515 349 27
515 350 0
514 350 5
513 351 5
513 351 5
512 351 28
511 352 0
511 352 0
510 352 0
509 353 27
509 353 27
509 353 27
508 353 27
507 353 47
507 353 47
506 353 47
505 353 67
505 353 67
504 353 75
503 354 29
503 354 29
502 354 38
501 354 38
501 354 38
500 354 46
499 354 46
498 354 48
497 354 44
497 354 44
496 354 44
495 354 31
495 354 31
494 354 31
493 354 37
493 354 37
491 354 42
491 354 42
490 354 48
489 354 48
489 354 48
488 354 60
488 353 51
487 353 51
487 353 51
486 353 62
485 353 80
485 352 80
485 352 80
485 351 63
484 351 63
485 351 63
485 351 63
485 352 80
486 352 62
487 352 51
487 353 51
488 353 51
489 353 51
489 353 51
489 353 51
490 353 51
491 354 42
491 354 42
493 355 37
493 355 37
494 355 31
495 355 31
495 356 47
496 356 35
497 356 35
497 356 35
498 356 32
499 356 29
499 356 29
500 356 29
501 356 24
501 356 24
502 356 24
503 356 18
503 356 18
504 356 18
505 356 11
505 356 11
506 356 4
507 356 4
507 356 4
508 356 0
509 356 0
509 356 0
510 356 4
511 356 14
511 356 14
512 356 14
513 356 23
513 356 23
514 356 23
515 356 29
515 356 29
516 356 29
517 356 38
517 356 38
518 356 50
519 356 50
519 356 50
521 356 56
521 355 11
522 355 12
523 355 15
523 355 15
524 355 15
524 355 15
525 355 29
525 355 29
526 355 29
527 354 48
527 354 48
529 353 11
529 353 11
530 353 25
531 353 25
531 353 25
531 352 25
532 352 35
533 352 35
533 352 35
534 351 0
535 351 17
535 351 17
536 351 17
536 351 17
537 351 49
537 351 49
538 351 49
539 351 60
539 350 60
539 350 60
540 349 45
541 349 45
541 349 45
542 349 67
543 349 67
543 348 38
544 348 62
544 347 62
545 347 62
545 347 62
545 346 56
545 345 56
545 345 56
545 344 37
545 343 23
546 343 52
546 343 52
546 342 52
546 341 24
546 341 24
546 340 24
546 339 19
546 339 19
546 338 19
546 337 25
546 337 25
546 336 26
546 335 26
546 335 26
545 334 6
545 333 6
545 331 14
544 331 14
544 331 14
544 330 14
543 330 0
543 329 0
543 329 0
543 328 0
542 328 0
542 327 17
541 326 0
541 325 7
541 325 7
540 324 19
540 323 19
539 323 0
539 321 18
539 321 18
539 321 18
539 320 35
539 319 37
539 319 37
539 318 37
539 317 34
539 317 34
539 316 34
539 315 48
539 315 48
539 314 48
539 313 48
539 313 48
539 312 49
539 311 49
539 311 49
539 310 57
539 309 57
539 309 57
540 308 77
540 307 72
540 307 72
540 306 72
541 305 69
541 303 64
541 303 64
541 302 50
542 301 77
542 301 77
542 300 51
543 299 51
543 299 51
543 299 51
544 298 44
544 297 44
544 297 44
545 297 44
545 296 32
545 295 34
545 295 34
545 294 34
545 293 70
544 293 70
543 292 56
543 292 56
543 291 71
543 291 71
542 291 71
542 290 80
541 289 63
541 289 63
541 288 78
541 287 78
541 287 78
541 286 86
541 285 86
541 285 86
540 285 86
540 284 85
540 283 84
540 283 84
540 282 84
540 281 86
540 281 86
540 280 86
540 279 77
540 279 77
540 278 58
540 277 58
541 277 58
541 276 48
541 275 48
541 275 48
541 274 51
541 273 51
541 273 51
541 272 63
541 271 63
541 271 63
541 270 63
541 269 65
541 269 65
541 268 65
541 267 69
540 267 69
540 266 88
540 265 88
540 265 88
540 264 75
540 263 75
540 263 75
540 262 70
540 261 64
540 261 64
540 260 64
540 259 44
541 259 44
541 258 44
542 257 49
542 257 49
543 256 49
543 256 49
543 255 18
543 255 18
544 254 18
545 253 18
545 253 18
545 253 18
546 252 15
546 251 15
546 251 15
546 250 9
546 249 23
546 249 23
546 248 23
546 247 59
545 247 61
545 247 61
544 247 61
544 247 61
543 247 69
542 247 69
541 247 74
541 246 74
540 245 80
539 245 73
539 245 73
538 244 65
537 243 78
537 243 78
537 243 78
536 243 70
536 242 88
535 241 88
535 241 88
534 241 78
534 240 81
533 240 55
533 239 55
533 239 55
533 238 77
532 237 77
532 237 77
531 236 47
531 235 54
531 235 54
531 235 54
530 233 80
530 233 80
529 232 71
529 231 73
529 231 73
529 230 71
529 230 71
529 229 71
529 229 71
529 228 80
528 227 80
528 227 80
528 226 93
528 225 87
528 225 87
527 224 77
527 223 83
527 223 83
527 222 83
527 221 83
527 220 83
526 219 50
526 219 50
526 218 51
526 217 51
525 217 51
525 216 63
525 215 63
525 215 63
525 214 71
524 214 47
524 213 39
523 213 39
523 213 39
522 212 8
521 211 1
521 211 1
521 210 1
520 210 1
519 209 0
519 209 0
519 209 0
518 209 0
517 209 0
517 209 0
517 208 0
516 208 0
515 208 0
515 208 0
514 208 0
513 208 0
513 208 0
513 209 0
512 209 0
512 210 0
512 211 0
512 212 12
512 213 12
512 213 12
512 214 14
512 215 8
512 215 8
512 216 8
512 217 10
512 217 10
512 218 10
512 219 21
512 219 21
511 219 21
511 220 22
511 221 22
511 221 22
511 221 22
511 222 25
511 223 25
511 223 25
510 223 42
510 224 30
509 225 38
509 225 38
509 226 18
508 226 18
508 227 0
507 227 0
507 227 0
506 227 0
505 227 0
505 227 0
504 227 0
503 227 0
502 227 0
501 227 0
501 227 0
500 227 0
499 227 0
499 227 0
498 226 13
497 226 0
497 226 0
496 226 0
496 225 25
495 225 4
495 225 4
494 224 4
493 224 1
493 223 9
493 223 9
492 223 0
492 222 0
491 222 0
491 221 14
491 221 14
491 221 14
491 220 14
490 220 12
490 219 9
489 218 22
489 217 22
489 217 22
489 216 38
488 216 32
488 215 32
488 215 32
Stop
New Slice
Start
486 215 27
485 215 39
485 215 39
484 215 39
483 215 58
483 215 58
481 216 80
481 217 42
480 217 69
479 218 69
479 218 69
479 219 43
478 219 73
477 220 55
477 221 55
477 221 55
477 221 55
477 222 34
476 223 55
476 223 55
476 224 36
476 225 36
476 225 36
476 226 32
476 227 43
476 227 43
476 228 43
476 229 38
476 229 38
477 230 22
477 231 12
477 231 12
478 231 12
478 232 21
479 232 0
479 233 0
479 233 0
480 233 0
481 233 0
481 234 34
482 234 25
483 234 25
483 234 25
484 234 23
485 234 23
485 234 23
486 234 23
487 234 28
487 234 28
488 234 28
489 234 34
489 234 34
490 234 34
491 234 35
492 234 35
493 234 29
493 234 29
495 233 1
495 233 1
496 233 0
497 233 0
497 233 0
498 233 0
499 233 0
499 233 0
501 233 0
502 233 0
503 233 0
503 233 0
504 233 0
505 233 0
505 234 8
506 235 0
507 235 0
507 235 0
508 235 0
508 236 12
509 237 12
509 237 12
510 237 1
511 238 6
511 239 32
512 239 32
512 239 32
513 239 16
513 240 16
513 241 25
513 241 25
514 241 25
515 242 7
515 243 16
515 243 16
516 244 19
517 245 8
517 245 8
517 247 13
517 247 13
518 248 0
519 249 0
519 249 0
519 250 0
519 251 11
519 251 11
519 252 11
519 253 27
519 254 27
520 255 21
520 255 21
521 256 24
521 257 24
521 257 24
521 258 20
521 259 20
521 259 20
521 260 38
521 261 38
521 261 38
521 262 50
521 263 51
521 263 51
521 264 51
521 265 53
521 265 53
521 266 53
521 267 69
521 267 69
521 268 58
521 269 58
521 269 58
521 270 51
521 271 51
521 271 51
521 272 42
521 273 30
521 273 30
520 274 30
520 275 6
519 275 16
519 276 16
519 276 16
518 277 0
518 277 0
517 278 15
517 278 15
516 278 41
516 279 8
515 279 8
515 279 8
515 279 8
514 279 21
513 279 21
513 279 21
512 279 28
511 279 28
511 279 28
510 279 38
509 279 44
509 279 44
508 279 44
507 279 53
507 279 53
506 279 53
505 279 48
504 279 36
503 279 36
502 278 65
501 278 65
501 278 65
500 277 50
499 277 50
499 277 50
499 277 50
497 276 51
497 275 51
497 275 51
496 275 51
495 275 23
495 275 23
495 275 23
494 274 45
493 274 11
493 273 11
493 273 11
492 273 0
491 273 0
491 272 22
491 272 22
491 271 66
489 271 41
489 270 41
488 269 53
487 269 53
487 268 53
486 267 49
485 267 26
485 267 26
485 266 43
485 265 43
485 265 43
485 264 42
485 263 42
485 263 42
485 261 38
485 261 38
485 260 38
485 259 41
485 259 41
485 258 41
485 257 47
485 257 47
485 256 47
485 255 30
485 255 30
485 254 12
485 253 12
485 253 12
485 253 12
485 252 11
486 251 13
486 251 13
487 250 38
487 249 53
487 249 53
488 249 53
488 248 53
487 248 53
487 248 53
486 248 52
485 248 64
485 249 64
485 249 64
483 250 52
483 251 21
483 251 21
483 251 21
482 251 21
482 252 21
481 253 26
481 253 26
480 254 51
479 255 19
479 255 19
478 256 39
477 257 39
477 257 39
477 258 29
476 258 51
476 259 51
475 260 43
475 261 43
475 261 43
475 262 52
474 262 70
474 263 66
474 264 66
473 265 95
473 266 95
473 267 97
473 267 97
473 268 74
473 269 74
473 269 74
473 270 71
473 271 71
473 271 71
473 272 61
473 273 38
472 273 38
472 274 38
472 275 31
472 275 31
472 276 31
472 277 25
472 277 25
472 278 25
472 279 31
472 279 31
472 280 49
472 281 49
472 281 49
473 282 83
473 282 83
474 282 74
475 282 67
475 282 67
476 282 67
477 282 65
477 282 65
478 282 65
479 282 69
479 282 69
480 282 69
481 282 74
481 282 74
482 282 82
483 282 82
483 282 82
484 282 78
485 282 78
485 282 78
486 282 76
487 283 63
487 283 63
488 283 63
489 283 40
489 283 40
490 283 40
491 284 41
491 284 41
492 285 79
493 285 51
493 285 51
493 285 51
494 286 22
495 286 22
495 287 72
496 287 52
497 287 52
497 287 52
497 287 52
498 288 28
499 288 9
499 288 9
500 288 9
501 289 24
501 289 24
501 289 24
502 289 24
503 289 15
503 290 15
504 290 15
505 291 4
505 291 4
507 291 0
507 292 5
508 293 0
509 293 0
509 293 0
510 293 0
511 294 0
511 295 0
511 295 0
512 295 0
513 295 0
513 297 0
514 297 0
514 298 0
515 298 0
515 299 0
515 299 0
515 300 0
516 301 23
517 301 0
517 302 0
517 302 0
518 303 0
518 304 4
519 305 4
519 305 4
519 305 4
520 306 5
521 306 5
521 307 5
521 307 5
521 308 17
522 308 0
522 309 0
523 309 0
523 309 0
523 310 0
523 310 0
523 311 0
523 311 0
523 312 0
524 312 0
524 313 4
525 313 0
525 314 0
525 315 0
525 315 0
525 316 13
525 317 13
525 317 13
525 318 15
525 319 15
526 319 15
526 319 15
527 320 0
527 321 0
527 321 0
527 322 0
527 323 0
527 323 0
527 324 0
527 325 0
527 325 0
527 326 0
527 327 0
527 327 0
527 328 0
527 329 0
527 329 0
527 330 0
527 331 0
527 331 0
527 332 0
527 333 0
527 333 0
527 334 0
527 335 0
527 335 0
527 336 0
526 337 13
526 338 11
526 339 11
525 339 11
525 340 0
525 341 0
524 341 6
524 341 6
524 342 0
523 342 0
523 343 0
523 343 0
522 343 7
522 344 0
521 344 25
521 345 3
521 345 3
521 345 3
520 345 3
519 345 30
519 346 30
519 347 8
518 347 8
517 347 35
517 347 35
517 348 35
516 349 27
515 349 27
515 349 27
513 350 5
512 351 28
511 351 28
511 351 28
510 352 0
509 352 27
509 353 27
509 353 27
508 353 27
507 353 47
507 353 47
506 353 47
505 353 67
505 353 67
504 354 29
503 354 29
503 354 29
502 354 38
501 354 38
501 354 38
500 354 46
499 354 46
499 354 46
498 354 48
497 354 44
497 354 44
496 354 44
495 354 31
495 354 31
494 354 31
493 354 37
493 354 37
492 354 42
491 354 42
491 354 42
490 353 51
489 353 51
489 353 51
488 353 51
487 353 51
487 353 51
486 352 62
486 351 62
485 351 63
486 351 62
487 351 69
488 352 51
489 352 51
489 353 51
490 353 51
491 353 58
492 353 58
493 353 66
493 353 66
494 354 31
495 355 31
495 355 31
496 355 44
496 355 44
497 355 44
497 355 44
498 356 32
499 356 29
499 357 59
500 357 59
501 357 52
501 357 52
502 357 52
503 357 47
503 357 47
504 357 47
505 357 41
505 357 41
506 357 35
507 357 35
507 357 35
508 357 30
509 357 30
509 357 30
510 357 36
511 357 42
511 357 42
512 357 42
513 357 51
513 357 51
514 357 51
515 357 62
515 357 62
516 357 62
517 357 72
517 357 72
518 357 80
519 357 80
520 357 86
521 356 56
521 356 56
522 356 56
523 356 60
523 355 15
525 355 29
525 355 29
526 354 29
527 354 48
527 354 48
527 353 0
529 353 11
529 353 11
530 352 25
531 352 25
531 352 25
532 351 0
533 351 0
533 351 0
534 350 0
535 350 17
535 350 17
536 349 0
537 349 0
538 349 0
538 348 0
539 348 3
539 348 3
540 348 21
540 347 21
541 347 21
541 347 21
542 347 38
542 346 31
543 346 31
543 345 31
544 345 56
545 344 37
545 343 23
545 343 23
545 342 23
545 341 6
545 341 6
545 340 6
545 339 0
545 339 0
545 338 0
545 337 8
545 337 8
545 336 4
545 335 4
545 335 4
545 334 6
545 333 6
545 333 6
545 332 4
545 331 14
544 331 14
544 330 14
543 329 0
543 329 0
543 328 0
543 328 0
543 327 17
542 327 17
542 326 17
541 325 7
541 325 7
541 324 19
541 323 19
540 323 19
540 322 49
540 321 49
540 321 49
539 320 35
539 319 37
539 319 37
539 318 37
539 317 34
539 317 34
539 316 34
539 315 48
539 315 48
539 314 48
538 313 4
538 313 4
538 312 9
538 311 9
538 311 9
538 310 19
538 309 19
538 309 19
538 308 21
538 307 21
538 307 21
538 306 21
538 305 8
538 305 8
539 305 35
539 304 35
539 303 23
539 303 23
539 302 13
539 301 13
540 301 50
540 300 21
541 299 21
541 299 21
541 298 0
541 297 0
542 297 18
543 296 15
543 295 24
544 295 34
545 294 34
545 293 70
545 293 70
545 292 70
544 291 82
543 291 71
543 291 71
542 291 71
541 290 63
541 289 63
540 289 63
539 289 43
539 288 59
539 287 59
538 287 41
538 287 41
538 286 47
538 285 47
537 285 47
537 284 61
537 283 53
537 283 53
537 282 53
537 281 48
537 281 48
537 280 48
537 279 34
537 279 34
537 278 8
538 277 8
539 277 35
539 276 19
539 276 19
539 275 19
539 275 19
539 274 21
539 273 21
540 273 51
540 273 51
541 271 63
541 271 63
541 270 63
541 269 65
541 269 65
541 268 65
541 267 69
541 267 69
541 266 88
541 265 88
541 265 88
542 264 85
542 263 85
542 263 85
543 262 80
543 261 82
543 261 82
543 259 75
543 259 75
544 258 95
544 257 75
545 257 75
545 256 75
545 255 38
545 255 38
546 255 60
546 254 31
547 253 52
547 253 52
547 252 41
547 251 41
547 251 41
547 250 30
547 250 30
547 249 39
547 249 39
547 248 39
547 248 39
546 248 23
546 247 59
545 247 61
544 247 61
543 247 69
543 247 69
542 246 69
541 246 74
541 246 74
540 245 80
539 245 73
538 245 65
538 244 65
537 244 65
536 243 70
535 243 70
535 242 88
534 241 78
533 241 52
533 240 55
533 240 55
532 239 55
532 239 55
531 239 19
531 238 42
531 237 47
530 237 47
530 235 54
529 235 43
529 235 43
529 234 43
529 233 71
528 233 71
527 233 57
527 232 57
527 231 66
526 231 41
525 231 41
525 230 32
525 229 32
525 229 32
524 229 22
523 227 31
523 227 31
523 226 29
522 225 6
522 225 6
521 225 0
521 224 0
521 223 0
521 223 0
521 222 0
521 221 0
520 221 0
520 221 0
520 220 0
520 219 0
519 219 0
519 218 0
519 217 0
518 217 0
517 217 2
517 217 2
516 217 10
515 217 10
515 217 10
514 217 4
513 217 4
513 217 4
512 217 10
512 218 10
511 218 10
511 219 21
511 219 21
510 220 42
509 220 67
509 221 67
509 221 67
508 221 67
507 222 79
507 222 79
506 223 79
506 223 79
505 223 94
505 224 77
505 224 77
505 225 77
503 225 83
503 225 83
502 225 87
501 225 87
501 225 87
500 225 83
499 225 83
499 225 83
499 225 83
498 225 56
497 224 25
496 223 57
495 223 24
495 223 24
494 222 24
493 221 33
493 221 33
492 221 14
492 220 14
491 220 14
491 219 23
491 219 23
491 218 40
490 217 22
489 217 22
489 217 22
489 216 38
488 216 32
487 215 32
487 215 32
Stop
