New Layer
Start
665 240 46
664 240 47
664 240 47
663 240 48
663 240 48
662 240 47
662 240 47
661 240 45
660 240 44
660 240 44
659 240 44
659 240 44
658 240 45
658 240 45
657 240 47
657 240 47
656 240 48
656 240 48
655 240 50
655 240 50
654 240 50
654 241 39
654 241 39
653 241 42
653 242 33
653 242 33
652 242 39
652 243 32
651 243 39
651 243 39
651 244 34
651 244 34
651 244 34
651 245 30
650 245 37
650 245 37
650 246 33
650 246 33
649 247 36
649 247 36
649 248 33
649 248 33
649 249 32
649 249 32
649 250 30
649 250 30
649 251 30
649 251 30
649 252 29
649 252 29
649 253 30
649 253 30
649 254 32
649 254 32
649 255 33
649 255 33
649 256 34
649 256 34
649 257 37
649 257 37
649 258 39
650 258 35
650 258 35
650 258 35
650 259 39
650 259 39
650 260 44
651 260 38
651 260 38
651 261 43
652 261 38
652 262 45
652 262 45
653 262 40
653 262 40
654 262 38
654 262 38
655 262 37
655 262 37
656 262 37
656 262 37
657 262 38
657 262 38
658 262 40
658 261 33
658 261 33
659 261 36
659 261 36
659 260 29
660 260 35
660 260 35
660 260 35
661 260 41
661 259 35
662 259 39
662 259 39
663 258 40
663 258 40
664 258 44
664 258 44
665 258 51
665 257 46
665 257 46
666 257 54
666 256 47
666 256 47
666 256 47
667 256 55
667 256 55
667 255 45
668 255 52
668 254 43
669 254 49
669 253 43
669 253 43
669 253 43
669 252 40
670 252 46
670 251 45
670 251 45
670 250 43
671 249 45
671 249 45
671 248 43
671 248 43
671 247 41
671 247 41
671 246 40
671 246 40
671 245 39
671 245 39
671 244 38
671 244 38
671 243 40
671 243 40
670 243 34
670 242 37
670 242 37
669 241 40
669 241 40
668 241 38
668 240 45
668 240 45
668 240 45
668 239 55
667 239 56
667 239 56
666 239 57
666 238 71
666 238 71
Stop
Start
671 275 50
671 275 50
671 274 56
670 274 52
670 274 52
669 274 49
669 274 49
668 274 48
668 274 48
667 274 51
667 274 51
667 275 46
666 275 49
666 275 49
666 276 45
666 276 45
665 277 43
665 277 43
665 278 39
665 278 39
665 279 37
665 279 37
665 280 37
665 280 37
665 281 39
665 281 39
665 282 43
666 282 41
666 282 41
666 283 47
667 283 48
667 283 48
667 283 48
668 283 52
669 283 58
669 283 58
670 283 65
670 282 55
671 282 61
671 282 61
672 282 70
672 281 61
672 281 61
673 281 69
673 280 62
673 280 62
673 279 58
673 279 58
673 278 56
673 278 56
673 277 58
673 277 58
672 277 49
672 276 52
671 276 45
671 276 45
670 276 42
670 276 42
Stop
Start
604 381 33
603 381 31
602 381 30
602 381 30
601 381 30
601 381 30
600 381 28
600 381 28
599 381 29
599 381 29
598 381 31
598 381 31
598 382 24
597 382 27
597 382 27
596 382 29
596 382 29
595 382 29
595 382 29
594 382 28
593 382 27
593 382 27
592 382 25
592 382 25
591 382 25
591 382 25
590 382 25
590 382 25
589 382 27
589 382 27
588 382 29
587 382 31
587 382 31
586 382 32
585 382 32
584 382 31
583 382 30
583 382 30
581 382 28
581 382 28
580 382 29
579 382 29
579 382 29
578 382 31
577 382 31
577 382 31
576 382 31
576 382 31
575 382 29
575 382 29
574 382 27
574 382 27
573 382 26
573 382 26
572 382 26
572 382 26
571 382 27
570 382 27
570 382 27
569 382 28
568 382 27
568 382 27
567 382 27
567 382 27
566 382 28
566 382 28
565 382 28
565 382 28
564 382 28
564 382 28
563 382 28
563 382 28
562 382 26
562 382 26
561 381 30
561 381 30
560 381 29
560 381 29
559 381 31
559 381 31
558 381 31
558 381 31
557 381 34
557 381 34
556 381 36
556 381 36
555 381 38
555 381 38
554 381 41
554 381 41
553 381 41
553 382 37
552 382 38
552 382 38
551 383 34
551 383 34
550 383 36
550 384 34
550 384 34
549 384 37
549 385 34
549 385 34
549 385 34
548 386 32
548 386 32
548 386 32
548 387 27
547 388 23
547 388 23
547 389 21
547 389 21
546 390 21
546 390 21
546 391 18
546 391 18
546 392 17
546 392 17
546 393 14
546 393 14
546 394 13
545 394 19
545 395 18
545 395 18
545 396 17
545 396 17
544 397 22
544 398 19
544 398 19
544 399 15
544 399 15
543 399 22
543 400 19
543 400 19
543 401 17
543 401 17
543 402 15
543 402 15
542 403 21
542 403 21
542 404 18
542 404 18
542 405 15
541 405 21
541 406 16
541 406 16
540 407 15
540 407 15
540 408 13
540 408 13
540 409 9
540 409 9
539 410 16
539 410 16
539 411 12
538 412 16
538 412 16
538 413 11
537 413 20
537 414 13
536 415 16
536 415 16
535 415 26
535 416 20
535 416 20
534 417 22
534 417 22
534 418 16
533 418 25
533 418 25
533 418 25
533 419 19
532 419 28
532 419 28
532 420 22
531 420 29
531 420 29
531 421 23
531 421 23
530 422 26
530 422 26
530 423 22
530 423 22
530 424 19
530 424 19
530 425 16
530 425 16
530 426 14
530 426 14
530 427 13
530 427 13
530 428 14
531 428 4
531 429 8
531 430 15
531 430 15
531 431 23
531 431 23
532 431 16
532 432 27
532 432 27
532 433 35
532 433 35
532 433 35
533 433 33
533 434 40
534 434 38
534 434 38
534 434 38
535 434 33
535 435 40
536 435 33
536 436 37
536 436 37
536 437 36
536 437 36
536 438 35
536 438 35
536 439 34
536 439 34
536 440 32
536 440 32
536 441 31
536 441 31
536 442 28
536 442 28
536 442 28
536 443 25
536 443 25
536 444 23
536 444 23
Stop
Start
549 453 29
549 453 29
550 452 31
550 451 27
551 451 35
551 450 29
551 450 29
552 450 35
552 449 29
552 449 29
552 448 23
553 448 28
553 448 28
553 447 22
554 447 26
554 446 20
555 446 24
555 446 24
555 446 24
555 445 17
556 445 24
556 444 17
557 444 24
557 444 24
557 443 16
558 443 24
558 443 24
559 443 33
559 442 24
560 442 33
560 442 33
561 442 39
561 441 30
561 441 30
562 441 35
562 441 35
562 441 35
563 441 39
563 440 31
563 440 31
564 440 36
564 440 36
565 440 40
565 440 40
566 440 43
566 439 35
567 439 39
567 439 39
568 439 44
568 439 44
569 439 49
569 439 49
570 439 55
570 439 55
571 439 55
572 439 57
572 439 57
573 439 55
573 439 55
573 438 46
574 438 46
574 438 46
575 438 45
575 438 45
576 438 44
576 438 44
577 438 43
577 438 43
578 438 41
579 438 39
579 438 39
580 438 38
580 438 38
581 438 38
581 438 38
582 438 38
582 438 38
583 438 37
583 438 37
584 438 37
584 438 37
585 438 36
585 438 36
586 438 35
586 438 35
587 438 33
587 438 33
588 438 33
588 438 33
589 438 34
589 438 34
590 438 36
590 437 26
591 437 29
591 437 29
592 437 32
592 437 32
593 437 35
593 437 35
594 437 36
594 437 36
594 436 26
595 436 27
595 436 27
596 436 25
596 436 25
597 436 22
597 436 22
598 436 19
598 436 19
599 436 17
599 436 17
600 436 17
600 436 17
601 437 30
601 437 30
602 437 29
602 437 29
603 437 26
603 437 26
604 437 21
604 438 33
604 438 33
605 438 28
605 438 28
605 439 39
606 439 34
606 439 34
607 439 28
607 439 28
607 439 28
608 440 32
608 440 32
609 441 35
609 441 35
610 441 30
610 442 38
610 442 38
611 442 33
611 442 33
612 442 28
612 443 36
612 443 36
613 443 30
613 443 30
614 444 33
614 444 33
614 444 33
615 444 28
616 445 31
616 445 31
617 445 26
617 446 35
618 446 30
618 446 30
619 447 37
619 447 37
620 447 34
620 447 34
620 447 34
621 447 31
621 448 43
622 448 40
623 448 33
623 449 44
624 449 38
624 449 38
625 449 32
625 449 32
626 449 27
626 449 27
626 449 27
627 450 38
627 450 38
628 450 38
628 450 38
629 450 40
629 450 40
630 450 41
630 450 41
631 450 43
631 450 43
632 450 45
632 450 45
633 450 45
633 450 45
634 450 46
634 450 46
635 450 46
635 450 46
635 449 37
636 449 38
636 448 30
636 448 30
636 447 21
636 447 21
636 446 17
636 446 17
636 445 16
636 445 16
637 445 24
637 444 26
637 444 26
637 443 29
637 443 29
637 442 31
637 442 31
638 442 39
638 441 39
638 441 39
638 440 37
638 440 37
639 439 39
639 439 39
639 438 34
639 437 30
639 437 30
640 436 30
640 435 28
640 435 28
640 435 28
641 434 34
641 434 34
641 433 32
641 432 30
641 432 30
641 431 27
641 431 27
641 430 25
641 430 25
641 429 24
641 429 24
641 428 25
641 428 25
641 427 27
641 427 27
641 426 30
641 426 30
640 426 20
640 425 26
640 425 26
640 424 30
640 424 30
640 423 33
640 423 33
640 422 35
640 422 35
640 421 36
640 421 36
639 420 35
639 420 35
639 419 38
639 419 38
639 418 40
638 418 38
638 417 42
638 417 42
637 417 39
637 416 42
637 416 42
636 416 39
636 415 42
636 415 42
635 415 39
635 415 39
634 414 40
634 414 40
634 414 40
633 413 43
633 413 43
632 413 43
632 412 46
631 412 45
631 411 45
630 411 41
630 410 42
629 410 38
629 409 39
628 409 35
628 408 35
628 408 35
627 407 31
627 407 31
627 406 31
627 406 31
627 405 31
627 405 31
626 405 24
626 404 27
626 403 29
626 403 29
626 402 32
626 402 32
626 401 35
626 401 35
626 400 38
626 400 38
625 400 35
625 399 37
625 399 37
625 398 39
625 398 39
625 397 40
624 396 38
624 396 38
624 395 39
624 395 39
623 395 37
623 394 39
623 393 41
622 393 38
622 392 40
622 392 40
622 391 41
621 391 40
621 391 40
620 390 40
620 389 42
619 389 39
619 388 42
619 388 42
619 387 45
618 387 42
618 387 42
617 386 41
617 386 41
617 386 41
616 386 37
616 385 43
615 385 39
615 385 39
614 384 40
614 384 40
614 384 40
613 384 36
613 383 40
612 383 37
611 383 34
611 382 39
610 382 38
609 382 40
609 382 40
608 382 39
608 382 39
607 382 37
607 382 37
606 382 34
606 382 34
605 381 36
605 381 36
604 381 33
604 381 33
603 381 31
603 381 31
603 381 31
Stop
Start
549 454 35
549 453 29
549 453 29
548 454 30
548 454 30
547 455 37
547 455 37
546 455 37
546 455 37
545 455 38
545 455 38
544 455 39
544 455 39
544 454 28
543 454 28
543 454 28
543 453 21
543 453 21
543 453 21
542 452 17
542 452 17
542 451 10
542 451 10
541 451 14
541 450 7
541 450 7
540 450 14
540 449 7
539 449 15
539 449 15
539 448 8
539 448 8
538 447 7
538 447 7
538 447 7
538 446 4
538 446 4
537 445 11
537 445 11
Stop
New Layer
Start
668 242 29
668 241 38
667 241 37
667 241 37
667 241 37
666 241 37
666 241 37
666 241 37
666 241 37
665 241 37
665 241 37
665 241 37
665 240 46
664 240 47
664 240 47
664 240 47
664 240 47
663 240 48
663 240 48
663 240 48
662 240 47
662 240 47
662 240 47
662 240 47
661 240 45
661 240 45
661 240 45
660 240 44
660 240 44
660 240 44
660 240 44
659 240 44
659 240 44
659 240 44
658 240 45
658 240 45
658 240 45
658 240 45
657 240 47
657 240 47
657 240 47
656 240 48
656 240 48
655 240 50
655 240 50
655 240 50
654 240 50
654 240 50
654 241 39
653 241 42
653 241 42
653 241 42
653 242 33
652 242 39
652 242 39
652 242 39
652 242 39
652 242 39
652 243 32
652 243 32
652 243 32
651 244 34
651 244 34
651 244 34
651 244 34
651 245 30
651 245 30
651 245 30
651 246 27
651 246 27
650 246 33
650 246 33
650 247 30
650 247 30
650 247 30
650 248 28
650 248 28
650 248 28
650 248 28
650 249 26
650 249 26
650 250 26
650 250 26
650 250 26
650 251 24
650 251 24
650 251 24
650 252 23
650 252 23
650 252 23
650 252 23
650 253 23
650 253 23
650 253 23
650 254 25
650 254 25
650 254 25
650 254 25
650 255 27
650 255 27
650 255 27
650 255 27
650 256 29
650 256 29
650 256 29
650 257 32
650 257 32
650 258 35
651 258 30
651 258 30
651 258 30
651 258 30
651 258 30
651 259 34
652 259 28
652 260 32
652 260 32
652 260 32
652 260 32
653 260 27
653 260 27
654 261 30
654 261 30
654 261 30
654 261 30
655 261 28
655 261 28
655 261 28
656 261 28
656 261 28
656 261 28
657 261 30
657 261 30
657 260 22
657 260 22
658 260 25
658 260 25
658 260 25
658 259 18
659 259 23
659 259 23
659 259 23
659 259 23
660 258 22
660 258 22
660 258 22
660 258 22
660 258 22
660 258 22
661 258 29
661 258 29
661 257 24
662 257 30
662 257 30
662 257 30
662 257 30
663 257 35
663 257 35
664 256 35
664 256 35
664 256 35
664 256 35
665 256 41
665 256 41
665 256 41
665 256 41
666 255 40
666 255 40
666 255 40
666 255 40
666 254 34
666 254 34
666 254 34
666 253 30
667 253 34
667 253 34
667 252 31
667 252 31
667 252 31
667 252 31
667 251 30
667 251 30
667 251 30
667 250 29
667 250 29
667 250 29
667 250 29
667 249 28
667 249 28
668 248 32
668 248 32
668 248 32
668 248 32
668 247 30
668 247 30
668 247 30
668 246 27
668 246 27
668 246 27
668 246 27
668 246 27
668 245 25
668 245 25
668 245 25
668 245 25
668 244 23
668 244 23
668 244 23
669 244 26
669 243 29
669 243 29
669 243 29
669 242 33
669 242 33
669 242 33
Stop
Start
670 274 52
670 274 52
670 274 52
669 274 49
669 274 49
668 274 48
668 274 48
668 274 48
668 274 48
667 274 51
667 274 51
667 274 51
666 274 53
666 275 49
666 275 49
666 275 49
666 275 49
665 275 52
665 276 47
665 276 47
665 276 47
665 277 43
665 277 43
665 277 43
665 277 43
665 278 39
665 278 39
665 278 39
665 279 37
665 279 37
665 279 37
665 280 37
665 280 37
665 280 37
665 281 39
665 281 39
665 281 39
665 282 43
665 282 43
666 282 41
666 282 41
666 282 41
666 282 41
667 282 41
667 282 41
667 282 41
668 282 45
668 282 45
668 282 45
668 282 45
668 282 45
669 282 49
669 281 44
669 281 44
669 281 44
670 281 48
670 281 48
670 280 44
670 280 44
670 280 44
670 280 44
670 279 41
670 279 41
670 279 41
670 278 39
671 278 42
671 278 42
671 277 42
671 277 42
671 277 42
671 276 45
671 276 45
671 276 45
671 276 45
671 275 50
671 275 50
671 275 50
671 275 50
Stop
Start
593 382 27
593 382 27
592 382 25
592 382 25
592 382 25
592 382 25
591 382 25
591 382 25
591 382 25
590 382 25
590 382 25
590 382 25
590 382 25
589 382 27
589 382 27
589 382 27
588 382 29
588 382 29
588 382 29
588 382 29
587 382 31
587 382 31
587 382 31
586 382 32
586 382 32
586 382 32
586 382 32
585 382 32
585 382 32
585 382 32
584 382 31
584 382 31
583 382 30
583 382 30
582 382 28
582 382 28
582 382 28
582 382 28
581 382 28
581 382 28
580 382 29
580 382 29
579 382 29
579 382 29
579 382 29
578 382 31
578 382 31
578 382 31
578 382 31
577 382 31
577 382 31
577 382 31
576 382 31
576 382 31
575 382 29
575 382 29
574 382 27
574 382 27
574 382 27
573 382 26
573 382 26
572 382 26
572 382 26
571 382 27
571 382 27
571 382 27
570 382 27
570 382 27
570 382 27
570 382 27
569 382 28
569 382 28
569 382 28
568 382 27
568 381 31
568 381 31
567 381 33
567 381 33
566 381 33
566 381 33
566 381 33
565 381 34
565 381 34
565 380 39
564 380 39
564 380 39
564 380 39
564 380 39
563 380 39
563 380 39
563 380 39
562 380 37
562 380 37
562 380 37
562 380 37
561 380 36
561 380 36
560 380 35
560 380 35
560 380 35
559 381 31
559 381 31
558 381 31
558 381 31
558 381 31
558 381 31
557 381 34
557 381 34
557 381 34
556 381 36
556 382 33
556 382 33
556 382 33
555 382 35
554 382 38
554 382 38
554 382 38
554 382 38
553 383 33
553 383 33
553 383 33
552 383 33
552 383 33
551 383 34
551 384 31
551 384 31
550 384 34
550 384 34
550 384 34
550 384 34
549 384 37
549 384 37
549 385 34
548 385 36
548 385 36
548 386 32
547 386 32
547 386 32
547 386 32
547 386 32
546 386 32
546 387 27
546 387 27
546 387 27
546 387 27
546 388 25
545 388 28
545 389 26
545 389 26
545 389 26
545 390 24
545 390 24
545 390 24
545 390 24
545 391 22
545 391 22
545 391 22
545 392 21
545 392 21
544 392 27
544 393 27
544 393 27
544 393 27
544 394 28
544 394 28
544 394 28
544 394 28
544 394 28
544 395 25
544 395 25
544 395 25
544 396 23
544 396 23
544 396 23
544 396 23
544 397 22
544 397 22
544 397 22
544 398 19
544 398 19
544 398 19
544 398 19
544 399 15
544 399 15
544 399 15
544 400 11
544 400 11
543 400 19
543 400 19
543 401 17
543 401 17
543 401 17
543 402 15
543 402 15
543 402 15
542 402 23
542 403 21
542 403 21
542 403 21
542 404 18
542 404 18
542 404 18
542 404 18
542 405 15
542 405 15
542 405 15
541 405 21
541 406 16
541 406 16
541 406 16
541 407 11
540 407 15
540 408 13
540 408 13
540 408 13
540 408 13
540 408 13
540 409 9
540 409 9
539 409 19
539 409 19
539 410 16
539 410 16
539 410 16
538 410 25
538 410 25
538 411 21
538 411 21
538 411 21
537 412 25
537 412 25
537 412 25
537 412 25
536 413 29
536 413 29
536 414 23
536 414 23
536 414 23
535 414 31
535 415 26
535 415 26
535 415 26
535 415 26
534 416 28
534 416 28
534 416 28
534 416 28
534 416 28
534 417 22
533 417 31
533 418 25
533 418 25
533 418 25
532 418 34
532 419 28
532 419 28
532 420 22
532 420 22
532 420 22
531 420 29
531 421 23
531 421 23
531 421 23
530 422 26
530 422 26
530 422 26
530 423 22
530 423 22
530 423 22
530 424 19
530 424 19
530 424 19
530 424 19
530 425 16
530 425 16
530 425 16
530 426 14
530 426 14
530 426 14
530 426 14
530 427 13
530 427 13
530 427 13
530 428 14
530 428 14
530 428 14
530 428 14
530 429 17
530 429 17
530 429 17
530 430 23
531 430 15
531 430 15
531 430 15
531 431 23
532 431 16
532 431 16
532 432 27
532 432 27
533 432 23
533 432 23
533 432 23
534 432 18
534 432 18
534 433 30
534 433 30
534 433 30
535 433 24
535 433 24
535 433 24
535 434 33
536 434 26
536 434 26
536 434 26
536 434 26
537 434 17
537 434 17
537 434 17
537 435 23
537 435 23
538 435 12
538 435 12
538 435 12
538 436 15
538 436 15
538 436 15
538 436 15
538 436 15
538 437 14
538 437 14
538 438 12
538 438 12
538 438 12
538 438 12
538 439 10
538 439 10
538 439 10
538 440 9
538 440 9
538 440 9
538 440 9
538 441 8
538 441 8
538 441 8
537 442 17
537 442 17
537 442 17
537 442 17
536 443 25
536 443 25
536 443 25
536 444 23
536 444 23
536 444 23
536 444 23
535 444 31
535 445 29
535 445 29
535 445 29
535 446 27
535 446 27
535 446 27
535 447 26
535 447 26
535 447 26
535 447 26
536 448 25
536 448 25
536 448 25
536 448 25
536 448 25
536 448 25
537 449 28
537 449 28
537 449 28
537 450 36
537 450 36
538 450 30
538 450 30
538 450 30
538 450 30
538 450 30
538 451 38
539 451 30
539 451 30
539 451 30
539 451 30
539 451 30
540 452 26
540 452 26
540 452 26
540 452 26
541 452 20
541 453 25
541 453 25
541 453 25
542 453 23
542 453 23
542 454 28
542 454 28
542 454 28
543 454 28
543 454 28
543 454 28
543 454 28
544 454 28
544 454 28
544 454 28
545 454 27
545 454 27
545 454 27
546 454 27
546 454 27
546 454 27
546 454 27
547 454 26
547 454 26
547 454 26
548 454 30
548 454 30
548 454 30
548 454 30
548 454 30
549 453 29
549 453 29
549 453 29
549 453 29
549 452 24
550 452 31
550 452 31
550 451 27
550 451 27
550 450 22
551 450 29
551 450 29
551 450 29
551 450 29
551 449 24
551 449 24
552 449 29
552 449 29
552 448 23
552 448 23
552 448 23
552 448 23
552 448 23
553 448 28
553 447 22
553 447 22
553 447 22
554 446 20
554 446 20
554 446 20
554 446 20
554 445 14
554 445 14
555 445 17
555 444 11
555 444 11
555 444 11
556 444 17
556 444 17
556 443 9
556 443 9
557 443 16
557 443 16
557 443 16
558 442 15
558 442 15
558 442 15
558 442 15
559 442 24
559 442 24
559 442 24
559 441 15
560 441 23
560 441 23
560 441 23
560 441 23
561 441 30
561 441 30
562 441 35
562 440 25
562 440 25
562 440 25
562 440 25
563 440 31
563 440 31
564 440 36
564 440 36
564 440 36
564 440 36
565 439 31
565 439 31
566 439 35
566 439 35
566 439 35
566 439 35
567 439 39
567 438 27
568 438 32
568 438 32
568 438 32
568 438 32
569 438 38
569 438 38
569 438 38
570 438 43
570 438 43
570 438 43
571 437 34
571 437 34
571 437 34
572 437 35
572 437 35
572 437 35
573 437 35
573 437 35
573 437 35
574 437 35
574 437 35
574 437 35
575 437 35
575 436 23
576 436 23
576 436 23
576 436 23
576 436 23
577 436 24
577 436 24
578 436 21
578 436 21
578 436 21
579 436 19
579 436 19
580 436 18
580 436 18
580 436 18
581 436 16
581 436 16
581 436 16
582 436 15
582 437 26
582 437 26
583 437 26
583 437 26
583 437 26
584 437 25
584 437 25
584 437 25
584 437 25
585 437 25
585 437 25
585 437 25
586 437 23
586 437 23
586 437 23
586 437 23
587 437 22
587 437 22
587 437 22
588 437 22
588 437 22
588 437 22
588 437 22
589 437 23
589 437 23
589 437 23
590 437 26
590 437 26
590 437 26
590 437 26
591 437 29
591 437 29
592 437 32
592 437 32
592 437 32
593 437 35
593 437 35
593 437 35
593 437 35
594 437 36
594 437 36
594 437 36
594 437 36
595 437 37
595 436 27
596 436 25
596 436 25
596 436 25
597 436 22
597 436 22
598 436 19
598 436 19
598 436 19
599 436 17
599 436 17
599 436 17
600 436 17
600 436 17
600 436 17
600 436 17
601 436 17
601 436 17
602 437 29
602 437 29
602 437 29
602 438 41
603 438 38
603 438 38
603 438 38
603 438 38
604 438 33
604 438 33
604 439 44
604 439 44
604 439 44
605 439 39
605 439 39
606 440 43
606 440 43
606 440 43
606 440 43
606 440 43
607 440 38
607 441 46
607 441 46
607 441 46
608 441 41
608 441 41
608 441 41
608 442 48
609 442 43
609 442 43
609 442 43
610 442 38
610 442 38
611 443 42
611 443 42
611 443 42
612 443 36
612 443 36
612 443 36
613 444 38
613 444 38
614 444 33
614 444 33
614 444 33
614 444 33
614 445 41
615 445 36
615 445 36
616 445 31
616 445 31
616 446 41
616 446 41
617 446 35
617 446 35
617 446 35
618 446 30
618 446 30
618 447 41
618 447 41
619 447 37
619 447 37
619 447 37
620 447 34
620 447 34
620 447 34
620 447 34
621 447 31
621 447 31
621 447 31
622 447 28
622 448 40
622 448 40
622 448 40
623 448 33
623 448 33
624 448 28
624 448 28
624 448 28
624 448 28
624 448 28
625 448 21
625 448 21
625 448 21
626 448 16
626 448 16
626 448 16
626 448 16
626 448 16
627 448 14
627 449 26
627 449 26
628 449 25
628 449 25
628 449 25
628 449 25
629 449 27
629 449 27
629 449 27
630 449 29
630 449 29
630 449 29
630 449 29
631 449 30
631 449 30
631 449 30
632 449 32
632 449 32
632 449 32
632 449 32
633 449 33
633 449 33
633 449 33
634 449 35
634 449 35
634 449 35
634 449 35
635 449 37
635 449 37
636 448 30
636 448 30
636 448 30
636 448 30
636 448 30
636 448 30
636 447 21
637 447 27
637 446 24
637 446 24
637 446 24
637 446 24
637 445 24
637 445 24
637 445 24
637 444 26
637 444 26
637 444 26
637 444 26
637 443 29
637 443 29
637 443 29
637 442 31
637 442 31
637 442 31
637 442 31
637 441 31
637 441 31
637 440 29
637 440 29
637 440 29
637 439 26
637 439 26
637 438 20
637 438 20
637 438 20
637 438 20
637 437 14
637 437 14
637 437 14
637 437 14
637 436 7
638 436 16
638 436 16
638 436 16
638 436 16
638 435 10
639 435 19
639 435 19
639 435 19
639 434 16
639 434 16
640 434 25
640 434 25
640 434 25
640 433 23
640 433 23
640 432 19
640 432 19
640 432 19
640 431 18
640 431 18
640 431 18
640 430 16
640 430 16
640 430 16
640 430 16
641 429 24
641 429 24
641 429 24
641 428 25
641 428 25
641 428 25
641 428 25
641 427 27
641 427 27
641 427 27
641 426 30
641 426 30
640 426 20
640 426 20
640 425 26
640 425 26
640 425 26
640 424 30
640 424 30
640 424 30
640 424 30
640 424 30
640 423 33
639 423 27
639 422 30
639 422 30
639 422 30
639 422 30
639 421 32
638 421 28
638 421 28
638 420 31
638 420 31
638 420 31
637 420 26
637 419 31
637 419 31
637 419 31
637 419 31
636 419 25
636 418 31
636 418 31
636 418 31
636 418 31
636 418 31
635 417 32
635 417 32
635 417 32
634 417 27
634 416 32
634 416 32
633 416 26
633 416 26
633 416 26
632 416 20
632 416 20
632 415 29
632 415 29
631 415 25
631 415 25
631 415 25
631 414 35
630 414 29
630 414 29
630 414 29
630 414 29
629 414 21
629 413 30
629 413 30
629 413 30
628 412 28
628 412 28
628 412 28
628 412 28
628 412 28
628 411 32
628 411 32
627 411 26
627 410 29
627 410 29
627 410 29
627 410 29
627 410 29
626 409 25
626 409 25
626 408 25
626 408 25
626 408 25
626 407 25
626 407 25
625 406 18
625 406 18
625 406 18
625 404 24
625 404 24
624 404 20
624 404 20
624 403 23
624 402 27
624 402 27
624 402 27
623 401 26
623 401 26
623 400 28
623 400 28
623 400 28
622 399 25
622 399 25
622 398 25
622 398 25
622 398 25
622 398 25
622 397 28
622 397 28
621 396 26
621 396 26
621 396 26
621 396 26
621 395 29
621 395 29
621 395 29
620 394 27
620 394 27
620 394 27
620 394 27
620 393 31
620 393 31
619 392 29
619 392 29
619 392 29
619 391 32
618 391 26
618 391 26
618 390 32
618 390 32
618 390 32
618 390 32
617 389 30
617 389 30
617 389 30
617 388 33
616 388 28
616 388 28
616 388 28
616 388 28
616 387 32
615 387 27
615 387 27
615 387 27
615 386 33
614 386 30
614 386 30
614 386 30
614 386 30
614 385 34
613 385 32
613 385 32
612 385 29
612 385 29
612 384 33
612 384 33
611 384 29
611 384 29
611 384 29
610 384 29
610 383 34
610 383 34
609 383 34
609 383 34
609 383 34
608 383 34
608 383 34
608 383 34
608 383 34
607 383 33
607 382 37
607 382 37
606 382 34
606 382 34
605 382 30
605 382 30
605 382 30
604 382 28
604 382 28
604 382 28
603 382 25
603 382 25
602 382 24
602 382 24
602 382 24
602 382 24
601 382 23
601 381 30
600 381 28
600 381 28
600 381 28
599 381 29
599 381 29
599 381 29
598 381 31
598 381 31
598 381 31
598 381 31
597 381 34
597 381 34
597 381 34
596 381 36
596 381 36
596 381 36
596 381 36
595 381 36
595 381 36
595 381 36
594 381 34
594 381 34
594 381 34
594 381 34
593 381 32
593 381 32
593 381 32
592 381 30
592 381 30
Stop
New Layer
Start
582 383 23
581 383 23
581 383 23
580 383 23
580 383 23
580 383 23
579 383 24
579 383 24
578 383 23
578 383 23
578 383 23
576 383 22
576 383 22
575 383 23
575 383 23
574 383 21
574 383 21
573 383 21
572 383 21
572 382 26
572 382 26
571 382 27
571 382 27
570 382 27
570 382 27
570 382 27
570 382 27
569 382 28
569 382 28
568 382 27
568 382 27
568 382 27
567 382 27
567 382 27
566 382 28
566 382 28
566 382 28
566 382 28
565 382 28
565 382 28
565 382 28
564 382 28
564 382 28
564 382 28
564 382 28
563 382 28
563 382 28
562 382 26
562 382 26
561 382 26
561 382 26
560 382 26
560 382 26
559 382 27
558 382 28
558 382 28
557 382 31
557 382 31
556 382 33
556 383 31
555 383 32
555 383 32
554 383 33
554 383 33
554 383 33
553 383 33
553 383 33
553 384 29
552 384 29
552 384 29
552 384 29
552 384 29
552 384 29
551 384 31
551 384 31
551 384 31
551 384 31
550 385 32
550 385 32
550 385 32
549 385 34
549 386 31
549 386 31
549 386 31
548 386 32
548 386 32
548 387 27
548 387 27
548 387 27
548 388 23
548 388 23
548 388 23
547 388 23
547 389 21
547 389 21
547 390 18
547 390 18
546 390 21
546 391 18
546 391 18
546 391 18
546 392 17
546 392 17
546 392 17
546 392 17
546 393 14
546 394 13
545 394 19
545 394 19
545 394 19
545 395 18
545 395 18
545 395 18
545 396 17
545 396 17
545 396 17
545 396 17
544 397 22
544 397 22
544 398 19
544 398 19
544 398 19
544 398 19
544 399 15
544 399 15
544 399 15
544 400 11
544 400 11
544 400 11
544 401 8
543 401 17
543 402 15
543 402 15
543 402 15
543 403 13
542 404 18
542 404 18
542 404 18
542 405 15
542 405 15
542 406 11
541 406 16
541 406 16
541 407 11
541 407 11
541 407 11
540 408 13
540 408 13
540 408 13
540 408 13
540 409 9
540 409 9
539 409 19
539 410 16
539 410 16
539 410 16
539 410 16
538 410 25
538 411 21
538 411 21
538 411 21
538 411 21
537 412 25
537 412 25
537 412 25
537 413 20
536 413 29
536 413 29
536 414 23
536 414 23
535 414 31
535 414 31
535 415 26
535 415 26
535 415 26
534 416 28
534 416 28
534 416 28
533 416 35
533 417 31
533 417 31
533 418 25
532 418 34
532 418 34
532 419 28
532 419 28
531 419 35
531 419 35
531 420 29
531 420 29
531 420 29
530 420 35
530 421 30
530 421 30
530 422 26
530 422 26
530 422 26
529 422 34
529 422 34
529 423 32
529 423 32
529 423 32
529 423 32
529 424 30
529 424 30
529 424 30
529 424 30
529 425 29
529 425 29
529 425 29
529 426 27
529 426 27
529 426 27
529 426 27
529 427 25
529 427 25
529 427 25
529 428 25
529 428 25
529 428 25
529 429 26
529 429 26
529 430 30
529 430 30
530 430 23
530 430 23
530 431 29
530 431 29
530 431 29
530 432 35
530 432 35
530 432 35
531 432 32
531 433 37
531 433 37
532 433 35
532 433 35
532 433 35
532 433 35
532 433 35
532 434 40
533 434 40
533 434 40
533 434 40
534 434 38
534 434 38
534 434 38
534 434 38
534 434 38
535 434 33
535 434 33
535 434 33
535 434 33
536 435 33
536 435 33
536 435 33
536 435 33
537 435 23
537 436 26
537 436 26
537 436 26
537 436 26
537 436 26
537 437 24
537 437 24
537 437 24
537 438 23
537 438 23
537 438 23
537 438 23
537 439 21
537 439 21
537 439 21
537 440 20
537 440 20
537 440 20
537 440 20
537 441 19
537 441 19
537 441 19
537 441 19
537 442 17
536 442 28
536 442 28
536 442 28
536 443 25
536 443 25
536 443 25
536 444 23
536 444 23
535 444 31
535 444 31
535 445 29
535 445 29
535 446 27
535 446 27
535 446 27
535 447 26
535 447 26
535 447 26
535 448 29
535 448 29
535 448 29
535 448 29
536 448 25
536 448 25
537 449 28
537 449 28
538 449 22
538 449 22
539 449 15
539 449 15
539 449 15
539 450 23
540 450 14
540 450 14
540 450 14
540 450 14
540 450 14
540 451 21
540 451 21
540 451 21
540 452 26
540 452 26
540 452 26
541 452 20
541 453 25
541 453 25
541 453 25
541 454 30
541 454 30
542 454 28
542 454 28
542 454 28
542 454 28
542 455 35
542 455 35
543 455 37
543 455 37
543 455 37
543 455 37
544 455 39
544 455 39
544 455 39
545 455 38
545 455 38
545 455 38
546 455 37
546 455 37
546 455 37
547 455 37
547 455 37
547 455 37
548 454 30
548 454 30
548 454 30
548 454 30
548 454 30
549 454 35
549 453 29
549 453 29
549 453 29
550 453 36
550 453 36
550 452 31
550 452 31
550 452 31
550 452 31
550 452 31
551 452 40
551 452 40
551 451 35
551 451 35
552 451 42
552 451 42
552 451 42
552 450 35
552 450 35
553 450 40
553 450 40
553 450 40
553 450 40
554 450 44
554 449 39
554 449 39
554 449 39
554 449 39
555 448 37
555 448 37
555 448 37
556 448 43
556 448 43
556 447 37
556 447 37
556 447 37
557 447 43
557 446 37
557 446 37
558 446 44
558 446 44
558 446 44
558 446 44
558 445 38
559 445 45
559 445 45
559 444 40
559 444 40
560 444 47
560 444 47
560 444 47
561 443 47
561 443 47
561 443 47
562 442 43
562 442 43
562 442 43
562 442 43
563 442 44
563 442 44
563 441 39
564 441 40
564 441 40
564 441 40
565 441 44
565 440 40
565 440 40
566 440 43
566 440 43
566 440 43
566 440 43
567 439 39
567 439 39
568 439 44
568 439 44
568 439 44
568 438 32
568 438 32
569 438 38
569 438 38
570 438 43
570 438 43
570 438 43
571 438 46
571 438 46
572 438 47
572 438 47
572 438 47
573 438 46
573 438 46
574 438 46
574 438 46
574 438 46
575 438 45
575 438 45
576 438 44
576 438 44
576 438 44
576 438 44
577 438 43
577 438 43
578 438 41
578 438 41
579 438 39
579 438 39
580 438 38
581 438 38
581 438 38
582 438 38
582 438 38
583 438 37
584 438 37
584 438 37
584 438 37
584 438 37
585 438 36
585 438 36
586 438 35
586 438 35
586 438 35
586 438 35
587 438 33
587 438 33
587 438 33
588 438 33
588 438 33
589 438 34
589 438 34
590 438 36
590 438 36
590 438 36
591 438 39
591 438 39
592 438 41
592 438 41
592 438 41
593 438 43
593 438 43
593 438 43
594 438 44
594 438 44
594 438 44
595 438 45
595 438 45
595 438 45
596 438 45
596 438 45
596 438 45
596 438 45
597 438 42
597 438 42
597 438 42
598 438 41
598 438 41
598 438 41
598 438 41
599 438 40
599 438 40
600 438 41
600 438 41
600 438 41
600 438 41
601 438 42
601 438 42
601 438 42
602 438 41
602 438 41
603 438 38
603 438 38
604 438 33
604 438 33
604 438 33
604 438 33
605 438 28
605 438 28
606 438 23
606 439 34
606 439 34
606 439 34
607 439 28
607 439 28
607 439 28
608 439 21
608 440 32
608 440 32
608 440 32
609 440 26
609 440 26
609 440 26
610 440 21
610 441 30
610 441 30
610 441 30
611 442 33
611 442 33
611 442 33
611 442 33
612 442 28
612 442 28
612 442 28
612 443 36
612 443 36
613 443 30
613 444 38
614 444 33
614 444 33
614 444 33
615 444 28
615 444 28
615 445 36
615 445 36
616 445 31
616 445 31
616 445 31
617 446 35
617 446 35
618 446 30
618 446 30
618 446 30
619 446 26
619 447 37
620 447 34
620 447 34
620 447 34
621 447 31
621 447 31
622 448 40
622 448 40
623 448 33
623 448 33
624 448 28
624 448 28
625 448 21
625 448 21
625 448 21
626 448 16
626 448 16
626 448 16
627 448 14
627 449 26
627 449 26
628 449 25
628 449 25
628 449 25
628 449 25
628 449 25
629 449 27
629 449 27
629 449 27
630 449 29
630 449 29
630 449 29
631 449 30
631 449 30
632 449 32
632 449 32
632 449 32
633 449 33
633 449 33
633 449 33
634 449 35
634 449 35
634 449 35
634 449 35
635 449 37
635 449 37
635 449 37
636 449 38
636 448 30
636 448 30
636 448 30
636 448 30
636 448 30
636 447 21
636 447 21
636 447 21
636 446 17
636 446 17
636 446 17
636 445 16
636 445 16
636 444 17
636 444 17
636 444 17
636 444 17
636 443 18
636 443 18
636 442 20
636 442 20
636 442 20
636 441 20
636 441 20
636 441 20
636 440 19
637 440 29
637 440 29
637 439 26
638 439 33
638 439 33
638 438 28
638 438 28
638 438 28
639 438 34
639 438 34
639 437 30
639 437 30
640 437 36
640 437 36
640 437 36
640 436 30
640 436 30
640 436 30
640 435 28
640 435 28
640 434 25
640 434 25
641 434 34
641 433 32
641 433 32
641 432 30
641 432 30
641 432 30
641 431 27
641 431 27
641 431 27
641 430 25
641 430 25
641 430 25
641 429 24
641 429 24
641 428 25
641 428 25
641 428 25
641 427 27
641 426 30
641 426 30
641 426 30
640 425 26
640 424 30
640 424 30
640 423 33
640 423 33
640 422 35
640 422 35
639 421 32
639 420 35
638 420 31
638 419 35
638 419 35
638 418 38
638 418 38
638 418 38
638 418 38
637 417 39
637 417 39
637 416 42
636 416 39
636 416 39
636 416 39
636 415 42
635 415 39
635 415 39
634 415 36
634 415 36
634 415 36
634 414 40
633 414 39
633 414 39
633 414 39
632 414 37
632 414 37
631 414 35
631 414 35
631 414 35
630 414 29
630 413 38
630 413 38
629 413 30
629 413 30
629 413 30
628 412 28
628 412 28
627 412 21
627 411 26
626 411 20
626 410 24
626 410 24
626 410 24
625 410 17
625 409 18
625 409 18
625 409 18
625 408 19
624 408 10
624 408 10
624 407 11
624 407 11
624 407 11
624 406 12
624 406 12
623 405 12
623 405 12
623 404 16
623 404 16
623 403 20
622 403 16
622 402 19
622 402 19
622 402 19
622 401 22
622 401 22
622 400 23
622 400 23
621 399 18
621 399 18
621 398 20
621 398 20
621 398 20
620 397 15
620 396 19
620 396 19
620 395 23
620 395 23
620 394 27
620 394 27
620 394 27
620 393 31
619 393 26
619 393 26
619 392 29
619 392 29
619 392 29
619 391 32
618 391 26
618 390 32
618 390 32
618 389 35
618 389 35
617 388 33
617 388 33
617 387 37
616 387 32
616 387 32
616 387 32
616 386 37
615 386 33
615 386 33
615 386 33
614 385 34
614 385 34
614 385 34
613 385 32
613 384 36
613 384 36
612 384 33
612 384 33
612 384 33
612 384 33
611 384 29
611 384 29
610 384 29
610 383 34
610 383 34
609 383 34
609 383 34
608 382 39
608 382 39
608 382 39
607 382 37
606 382 34
606 382 34
605 382 30
605 382 30
604 381 33
603 381 31
603 381 31
602 381 30
602 381 30
601 381 30
601 381 30
600 380 35
600 380 35
600 380 35
599 380 35
599 380 35
598 380 37
598 380 37
597 380 39
597 380 39
597 380 39
596 380 41
596 380 41
595 380 41
595 380 41
594 380 39
594 380 39
594 380 39
593 380 36
593 380 36
592 380 34
592 380 34
592 380 34
591 380 33
591 380 33
591 380 33
590 380 33
590 380 33
590 380 33
590 380 33
589 380 34
589 380 34
588 380 36
588 381 33
588 381 33
588 381 33
587 381 35
587 381 35
587 381 35
587 381 35
586 382 32
586 382 32
586 382 32
586 382 32
585 382 32
585 382 32
585 382 32
584 382 31
584 382 31
584 382 31
584 382 31
583 382 30
583 382 30
583 382 30
582 382 28
582 382 28
582 383 23
581 383 23
581 383 23
581 383 23
580 383 23
580 383 23
580 383 23
580 383 23
579 383 24
579 383 24
578 383 23
578 383 23
577 383 23
577 383 23
577 383 23
Stop
Start
670 242 37
670 242 37
669 242 33
668 242 29
667 242 30
666 242 29
666 242 29
665 242 29
665 242 29
664 242 28
664 242 28
664 242 28
663 242 28
663 242 28
663 242 28
662 242 27
662 242 27
662 242 27
661 241 35
661 241 35
661 241 35
660 241 35
660 241 35
660 241 35
660 241 35
659 241 35
659 241 35
659 241 35
658 241 36
658 241 36
658 241 36
658 241 36
657 241 37
657 241 37
656 241 38
656 241 38
656 241 38
655 241 38
655 242 29
655 242 29
654 242 30
654 242 30
654 242 30
654 242 30
654 243 22
Stop
Start
654 242 30
654 242 30
653 242 33
653 242 33
653 242 33
653 243 26
653 243 26
653 243 26
653 244 20
653 244 20
653 244 20
653 244 20
653 245 16
653 245 16
653 245 16
652 246 20
652 246 20
652 246 20
652 246 20
652 246 20
652 247 18
652 247 18
652 247 18
652 247 18
652 248 17
651 248 23
651 248 23
651 248 23
651 248 23
651 249 21
651 249 21
651 249 21
651 249 21
651 250 20
650 250 26
650 250 26
650 250 26
650 251 24
650 251 24
650 251 24
650 252 23
650 252 23
650 252 23
650 252 23
650 253 23
650 253 23
650 253 23
650 254 25
650 254 25
650 254 25
650 254 25
650 255 27
650 255 27
650 255 27
650 256 29
650 256 29
650 256 29
650 257 32
651 257 26
651 257 26
651 258 30
651 258 30
651 258 30
651 258 30
651 258 30
652 259 28
652 259 28
652 260 32
652 260 32
653 260 27
653 260 27
653 260 27
654 260 23
654 260 23
654 260 23
654 260 23
655 260 21
655 260 21
656 260 21
656 260 21
656 260 21
657 260 22
657 260 22
658 260 25
658 260 25
658 260 25
659 260 29
659 260 29
659 260 29
660 259 29
660 259 29
660 259 29
661 259 35
661 259 35
661 258 29
661 258 29
662 258 35
662 258 35
662 258 35
663 257 35
663 257 35
663 257 35
664 257 40
664 256 35
664 256 35
665 256 41
665 256 41
665 256 41
665 255 35
666 255 40
666 255 40
666 254 34
666 254 34
666 254 34
667 254 39
667 254 39
667 253 34
667 253 34
668 253 38
668 252 35
668 252 35
668 252 35
668 252 35
668 251 34
668 251 34
669 251 39
669 250 38
669 250 38
669 250 38
669 249 37
669 249 37
670 249 42
670 248 40
670 248 40
670 248 40
670 248 40
670 247 38
670 247 38
670 247 38
670 247 38
670 246 35
670 246 35
670 246 35
670 246 35
670 245 33
670 245 33
670 245 33
670 244 32
670 244 32
670 244 32
670 244 32
670 243 34
670 243 34
670 243 34
670 242 37
670 242 37
670 242 37
Stop
Start
670 275 46
670 275 46
670 275 46
669 275 44
669 275 44
669 275 44
668 275 44
668 275 44
668 275 44
668 275 44
667 276 43
667 276 43
667 276 43
667 276 43
666 277 41
666 277 41
666 278 38
666 278 38
666 278 38
666 278 38
666 279 36
666 279 36
666 279 36
666 280 36
666 280 36
666 280 36
666 280 36
666 281 38
666 281 38
666 281 38
666 281 38
666 281 38
666 282 41
666 282 41
667 282 41
667 282 41
667 282 41
668 282 45
668 282 45
668 282 45
668 282 45
669 282 49
669 282 49
669 282 49
669 282 49
670 282 55
670 281 48
670 281 48
670 281 48
671 280 48
671 280 48
671 280 48
671 279 44
671 279 44
671 279 44
671 278 42
671 278 42
671 278 42
671 278 42
671 277 42
671 277 42
671 277 42
671 276 45
671 276 45
671 276 45
671 275 50
671 275 50
670 275 46
670 275 46
670 275 46
670 275 46
670 275 46
Stop
