New Layer
Start
1226 708 34
1226 708 34
1225 708 31
1225 708 31
1225 708 31
1224 709 32
1223 709 28
1222 709 25
1221 709 22
1220 709 19
1219 709 17
1218 709 16
1217 709 17
1216 709 18
1215 709 18
1215 709 18
1214 709 19
1214 709 19
1213 709 19
1213 709 19
1212 709 16
1211 710 19
1210 710 15
1210 710 15
1209 710 12
1208 710 9
1207 710 8
1206 711 14
1205 711 16
1204 711 18
1204 711 18
1203 711 22
1202 711 26
1202 711 26
1201 710 24
1200 710 26
1200 710 26
1199 710 29
1198 710 29
1197 710 28
1197 710 28
1196 710 27
1195 710 26
1193 710 22
1192 711 28
1192 711 28
1191 711 27
1189 711 28
1188 711 29
1187 711 30
1186 711 31
1186 711 31
1185 710 26
1184 710 27
1183 710 28
1182 710 28
1181 709 21
1181 709 21
1181 709 21
1179 709 17
1179 709 17
1178 709 14
1178 709 14
1177 710 16
1176 710 15
1176 710 15
1175 710 13
1174 710 13
1174 711 19
1174 711 19
1172 711 19
1172 711 19
1171 711 20
1170 712 28
1168 712 27
1167 712 26
1166 712 24
1165 712 22
1165 712 22
1165 712 22
1164 712 21
1163 712 21
1161 711 17
1160 711 18
1159 711 23
1159 710 19
1158 710 20
1158 710 20
1157 710 22
1156 710 23
1154 710 21
1153 710 21
1152 710 21
1151 710 21
1150 710 22
1149 710 23
1148 710 24
1147 711 30
1145 711 32
1144 711 33
1144 711 33
1142 710 28
1141 710 28
1141 710 28
1139 709 21
1138 709 21
1137 708 15
1137 708 15
1136 707 9
1134 707 8
1133 707 9
1133 707 9
1131 707 13
1130 707 17
1130 707 17
1129 707 20
1129 707 20
1128 707 22
1127 707 24
1127 707 24
1125 707 23
1124 707 21
1123 706 13
1122 706 12
1120 706 15
1120 706 15
1120 706 15
1120 705 11
1120 705 11
1119 705 15
1118 705 19
1117 704 18
1117 704 18
1115 704 23
1113 703 20
1112 703 20
1111 703 20
1109 703 23
1109 703 23
1108 703 24
1108 703 24
1108 703 24
1107 703 24
1107 703 24
Stop
Start
1106 703 24
1106 703 24
1106 703 24
1106 703 24
1104 703 24
1103 703 24
1102 703 24
1102 703 24
1101 703 25
1101 703 25
1100 703 28
1100 703 28
1099 702 26
1098 702 31
1098 702 31
1097 701 30
1096 701 32
1096 700 29
1095 700 31
1094 699 28
1094 699 28
1093 699 31
1093 699 31
1092 698 30
1092 698 30
1092 698 30
1092 698 30
1092 698 30
1091 697 31
1091 697 31
1091 696 29
1091 696 29
1091 696 29
1091 695 28
1091 695 28
1091 695 28
1091 694 30
1091 694 30
1091 694 30
1091 694 30
1091 694 30
1092 694 30
1092 694 30
1093 694 31
1094 695 29
1094 695 29
1095 695 29
1095 695 29
1096 696 28
1096 696 28
1097 696 27
1099 696 26
1100 696 25
1101 696 23
1101 696 23
1102 696 21
1104 695 23
1105 695 22
1105 695 22
1107 695 17
1107 695 17
1108 695 16
1109 694 16
1109 694 16
1110 694 15
1111 693 17
1111 693 17
1112 693 17
1112 692 20
1112 692 20
1113 691 24
1114 690 26
1115 690 24
1115 690 24
1117 689 23
1118 689 20
1119 689 17
1119 688 21
1120 688 18
1121 687 19
1122 687 17
1123 687 15
1124 686 19
1124 686 19
1125 686 17
1125 686 17
1126 685 21
1127 685 16
1127 684 22
1128 684 17
1128 683 22
1128 683 22
1129 683 18
1129 683 18
1129 682 23
1130 682 18
1130 681 23
1130 681 23
1131 681 19
1132 680 22
1132 680 22
1132 679 27
1133 679 25
1134 679 23
1135 678 27
1136 678 26
1139 678 25
1140 678 26
1142 678 24
1143 678 23
1144 678 22
1146 679 16
1147 679 17
1147 679 17
1149 679 18
1149 679 18
1150 679 18
1150 679 18
1151 679 19
1151 679 19
1152 679 20
1152 679 20
1153 679 21
1154 679 22
1154 679 22
1156 679 24
1156 679 24
1156 679 24
1157 679 24
1157 679 24
1158 678 27
1159 678 25
1160 677 24
1160 677 24
1161 677 22
1161 676 25
1162 676 23
1162 676 23
1163 675 23
1164 675 22
1164 675 22
1165 675 21
1166 675 22
1167 675 23
1169 675 26
1170 675 28
1171 675 30
1171 675 30
1171 675 30
1172 676 27
1172 676 27
1172 677 24
1173 678 23
1173 678 23
1173 679 22
1173 679 22
1174 680 23
1174 680 23
1174 681 24
1174 682 24
1175 683 24
1175 684 24
1175 685 23
1176 686 21
1176 687 19
1177 687 18
1177 688 17
1178 688 17
1179 688 17
1180 688 17
1181 688 17
1182 688 17
1184 687 18
1185 687 18
1186 687 17
1186 687 17
1187 686 20
1187 686 20
1189 686 20
1190 686 21
1192 687 22
1194 688 24
1195 689 23
1196 689 23
1197 690 19
1197 691 17
1198 692 13
1198 692 13
1198 693 11
1199 693 11
1199 693 11
1199 694 11
1200 694 13
1201 695 14
1202 696 16
1203 696 17
1204 697 16
1205 697 17
1205 697 17
1206 697 19
1207 698 18
1208 698 20
1209 698 22
1210 698 24
1212 698 25
1213 698 26
1214 699 22
1215 699 23
1215 699 23
1216 699 24
1216 699 24
1217 700 22
1217 700 22
1218 700 25
1218 700 25
1219 700 28
1219 701 25
1219 701 25
1220 701 28
1220 702 24
1221 702 28
1221 703 24
1222 703 27
1222 703 27
1222 704 24
1223 704 27
1223 704 27
1224 705 27
1225 705 29
1225 705 29
1226 705 31
1227 705 32
1227 706 31
1227 706 31
1228 706 33
1228 706 33
1228 706 33
1228 706 33
1228 706 33
1228 707 35
1228 707 35
1228 707 35
1227 707 33
1227 707 33
1227 707 33
1227 707 33
1227 707 33
1226 707 31
1226 707 31
1226 707 31
Stop
Start
1261 747 33
1261 747 33
1260 747 34
1260 747 34
1259 747 36
1259 747 36
1258 747 38
1257 748 35
1257 748 35
1256 748 37
1256 749 32
1255 749 35
1255 750 30
1255 750 30
1254 751 29
1254 751 29
1254 752 26
1254 752 26
1253 752 29
1253 753 27
1252 753 30
1251 753 34
1251 754 32
1250 754 34
1249 754 36
1249 754 36
1248 754 37
1247 754 38
1247 754 38
1246 754 40
1246 754 40
1245 754 41
1245 754 41
1244 754 42
1244 754 42
1243 754 44
1243 754 44
1243 754 44
1243 755 39
1242 755 43
1242 755 43
1242 756 40
1242 756 40
1242 757 40
1243 757 37
1243 758 37
1243 758 37
1243 759 40
1243 759 40
1244 759 39
1244 759 39
1246 759 40
1247 758 38
1247 758 38
1247 758 38
1248 757 35
1249 757 37
1249 756 35
1249 756 35
1250 756 36
1250 756 36
1250 755 35
1251 755 34
1251 755 34
1251 755 34
1252 755 32
1252 755 32
1253 755 29
1253 756 32
1253 756 32
1254 756 30
1254 756 30
1255 756 28
1255 756 28
1256 756 26
1256 756 26
1257 756 25
1257 756 25
1258 756 26
1259 756 28
1260 756 31
1261 756 35
1261 755 30
1262 755 36
1262 755 36
1262 755 36
1263 754 37
1263 753 33
1263 753 33
1264 752 37
1264 752 37
1264 752 37
1264 751 35
1264 750 36
1264 750 36
1264 749 36
1264 749 36
1264 748 37
1264 748 37
1263 748 31
1263 748 31
1262 747 33
1262 747 33
1262 747 33
Stop
Start
1269 836 7
1269 836 7
1269 836 7
1268 836 6
1268 836 6
1268 837 10
1268 837 10
1267 838 14
1267 838 14
1266 838 13
1266 838 13
1265 839 18
1264 839 15
1263 839 12
1262 839 10
1261 839 7
1260 840 12
1258 840 11
1257 840 11
1257 840 11
1256 840 13
1255 841 20
1255 841 20
1254 841 20
1253 842 28
1251 842 25
1249 842 20
1247 843 24
1246 843 21
1245 843 18
1243 844 22
1242 844 20
1241 844 19
1239 845 27
1237 845 25
1236 845 24
1233 845 16
1232 846 24
1231 846 19
1230 846 16
1228 847 17
1225 847 11
1222 848 15
1221 849 19
1219 849 15
1218 850 21
1217 850 18
1216 850 15
1215 851 19
1214 851 16
1212 852 16
1211 852 13
1211 852 13
1210 853 17
1208 854 20
1207 854 18
1206 855 24
1206 855 24
1205 855 20
1204 856 24
1203 857 28
1202 857 23
1201 857 19
1200 858 23
1199 858 19
1197 858 17
1197 858 17
1196 858 16
1196 858 16
1194 858 16
1193 858 14
1192 858 13
1192 858 13
1191 858 11
1189 859 16
1188 859 14
1187 859 13
1186 859 12
1186 860 17
1185 860 14
1184 860 12
1182 861 9
1181 862 12
1180 862 11
1179 862 10
1178 862 10
1177 863 17
1177 863 17
1176 863 17
1175 863 19
1175 863 19
1174 863 20
1173 863 20
1172 863 20
1170 863 19
1168 863 17
1165 863 18
1162 863 19
1159 863 17
1158 863 17
1157 863 17
1156 864 26
1154 864 28
1154 864 28
1152 864 26
1151 864 26
1151 864 26
1150 864 24
1149 864 24
1148 864 25
1146 864 26
1144 864 30
1144 864 30
1142 864 31
1142 864 31
1140 863 22
1140 863 22
1138 863 24
1138 863 24
1136 862 19
1135 862 21
1134 862 22
1133 861 15
1132 861 17
1131 861 19
1130 861 21
1127 860 23
1126 859 17
1125 859 21
1123 859 26
1123 858 17
1122 858 20
1121 858 24
1119 857 23
1118 856 19
1116 855 16
1115 854 9
1114 853 3
1113 853 4
1112 852 3
1111 852 3
1110 851 2
1109 851 3
1107 851 5
1106 851 6
1106 850 3
1104 850 3
1102 850 7
1100 850 15
1099 849 11
1099 849 11
1098 849 14
1097 849 17
1096 849 21
1096 849 21
1095 848 14
1094 848 17
1093 848 20
1092 848 21
1091 847 16
1088 846 16
1087 846 18
1086 846 19
1084 846 22
1082 846 23
1082 846 23
1081 846 22
1080 846 21
1078 846 22
1076 846 21
1075 846 21
1074 846 21
1072 846 21
1071 846 20
1070 846 20
1069 846 19
1069 846 19
1068 846 19
1067 846 18
1065 846 18
1064 846 17
1063 846 17
1062 846 16
1061 846 16
1060 846 16
1060 845 11
1059 845 11
1059 845 11
1058 845 12
1057 845 14
1056 844 9
1054 844 16
1054 844 16
1053 844 20
1053 843 14
1052 843 17
1051 843 21
1051 843 21
1050 842 19
1049 842 24
1049 842 24
1049 841 17
1048 841 20
1048 841 20
1047 841 24
1047 841 24
1046 840 19
1046 840 19
1045 840 22
1044 840 25
1043 839 19
1042 839 20
1042 839 20
1042 839 20
1041 839 21
1040 839 21
1039 839 20
1039 839 20
1039 839 20
1038 839 21
1038 840 22
1038 840 22
1038 841 25
1038 841 25
1037 841 25
1037 841 25
1037 842 27
1037 842 27
1037 842 27
1037 842 27
1036 843 30
1036 843 30
1036 843 30
1036 843 30
1035 843 31
1035 843 31
1035 843 31
1035 843 31
1034 842 30
1034 841 29
1034 841 29
1033 840 33
1033 840 33
1033 840 33
1033 839 34
1033 839 34
1034 838 31
1034 838 31
1035 838 27
1035 838 27
1035 837 29
1036 837 26
1036 837 26
1037 837 23
1037 837 23
1037 836 27
1038 836 24
1039 836 22
1039 835 27
1040 835 23
1041 834 26
1042 834 22
1043 833 24
1043 833 24
1044 833 19
1045 832 18
1046 832 12
1046 832 12
1047 832 8
1048 831 12
1049 831 11
1049 831 11
1050 830 14
1050 830 14
1051 829 19
1053 828 19
1053 828 19
1053 828 19
1054 828 14
1054 828 14
1054 827 19
1055 827 15
1056 827 10
1057 826 12
1057 826 12
1059 825 11
1060 825 10
1061 824 13
1062 824 10
1063 824 8
1063 823 10
1063 823 10
1064 823 9
1064 823 9
1064 822 11
1064 821 13
1065 821 7
1065 820 9
1065 819 12
1066 818 9
1066 818 9
1066 817 12
1067 816 13
1067 815 16
1068 814 14
1068 813 17
1068 813 17
1069 812 15
1069 811 18
1069 811 18
1070 810 17
1070 809 21
1071 808 20
1072 807 20
1073 807 15
1073 806 20
1075 805 17
1077 804 12
1078 803 13
1078 803 13
1079 803 10
1081 801 16
1082 801 12
1083 800 13
1083 799 18
1084 799 15
1085 798 17
1085 797 23
1086 796 25
1087 795 27
1089 794 21
1090 793 21
1091 792 22
1091 792 22
1091 791 30
1092 791 26
1093 790 28
1094 790 23
1094 789 30
1096 789 22
1097 788 26
1098 788 23
1099 788 20
1099 788 20
1099 787 27
1100 787 22
1102 786 16
1102 786 16
1103 786 13
1103 785 19
1104 785 15
1105 785 14
1105 785 14
1106 784 17
1106 784 17
1106 784 17
1107 784 15
1107 783 22
1109 783 17
1109 783 17
1110 782 22
1112 782 17
1112 781 24
1112 781 24
1112 781 24
Stop
Start
1113 781 21
1113 781 21
1113 781 21
1113 780 29
1114 780 24
1114 780 24
1115 780 20
1115 779 27
1116 779 23
1116 779 23
1117 779 18
1118 779 15
1118 779 15
1119 779 13
1120 778 17
1121 777 22
1121 777 22
1122 777 18
1122 776 24
1123 776 20
1123 775 24
1124 774 23
1124 773 29
1125 772 30
1126 771 31
1127 770 31
1127 770 31
1128 770 26
1128 769 31
1129 769 28
1130 768 30
1131 768 29
1131 768 29
1132 768 29
1133 768 29
1135 768 30
1137 768 31
1138 768 33
1138 768 33
1139 768 34
1140 769 28
1141 770 22
1142 770 25
1143 770 27
1143 771 21
1144 771 24
1145 772 22
1146 772 26
1147 773 25
1148 774 24
1148 774 24
1149 775 20
1149 775 20
1150 775 23
1150 776 19
1152 776 26
1154 777 25
1154 777 25
1155 777 29
1156 778 23
1157 778 24
1157 778 24
1158 778 24
1159 779 17
1160 779 15
1161 779 16
1163 780 13
1164 780 15
1165 780 16
1167 780 18
1167 780 18
1168 780 18
1169 780 18
1169 780 18
1171 780 15
1173 780 12
1174 780 10
1175 779 17
1177 779 14
1178 778 22
1178 778 22
1179 778 20
1180 778 20
1182 777 23
1182 777 23
1183 777 22
1184 776 27
1186 776 21
1188 775 21
1189 775 20
1191 775 18
1192 775 18
1192 775 18
1193 775 19
1193 775 19
1193 774 26
1194 774 26
1196 774 25
1197 773 32
1199 773 29
1200 773 27
1201 773 27
1202 772 31
1202 772 31
1203 772 30
1203 772 30
1204 773 25
1205 773 25
1205 773 25
1206 774 24
1208 775 24
1209 775 28
1210 776 28
1211 777 28
1211 777 28
1212 777 30
1213 778 27
1213 778 27
1214 779 27
1215 779 32
1215 780 27
1217 781 30
1218 782 28
1219 782 32
1219 783 26
1220 783 31
1220 784 24
1221 784 29
1222 785 28
1222 785 28
1223 785 31
1224 786 25
1225 786 26
1226 786 28
1228 787 20
1229 787 20
1230 787 19
1230 787 19
1230 787 19
1231 787 18
1232 786 24
1232 786 24
1233 786 24
1234 786 23
1234 786 23
1236 787 19
1238 787 25
1239 788 22
1240 788 27
1240 789 22
1241 789 26
1241 790 20
1242 790 22
1243 791 20
1244 792 19
1245 793 19
1245 793 19
1246 794 20
1246 794 20
1246 794 20
1247 795 21
1249 796 25
1249 796 25
1251 797 28
1251 798 21
1252 798 23
1254 799 25
1256 800 25
1257 800 30
1257 801 25
1258 801 31
1258 802 24
1258 802 24
1258 803 20
1258 804 16
1259 805 18
1259 805 18
1259 806 16
1259 806 16
1259 807 15
1259 807 15
1259 809 14
1260 809 17
1260 810 15
1260 810 15
1261 811 14
1261 811 14
1262 811 15
1262 811 15
1263 811 16
1263 812 11
1264 812 13
1265 812 15
1266 812 19
1267 813 20
1267 813 20
1267 813 20
1267 814 18
1267 814 18
1267 814 18
1268 815 22
1268 815 22
1268 816 21
1268 817 20
1268 818 19
1268 819 19
1268 819 19
1268 820 18
1268 820 18
1268 820 18
1269 821 22
1270 822 23
1271 824 17
1272 825 16
1273 826 14
1273 826 14
1274 827 12
1274 827 12
1274 827 12
1275 828 11
1275 828 11
1276 828 14
1276 828 14
1277 828 17
1277 828 17
1277 828 17
1278 829 20
1278 829 20
1278 829 20
1278 829 20
1278 830 21
1278 830 21
1277 830 17
1277 830 17
1277 830 17
1276 831 15
1276 831 15
1275 831 11
1274 832 9
1274 832 9
1273 832 5
1272 832 3
1272 832 3
1271 833 4
1271 833 4
1271 833 4
1271 833 4
1270 834 2
1270 834 2
1270 835 5
1270 835 5
1270 835 5
1270 835 5
1270 835 5
1269 835 3
1269 836 7
1269 836 7
1268 836 6
1268 836 6
Stop
New Layer
Start
1144 678 22
1144 678 22
1144 678 22
1143 678 23
1143 678 23
1142 678 24
1141 678 25
1141 678 25
1140 678 26
1140 679 21
1139 679 20
1138 679 20
1137 679 20
1136 679 21
1135 679 22
1135 679 22
1134 680 18
1133 680 20
1133 680 20
1132 680 22
1132 681 17
1131 681 19
1130 682 18
1129 683 18
1128 683 22
1127 684 22
1126 684 26
1125 685 24
1124 685 26
1123 685 30
1123 685 30
1122 686 25
1121 686 26
1119 686 30
1117 687 33
1116 687 35
1116 688 30
1115 688 33
1115 688 33
1114 689 31
1113 690 28
1113 690 28
1112 691 24
1111 691 25
1110 692 22
1109 693 20
1108 693 22
1107 693 24
1106 694 23
1105 694 26
1104 694 28
1104 695 23
1103 695 25
1102 695 27
1102 695 27
1101 696 23
1101 696 23
1100 696 25
1099 696 26
1098 696 27
1097 696 27
1096 695 31
1095 695 29
1094 695 29
1094 694 33
1093 694 31
1093 694 31
1093 694 31
1092 694 30
1092 693 32
1091 693 31
1091 693 31
1091 692 34
1090 692 35
1090 692 35
1089 692 37
1088 692 37
1088 692 37
1088 692 37
1088 693 35
1088 693 35
1088 694 34
1088 694 34
1088 694 34
1089 695 32
1089 696 34
1090 696 31
1091 696 29
1091 697 31
1092 697 29
1093 697 28
1093 698 28
1094 698 26
1094 698 26
1094 699 28
1095 699 27
1095 699 27
1096 700 29
1097 700 27
1097 701 30
1097 701 30
1098 701 26
1098 702 31
1099 702 26
1099 703 31
1100 703 28
1101 704 31
1102 704 30
1102 704 30
1102 704 30
1103 704 30
1104 704 30
1105 704 30
1105 704 30
1106 704 30
1107 704 30
1108 703 24
1109 703 23
1110 703 21
1111 703 20
1112 703 20
1114 704 23
1115 704 23
1116 704 20
1117 705 22
1117 705 22
1117 705 22
1118 705 19
1118 706 23
1119 706 19
1120 706 15
1121 706 14
1122 706 12
1123 706 13
1124 706 15
1125 706 17
1125 706 17
1127 706 18
1128 706 15
1129 706 14
1130 706 11
1131 706 8
1131 706 8
1132 706 6
1134 707 8
1135 707 7
1137 708 15
1138 708 15
1138 708 15
1140 708 17
1142 709 22
1143 709 22
1144 710 28
1145 710 27
1146 710 26
1147 710 25
1148 710 24
1149 710 23
1150 710 22
1152 710 21
1153 710 21
1155 709 14
1155 709 14
1156 709 15
1156 709 15
1157 709 16
1157 709 16
1158 710 20
1159 711 23
1160 711 18
1161 712 24
1161 712 24
1162 712 22
1163 712 21
1165 712 22
1166 712 24
1167 712 26
1168 712 27
1169 712 28
1170 711 21
1171 711 20
1172 711 19
1173 711 19
1175 711 19
1176 710 15
1177 710 16
1178 710 19
1179 710 23
1181 710 27
1182 709 21
1182 709 21
1183 709 21
1183 709 21
1185 709 20
1186 709 18
1187 709 17
1188 709 16
1189 709 15
1191 710 20
1193 710 22
1194 710 24
1195 710 26
1197 711 35
1198 711 35
1199 711 35
1199 711 35
1200 711 32
1200 711 32
1201 710 24
1201 710 24
1201 710 24
1202 710 21
1203 710 17
1203 710 17
1203 710 17
1204 710 13
1204 710 13
1205 710 10
1205 710 10
1206 710 9
1206 711 14
1207 711 13
1207 711 13
1208 711 16
1208 711 16
1209 711 19
1210 711 22
1210 710 15
1211 710 19
1212 710 23
1213 710 26
1214 710 26
1216 710 26
1217 710 24
1218 710 23
1219 710 24
1220 709 19
1221 709 22
1222 709 25
1222 709 25
1223 709 28
1224 709 32
1224 708 28
1224 708 28
1225 708 31
1225 708 31
1225 707 28
1225 707 28
1225 707 28
1225 706 27
1225 706 27
1224 705 27
1224 705 27
1223 704 27
1222 704 24
1222 704 24
1221 704 21
1220 703 21
1219 703 18
1218 702 18
1218 702 18
1217 702 16
1215 701 15
1215 701 15
1214 701 14
1212 700 17
1212 700 17
1211 699 21
1211 699 21
1210 698 24
1209 698 22
1209 697 25
1208 697 23
1207 696 23
1207 695 25
1206 695 23
1205 694 22
1204 693 22
1203 692 22
1203 692 22
1202 691 24
1202 691 24
1201 691 21
1199 690 20
1199 689 25
1198 689 24
1198 689 24
1196 689 23
1195 688 25
1193 688 23
1191 687 19
1190 687 19
1188 686 20
1187 685 22
1186 685 23
1185 685 23
1184 684 26
1183 684 25
1182 684 24
1180 684 23
1178 684 24
1178 683 26
1177 683 26
1176 682 25
1175 682 25
1175 681 25
1174 681 24
1174 680 23
1173 679 22
1172 678 22
1171 677 23
1171 676 26
1171 676 26
1170 676 25
1170 675 28
1169 675 26
1168 674 28
1167 674 26
1166 674 25
1165 674 25
1164 674 25
1164 674 25
1163 674 26
1162 674 27
1161 675 28
1161 675 28
1160 676 28
1159 676 30
1159 677 28
1158 677 30
1157 677 32
1155 677 32
1154 677 31
1152 678 25
1150 678 23
1150 678 23
1148 678 22
1148 678 22
1147 678 21
1146 678 21
1146 678 21
1146 678 21
1145 678 21
1145 678 21
1145 678 21
1144 678 22
1144 678 22
1144 678 22
Stop
Start
1140 769 28
1140 769 28
1139 768 34
1139 768 34
1139 768 34
1138 768 33
1137 768 31
1136 768 31
1134 768 29
1133 768 29
1133 768 29
1131 768 29
1129 768 33
1129 769 28
1128 770 26
1126 771 31
1125 772 30
1125 772 30
1124 773 29
1123 774 29
1123 774 29
1122 775 30
1121 775 35
1120 776 32
1118 777 30
1118 778 22
1116 779 23
1115 780 20
1114 780 24
1112 781 24
1111 782 20
1110 783 15
1108 783 19
1107 783 22
1106 784 17
1106 784 17
1105 784 20
1103 785 19
1102 786 16
1100 787 22
1099 787 27
1098 788 23
1098 788 23
1097 789 20
1095 789 26
1095 790 19
1094 790 23
1093 791 21
1092 792 18
1090 793 21
1089 794 21
1088 795 21
1087 795 27
1086 796 25
1084 798 20
1082 799 23
1081 800 22
1079 801 22
1078 802 19
1076 803 22
1075 804 22
1074 804 26
1073 805 26
1073 805 26
1071 806 30
1071 807 25
1071 808 20
1070 809 21
1069 810 22
1069 811 18
1068 812 20
1068 813 17
1067 814 20
1067 814 20
1066 815 21
1066 816 16
1065 816 22
1065 817 18
1065 817 18
1064 818 21
1064 818 21
1064 818 21
1063 819 25
1063 819 25
1062 820 29
1062 820 29
1062 821 24
1061 821 30
1060 822 27
1059 823 25
1058 824 20
1058 824 20
1057 825 19
1057 825 19
1056 825 22
1055 826 22
1054 826 26
1053 827 25
1052 827 30
1051 828 27
1049 828 31
1048 828 33
1047 829 27
1046 829 30
1045 830 29
1044 831 29
1044 832 24
1043 833 24
1042 833 29
1042 833 29
1042 834 22
1041 834 26
1040 834 28
1040 835 23
1039 835 27
1039 835 27
1038 835 29
1037 835 32
1037 836 27
1036 836 30
1036 836 30
1035 837 29
1035 837 29
1035 837 29
1035 838 27
1035 838 27
1035 839 26
1035 840 25
1035 841 26
1035 841 26
1035 842 28
1036 843 30
1036 843 30
1036 843 30
1036 844 34
1036 844 34
1036 844 34
1037 844 34
1037 844 34
1038 844 36
1039 843 34
1040 843 37
1040 843 37
1040 842 33
1040 841 29
1041 841 31
1041 841 31
1041 840 25
1041 840 25
1041 839 21
1042 839 20
1042 839 20
1043 839 19
1043 839 19
1044 839 17
1044 839 17
1045 839 15
1046 840 19
1047 841 24
1048 841 20
1048 841 20
1049 842 24
1050 842 19
1051 842 16
1053 843 14
1054 843 11
1055 844 14
1057 844 8
1058 845 12
1059 845 11
1059 845 11
1060 845 11
1060 845 11
1060 845 11
1061 846 16
1062 846 16
1063 846 17
1064 846 17
1066 846 18
1066 846 18
1067 846 18
1068 846 19
1069 846 19
1070 846 20
1072 846 21
1072 846 21
1073 846 21
1074 846 21
1075 845 14
1076 845 14
1077 845 14
1079 845 14
1079 845 14
1080 845 14
1082 845 15
1083 845 15
1084 845 14
1085 845 13
1086 845 12
1087 845 11
1088 846 16
1089 846 14
1090 846 11
1091 847 16
1093 847 12
1094 848 17
1096 848 13
1098 848 7
1100 849 9
1100 849 9
1101 849 6
1102 850 7
1103 850 5
1104 851 8
1105 851 7
1106 852 13
1107 852 10
1109 853 10
1111 853 5
1112 853 5
1113 854 11
1114 854 10
1116 855 16
1118 855 13
1119 856 15
1120 856 12
1121 856 10
1122 856 7
1123 857 11
1124 857 9
1124 858 15
1125 858 13
1126 858 10
1128 859 12
1129 859 10
1129 860 17
1131 860 12
1132 860 11
1134 861 13
1135 861 12
1137 861 10
1137 861 10
1139 862 15
1140 862 14
1142 862 13
1143 862 13
1145 862 12
1146 862 12
1148 862 11
1149 863 16
1151 863 17
1152 863 19
1152 863 19
1153 863 19
1155 863 18
1156 863 17
1158 863 17
1159 863 17
1161 863 19
1162 863 19
1162 863 19
1164 863 18
1165 863 18
1168 863 17
1170 863 19
1171 863 20
1173 863 20
1175 863 19
1177 863 17
1178 863 16
1180 863 17
1180 863 17
1181 863 18
1182 863 22
1182 863 22
1183 863 25
1184 863 28
1185 862 24
1186 862 28
1188 861 27
1189 860 23
1190 860 25
1192 860 29
1192 859 20
1193 859 22
1194 859 24
1195 859 24
1197 858 17
1198 858 19
1200 857 16
1202 857 23
1203 856 20
1205 856 28
1207 855 26
1207 855 26
1209 854 22
1209 854 22
1210 853 17
1211 853 20
1211 853 20
1212 853 23
1213 852 19
1215 851 19
1216 850 15
1217 850 18
1218 850 21
1220 849 17
1222 849 22
1223 848 16
1224 848 18
1226 847 13
1228 847 17
1229 847 21
1230 846 16
1231 846 19
1232 846 24
1233 845 16
1234 845 20
1235 845 23
1236 845 24
1239 844 16
1240 844 17
1241 844 19
1242 844 20
1244 843 15
1244 843 15
1245 843 18
1246 843 21
1248 842 18
1249 842 20
1250 842 23
1251 841 17
1253 841 19
1253 841 19
1254 840 12
1254 840 12
1255 840 13
1255 840 13
1257 840 11
1258 840 11
1259 839 5
1261 839 7
1262 839 10
1264 839 15
1265 839 18
1265 839 18
1266 838 13
1266 838 13
1266 838 13
1267 838 14
1268 838 17
1268 838 17
1269 838 18
1269 837 11
1270 837 14
1271 837 19
1272 837 25
1272 836 20
1273 836 25
1273 836 25
1274 835 25
1274 835 25
1275 834 24
1275 834 24
1275 834 24
1275 834 24
1275 833 18
1276 833 22
1276 833 22
1276 832 18
1276 831 15
1276 831 15
1276 830 13
1276 830 13
1276 829 13
1276 829 13
1276 828 14
1275 827 14
1274 827 12
1274 826 16
1273 825 19
1272 824 20
1272 824 20
1271 823 22
1270 822 23
1270 822 23
1269 821 22
1269 819 25
1268 818 19
1268 817 20
1267 815 17
1267 815 17
1267 814 18
1267 814 18
1266 813 15
1266 812 19
1265 811 19
1265 811 19
1264 810 22
1264 810 22
1263 809 25
1262 809 23
1261 808 23
1261 807 25
1260 806 22
1259 806 16
1259 806 16
1258 805 13
1256 803 9
1255 802 10
1254 801 12
1253 800 14
1252 798 23
1251 798 21
1250 797 25
1250 797 25
1249 796 25
1247 794 24
1245 793 19
1244 792 19
1243 791 20
1241 789 26
1240 788 27
1239 788 22
1237 787 21
1236 787 19
1235 787 18
1234 787 17
1232 787 18
1231 787 18
1229 787 20
1227 788 12
1226 788 12
1225 788 12
1225 788 12
1223 788 12
1223 788 12
1221 787 13
1220 786 14
1218 785 12
1216 784 12
1215 783 14
1214 782 16
1212 780 16
1211 779 19
1210 778 20
1210 777 24
1209 777 20
1209 777 20
1208 776 21
1208 775 24
1207 774 26
1207 774 26
1206 773 27
1205 772 30
1203 771 35
1202 771 37
1201 771 39
1201 771 39
1200 771 40
1200 771 40
1199 771 42
1198 771 44
1197 772 39
1195 773 33
1193 773 34
1193 774 26
1191 775 18
1187 775 23
1186 776 21
1186 776 21
1185 776 24
1184 776 27
1183 776 30
1181 777 25
1180 777 27
1179 777 28
1176 777 34
1175 777 37
1175 777 37
1174 777 38
1172 778 32
1171 778 33
1170 778 34
1168 778 35
1166 778 32
1165 778 31
1164 778 29
1163 778 27
1162 779 18
1159 779 17
1158 779 17
1157 779 18
1157 779 18
1156 779 17
1156 779 17
1155 779 16
1154 779 13
1153 779 11
1152 778 13
1152 778 13
1152 778 13
1151 778 10
1150 778 9
1150 777 14
1149 777 11
1148 776 12
1148 776 12
1147 776 10
1147 776 10
1146 775 11
1146 775 11
1146 775 11
1145 774 13
1145 774 13
1145 774 13
1144 774 9
1144 773 13
1144 773 13
1143 773 11
1143 773 11
1143 772 16
1142 772 14
1142 772 14
1141 771 17
1141 771 17
1141 771 17
1141 771 17
1141 771 17
1141 770 22
1140 770 21
1140 770 21
1140 770 21
1140 770 21
Stop
Start
1262 746 37
1262 746 37
1261 746 38
1258 747 38
1258 747 38
1256 747 43
1256 748 37
1255 748 40
1254 749 39
1253 749 44
1253 749 44
1253 750 38
1252 751 36
1252 751 36
1252 752 33
1251 752 37
1251 752 37
1250 753 37
1249 753 40
1248 753 41
1247 754 38
1245 754 41
1245 754 41
1244 754 42
1244 754 42
1244 754 42
1243 754 44
1243 754 44
1242 755 43
1242 755 43
1242 756 40
1242 756 40
1242 756 40
1241 757 44
1241 757 44
1241 758 43
1242 759 42
1243 760 44
1243 760 44
1243 760 44
1244 760 43
1244 760 43
1244 760 43
1244 760 43
1245 760 44
1245 759 38
1245 758 35
1245 758 35
1246 757 34
1246 757 34
1247 756 32
1247 756 32
1248 756 34
1248 755 35
1249 755 35
1249 755 35
1250 755 35
1251 755 34
1251 755 34
1252 755 32
1253 755 29
1253 755 29
1254 755 25
1254 755 25
1255 755 23
1255 755 23
1255 755 23
1256 755 22
1256 755 22
1258 755 21
1258 755 21
1258 755 21
1259 755 23
1260 754 22
1260 754 22
1260 753 19
1261 753 22
1261 752 21
1261 752 21
1262 751 25
1263 750 29
1263 750 29
1263 749 30
1263 749 30
1264 749 36
1264 748 37
1264 748 37
1264 748 37
1264 748 37
1264 747 38
1264 747 38
1264 747 38
1263 746 37
1263 746 37
1263 746 37
1263 746 37
1262 746 37
1262 746 37
Stop
New Layer
Start
1166 675 22
1166 675 22
1165 675 21
1165 675 21
1165 675 21
1164 675 22
1164 675 22
1163 676 21
1162 676 23
1161 676 25
1161 677 22
1160 677 24
1159 677 28
1159 678 25
1158 678 27
1158 678 27
1157 678 28
1157 678 28
1155 678 28
1154 678 27
1153 678 26
1153 678 26
1151 678 23
1151 678 23
1150 677 27
1149 677 26
1149 677 26
1148 677 26
1148 677 26
1148 677 26
1147 677 25
1145 677 26
1145 677 26
1144 677 27
1142 677 29
1141 677 30
1140 678 26
1138 678 25
1137 679 20
1137 679 20
1136 679 21
1136 679 21
1134 680 18
1133 680 20
1131 681 19
1130 681 23
1129 682 23
1127 683 28
1126 683 33
1125 684 30
1125 685 24
1124 685 26
1124 685 26
1123 686 22
1122 686 25
1121 686 26
1119 686 30
1116 687 35
1115 687 37
1114 688 35
1113 688 37
1113 688 37
1112 689 33
1111 689 33
1111 690 29
1111 690 29
1110 690 30
1110 691 26
1109 691 27
1108 692 25
1107 692 27
1106 693 27
1105 694 26
1104 694 28
1103 694 30
1102 695 27
1102 695 27
1101 695 28
1101 695 28
1100 695 29
1098 695 30
1097 695 31
1097 695 31
1096 695 31
1095 695 29
1094 694 33
1094 694 33
1094 694 33
1093 694 31
1092 693 32
1092 693 32
1091 692 34
1091 692 34
1090 692 35
1090 692 35
1089 692 37
1088 692 37
1088 692 37
1088 692 37
1088 693 35
1088 693 35
1089 694 32
1090 695 30
1090 696 31
1091 696 29
1093 697 28
1093 698 28
1094 698 26
1094 698 26
1095 698 25
1095 699 27
1096 699 26
1096 700 29
1097 700 27
1098 701 26
1099 701 22
1100 702 23
1101 702 21
1101 702 21
1102 703 24
1103 703 24
1104 703 24
1105 703 24
1106 703 24
1106 703 24
1107 703 24
1109 703 23
1109 703 23
1110 703 21
1110 703 21
1111 703 20
1112 703 20
1113 704 23
1114 704 23
1116 705 24
1116 705 24
1117 705 22
1118 706 23
1118 706 23
1119 707 24
1119 707 24
1120 707 20
1122 707 18
1125 708 31
1126 708 32
1127 708 31
1127 707 24
1129 707 20
1130 707 17
1130 707 17
1131 707 13
1133 707 9
1133 707 9
1133 707 9
1134 708 14
1136 709 20
1137 709 20
1139 710 28
1139 710 28
1140 710 28
1141 710 28
1142 710 28
1143 711 34
1145 711 32
1147 711 30
1149 711 29
1151 711 27
1152 711 27
1153 711 28
1156 711 30
1157 711 29
1158 711 26
1158 711 26
1158 711 26
1159 711 23
1159 711 23
1159 712 29
1160 712 26
1161 712 24
1161 713 30
1163 713 27
1164 713 27
1166 713 31
1167 713 33
1169 713 36
1170 713 37
1171 713 37
1172 713 36
1172 713 36
1173 712 27
1174 712 27
1174 712 27
1175 711 19
1176 711 20
1177 711 22
1177 711 22
1178 711 25
1178 710 19
1179 710 23
1180 710 26
1181 709 21
1182 709 21
1183 709 21
1184 709 21
1185 709 20
1186 709 18
1187 709 17
1188 709 16
1189 709 15
1190 709 14
1192 709 13
1193 710 22
1193 710 22
1193 710 22
1194 710 24
1195 710 26
1196 709 20
1196 709 20
1198 709 22
1198 708 18
1199 708 18
1199 708 18
1199 708 18
1200 708 16
1202 709 14
1203 710 17
1204 711 18
1205 711 16
1205 711 16
1206 712 24
1207 712 24
1208 712 26
1208 712 26
1209 712 28
1209 711 19
1210 711 22
1211 711 26
1211 710 19
1212 710 23
1213 710 26
1213 710 26
1213 710 26
1214 710 26
1214 710 26
1215 710 26
1216 710 26
1216 710 26
1217 710 24
1218 710 23
1220 710 25
1220 710 25
1222 710 31
1223 710 34
1224 710 38
1224 710 38
1225 710 40
1226 710 44
1226 709 38
1227 709 41
1227 708 37
1227 707 33
1226 706 30
1226 706 30
1225 705 29
1225 704 31
1223 703 29
1222 702 31
1221 702 28
1220 701 28
1219 701 25
1218 700 25
1217 700 22
1216 700 20
1215 699 23
1214 699 22
1213 699 21
1212 699 21
1211 699 21
1210 698 24
1208 697 23
1205 694 22
1204 692 24
1203 692 22
1202 691 24
1202 691 24
1201 691 21
1201 690 25
1201 690 25
1200 690 23
1200 690 23
1199 689 25
1198 689 24
1196 688 25
1195 687 27
1194 687 25
1193 687 23
1192 686 23
1191 686 21
1190 686 21
1189 685 22
1188 685 22
1188 685 22
1187 685 22
1186 685 23
1185 684 26
1185 684 26
1184 683 29
1183 683 28
1182 682 29
1181 682 27
1180 681 28
1180 680 29
1179 680 29
1179 680 29
1178 679 30
1177 678 31
1176 678 29
1175 677 30
1174 677 27
1173 676 29
1172 676 27
1171 676 26
1171 676 26
1170 676 25
1169 676 23
1168 676 23
1168 676 23
1168 676 23
1167 676 21
1167 676 21
1167 676 21
1167 676 21
1167 676 21
Stop
Start
1261 746 38
1260 746 39
1260 746 39
1260 746 39
1259 746 41
1259 746 41
1258 746 43
1258 746 43
1257 747 41
1257 747 41
1256 747 43
1256 748 37
1255 748 40
1255 748 40
1255 749 35
1255 749 35
1254 749 39
1254 750 34
1253 750 38
1252 751 36
1251 751 42
1250 752 40
1249 752 44
1248 752 46
1247 752 49
1247 753 42
1246 753 44
1246 753 44
1245 753 46
1245 753 46
1244 753 47
1244 753 47
1243 754 44
1243 754 44
1242 755 43
1242 756 40
1242 757 40
1242 757 40
1242 758 39
1242 759 42
1242 760 45
1243 760 44
1243 761 48
1244 761 48
1244 761 48
1244 761 48
1245 761 48
1245 760 44
1245 760 44
1245 759 38
1246 759 40
1246 758 36
1246 757 34
1247 756 32
1247 756 32
1247 755 34
1248 755 35
1248 755 35
1249 754 36
1249 754 36
1250 754 34
1251 754 32
1252 754 29
1253 755 29
1253 755 29
1254 755 25
1254 756 30
1255 756 28
1255 756 28
1255 756 28
1257 756 25
1258 756 26
1259 756 28
1259 756 28
1259 755 23
1260 755 26
1260 755 26
1261 754 25
1262 754 31
1263 753 33
1263 753 33
1263 753 33
1263 752 31
1263 752 31
1264 751 35
1264 751 35
1264 750 36
1264 750 36
1264 749 36
1264 749 36
1263 748 31
1263 748 31
1263 747 34
1262 747 33
1262 747 33
1262 747 33
1261 746 38
1261 746 38
1261 746 38
Stop
Start
1276 832 18
1276 833 22
1276 833 22
1275 834 24
1275 834 24
1275 834 24
1274 835 25
1274 835 25
1273 836 25
1272 836 20
1272 837 25
1271 837 19
1270 837 14
1269 838 18
1267 838 14
1266 839 19
1264 839 15
1262 839 10
1261 839 7
1261 839 7
1260 840 12
1259 840 11
1258 840 11
1258 840 11
1256 840 13
1254 840 12
1253 840 11
1252 840 11
1251 840 11
1250 840 9
1250 840 9
1249 841 13
1248 841 11
1247 841 7
1245 841 4
1243 842 7
1241 842 5
1239 843 9
1238 843 9
1237 843 8
1235 843 7
1235 843 7
1233 844 8
1233 844 8
1232 844 6
1231 845 11
1230 845 9
1229 846 13
1227 846 8
1225 847 11
1223 848 16
1221 848 12
1220 848 10
1217 849 10
1215 849 8
1213 850 7
1212 850 5
1211 850 4
1210 851 4
1210 851 4
1209 851 3
1208 852 7
1208 852 7
1207 853 11
1206 853 9
1205 854 14
1205 854 14
1204 854 11
1203 855 14
1202 855 11
1201 856 12
1199 856 8
1198 857 12
1197 857 11
1195 858 16
1194 858 16
1193 858 14
1192 858 13
1191 859 19
1191 859 19
1190 859 17
1189 860 23
1188 860 21
1186 861 22
1184 861 16
1182 862 16
1181 862 12
1180 862 11
1179 862 10
1178 862 10
1176 862 11
1175 862 12
1173 862 14
1171 862 13
1171 862 13
1170 862 13
1170 862 13
1168 862 11
1167 862 11
1166 862 11
1164 862 12
1163 863 19
1160 863 18
1158 863 17
1157 863 17
1155 863 18
1153 863 19
1152 863 19
1150 863 17
1148 863 16
1147 863 17
1147 863 17
1146 863 17
1145 863 19
1144 863 19
1143 863 20
1142 863 21
1141 863 21
1139 862 15
1137 862 18
1136 862 19
1135 862 21
1135 862 21
1134 862 22
1134 861 13
1133 861 15
1132 861 17
1130 860 14
1129 860 17
1128 859 12
1128 859 12
1127 859 15
1126 859 17
1125 858 13
1125 858 13
1124 858 15
1123 858 17
1123 857 11
1121 857 16
1121 857 16
1119 857 23
1118 856 19
1117 856 22
1116 856 23
1115 856 25
1114 856 27
1112 855 21
1110 855 25
1109 855 28
1108 854 21
1107 854 24
1105 853 23
1105 852 15
1104 852 16
1102 851 13
1100 850 15
1099 850 18
1097 849 17
1095 849 23
1094 848 17
1094 848 17
1092 848 21
1091 847 16
1089 847 22
1088 846 16
1086 846 19
1083 846 23
1082 845 15
1081 845 15
1080 845 14
1080 845 14
1079 845 14
1078 845 14
1077 845 14
1076 845 14
1075 845 14
1073 845 13
1071 845 12
1070 845 12
1070 845 12
1069 845 12
1068 845 12
1067 845 11
1067 845 11
1066 845 11
1065 845 11
1065 845 11
1064 845 11
1063 845 11
1063 845 11
1063 845 11
1062 845 11
1062 845 11
1062 845 11
1061 845 10
1061 845 10
1060 845 11
1060 846 16
1059 846 17
1059 846 17
1058 846 18
1058 846 18
1056 846 22
1055 846 25
1055 846 25
1055 846 25
1054 846 27
1053 845 25
1052 844 23
1051 844 27
1051 843 21
1051 843 21
1050 843 25
1049 842 24
1048 842 27
1047 842 32
1046 841 27
1045 841 30
1044 841 32
1043 841 33
1041 841 31
1041 841 31
1040 841 29
1039 841 27
1039 841 27
1039 841 27
1038 841 25
1038 841 25
1037 841 25
1036 841 25
1036 840 24
1036 840 24
1036 840 24
1035 840 25
1035 839 26
1035 839 26
1035 839 26
1035 838 27
1035 838 27
1035 837 29
1035 837 29
1035 837 29
1036 837 26
1036 836 30
1036 836 30
1037 836 27
1037 835 32
1038 835 29
1039 835 27
1040 835 23
1040 835 23
1041 835 21
1042 834 22
1042 834 22
1043 834 17
1044 833 19
1045 833 14
1046 832 12
1048 832 6
1049 831 11
1050 831 9
1051 830 12
1052 830 10
1052 830 10
1054 829 10
1055 829 7
1055 829 7
1055 829 7
1056 828 6
1057 828 4
1057 827 8
1058 827 5
1058 827 5
1059 826 6
1060 826 5
1060 825 10
1061 825 8
1062 824 10
1062 823 15
1063 822 14
1064 820 15
1065 820 9
1065 819 12
1065 818 14
1066 817 12
1066 817 12
1066 817 12
1066 816 16
1067 814 20
1067 813 23
1068 812 20
1069 811 18
1070 810 17
1070 810 17
1071 808 20
1071 808 20
1072 807 20
1073 806 20
1074 805 21
1074 804 26
1075 803 28
1075 803 28
1076 803 22
1077 802 23
1078 802 19
1079 801 22
1079 801 22
1081 800 22
1082 799 23
1083 799 18
1084 798 20
1084 798 20
1085 797 23
1086 797 20
1086 797 20
1087 796 22
1089 796 14
1090 795 12
1092 794 7
1093 794 4
1094 793 5
1095 793 4
1095 792 8
1096 792 5
1097 791 8
1097 791 8
1098 790 10
1099 790 8
1100 789 10
1101 788 11
1103 787 9
1104 787 5
1104 786 9
1105 786 8
1106 785 12
1107 784 15
1107 784 15
1108 784 12
1109 783 17
1110 782 22
1111 782 20
1112 781 24
1113 781 21
1114 781 17
1115 780 20
1117 779 18
1117 779 18
1117 779 18
1118 779 15
1119 778 20
1120 778 17
1121 778 15
1122 777 18
1123 777 15
1124 776 16
1125 775 16
1126 775 15
1126 775 15
1126 774 18
1127 774 15
1127 774 15
1128 773 16
1128 773 16
1128 773 16
1129 772 17
1130 772 15
1130 771 18
1131 770 19
1132 770 18
1132 769 23
1133 769 23
1134 769 23
1134 769 23
1136 768 31
1137 768 31
1138 768 33
1139 768 34
1140 768 35
1141 768 37
1142 768 40
1143 768 42
1143 768 42
1145 769 42
1146 770 39
1148 771 45
1148 771 45
1149 772 42
1150 772 47
1150 773 40
1151 773 45
1152 774 40
1153 775 36
1154 775 41
1154 776 33
1155 776 36
1157 777 32
1158 777 33
1160 778 24
1161 778 25
1162 778 26
1163 778 27
1164 778 29
1165 778 31
1166 778 32
1167 779 25
1169 779 26
1169 779 26
1171 779 23
1172 779 22
1174 779 18
1176 779 16
1178 779 13
1179 779 12
1182 779 12
1184 779 12
1184 779 12
1185 779 11
1187 778 11
1188 778 10
1188 778 10
1189 777 11
1190 777 10
1191 776 13
1192 776 13
1192 776 13
1192 776 13
1194 775 19
1195 775 19
1195 775 19
1197 774 25
1199 774 23
1199 773 29
1199 773 29
1200 773 27
1201 773 27
1202 773 26
1202 773 26
1203 773 26
1205 773 25
1207 773 29
1208 774 29
1209 774 32
1209 774 32
1210 775 32
1211 775 37
1211 776 32
1212 776 36
1212 777 30
1213 777 33
1214 778 32
1214 779 27
1215 780 27
1215 780 27
1216 780 30
1216 781 26
1217 782 24
1218 782 28
1219 783 26
1220 783 31
1221 784 29
1222 785 28
1223 786 23
1224 786 25
1225 786 26
1226 786 28
1227 787 20
1227 787 20
1228 787 20
1229 787 20
1231 787 18
1232 787 18
1232 787 18
1232 787 18
1233 787 17
1233 787 17
1234 787 17
1235 786 24
1235 786 24
1236 787 19
1237 787 21
1238 788 19
1239 788 22
1240 789 22
1241 790 20
1241 790 20
1242 791 17
1243 792 16
1243 792 16
1244 792 19
1245 793 19
1245 793 19
1246 794 20
1246 794 20
1247 795 21
1249 796 25
1251 797 28
1253 798 26
1257 799 35
1258 799 41
1259 800 40
1259 800 40
1259 801 36
1260 801 42
1260 802 37
1260 803 33
1260 804 30
1260 804 30
1260 805 26
1261 806 28
1261 806 28
1261 807 25
1261 808 23
1262 809 23
1263 810 20
1264 811 17
1265 812 15
1265 812 15
1266 812 19
1266 813 15
1266 813 15
1267 814 18
1267 815 17
1267 817 14
1268 818 19
1268 819 19
1268 820 18
1268 820 18
1269 821 22
1269 821 22
1269 821 22
1270 822 23
1271 823 22
1272 824 20
1273 824 22
1274 824 24
1275 825 21
1275 825 21
1276 826 19
1277 826 21
1277 827 19
1277 827 19
1278 827 23
1278 827 23
1278 827 23
1278 827 23
1278 828 21
1278 828 21
1278 829 20
1278 829 20
1278 830 21
1278 830 21
1278 830 21
1278 830 21
1278 831 23
1278 831 23
1278 831 23
1278 832 27
1277 832 22
1277 832 22
1277 832 22
1277 832 22
Stop
