New Slice
Start
496 307 0
496 308 10
496 309 22
495 309 20
495 309 20
494 309 20
493 309 17
493 308 12
492 308 8
492 307 5
491 307 5
491 307 5
490 306 5
489 306 5
489 305 0
489 305 0
488 305 0
487 305 0
487 304 0
487 303 0
486 303 0
486 303 0
485 303 0
485 302 0
485 301 0
485 301 0
484 301 0
484 300 0
484 299 0
483 299 10
483 298 7
483 297 7
482 297 7
482 296 2
482 295 0
482 295 0
481 295 19
481 294 19
481 293 19
481 293 19
481 292 19
480 291 21
480 290 21
480 289 21
480 289 21
480 288 18
480 287 18
480 287 18
480 286 22
480 285 22
480 285 22
480 284 15
480 283 8
480 283 8
480 282 8
480 281 10
480 281 10
480 280 10
480 279 5
481 279 0
481 278 0
481 277 0
481 277 0
481 276 0
482 275 0
483 274 0
483 273 0
483 273 0
483 273 0
483 272 0
484 272 0
484 271 0
485 271 0
485 270 0
485 270 0
486 269 0
486 269 0
487 268 0
487 267 6
487 267 6
488 267 6
488 266 7
489 266 0
489 265 0
489 265 0
489 264 4
490 264 4
490 263 4
491 263 0
491 262 0
491 261 10
491 261 10
492 260 10
493 260 8
493 259 8
493 259 8
493 259 8
494 258 12
495 258 12
495 257 7
495 257 7
496 257 8
496 256 8
497 256 8
497 255 14
498 255 9
499 255 0
499 254 2
500 253 2
500 253 2
501 253 0
501 252 0
501 251 0
502 251 0
502 251 0
503 251 0
503 250 0
503 249 0
504 249 0
505 248 0
505 247 0
506 247 0
507 246 0
507 245 0
507 245 0
508 245 0
508 244 0
509 243 0
509 243 0
509 243 0
510 242 0
511 241 0
511 241 0
511 240 0
511 239 0
512 239 0
513 238 0
513 237 0
514 237 0
515 237 0
515 236 0
516 236 0
517 235 2
517 235 2
518 235 1
519 235 1
519 234 1
519 234 1
520 234 0
520 233 10
521 233 10
521 233 10
522 232 4
523 231 4
524 231 4
524 230 16
525 230 14
525 229 14
525 229 14
526 228 21
526 227 21
526 227 21
526 226 24
527 226 20
527 225 16
527 225 16
527 224 16
527 223 18
527 222 18
526 221 20
526 221 20
525 221 20
525 220 20
525 219 8
525 219 8
525 219 8
525 218 7
525 217 7
524 217 18
524 216 12
524 215 12
524 215 12
524 214 14
524 213 13
524 213 13
524 212 13
524 211 14
524 210 14
524 209 20
524 209 20
524 208 17
524 207 17
524 207 17
524 206 20
524 205 20
524 205 20
524 204 23
524 203 23
524 203 23
524 202 22
524 201 20
524 201 20
524 199 20
524 199 20
524 198 20
524 197 25
524 197 25
524 196 31
524 195 31
524 195 31
525 194 30
525 193 30
525 193 30
526 193 30
526 192 32
527 192 25
527 191 25
528 191 11
528 191 11
529 191 11
529 191 11
530 191 0
531 191 0
531 191 0
532 191 0
533 191 0
533 192 0
534 192 3
534 193 2
535 193 17
535 193 17
535 194 17
535 195 9
535 195 9
536 196 9
536 197 8
536 197 8
536 198 8
536 199 8
536 199 8
536 200 7
536 201 7
536 201 7
536 202 3
536 203 14
536 203 14
536 204 14
536 205 12
536 205 12
536 206 12
536 207 16
536 207 16
536 208 16
536 209 15
536 209 15
536 210 16
536 211 16
536 212 12
536 213 12
535 213 12
535 214 10
535 215 10
535 216 10
535 217 13
535 217 13
535 218 13
535 219 13
535 219 13
535 220 16
535 221 16
534 221 7
534 223 7
534 223 7
534 224 15
534 225 15
534 225 15
534 226 16
534 227 16
534 227 16
534 228 16
534 229 7
534 230 7
533 231 4
533 231 4
533 232 0
533 233 0
533 233 0
533 234 0
533 235 0
533 235 0
533 236 1
533 237 1
533 237 1
533 238 0
533 239 4
533 239 4
533 240 4
533 241 0
532 241 0
532 241 0
532 242 0
532 243 0
532 243 0
532 244 0
532 245 0
532 245 0
532 246 0
532 247 0
532 247 0
532 248 0
532 249 0
532 249 0
532 250 0
532 251 0
532 252 0
532 253 0
532 253 0
532 254 0
532 255 2
532 255 2
532 256 0
532 257 0
532 257 0
532 258 0
532 259 0
532 259 0
532 260 0
532 261 0
532 261 0
532 262 0
532 263 0
531 263 0
531 264 0
531 265 0
531 265 0
531 266 0
531 267 0
531 267 0
531 267 0
531 268 0
531 269 0
531 269 0
530 270 0
530 271 0
530 271 0
530 272 0
529 273 0
529 273 0
529 274 0
529 275 0
529 275 0
529 276 0
528 277 0
528 277 0
528 278 0
527 279 0
527 279 0
527 280 0
527 281 0
526 282 0
526 283 0
526 283 0
525 283 0
525 284 0
525 284 0
524 285 0
523 285 0
523 286 0
523 287 0
522 287 0
521 288 0
521 289 0
521 289 0
520 289 0
519 290 0
519 291 0
519 291 0
519 291 0
518 291 0
518 292 7
517 293 6
517 293 6
517 293 6
516 293 2
516 294 8
515 294 8
515 295 8
514 295 0
513 296 9
513 296 9
512 297 11
511 297 11
511 297 11
511 298 11
510 298 10
510 299 7
509 299 7
509 299 7
508 300 7
507 301 8
507 301 8
506 301 8
505 302 4
505 302 4
504 303 7
503 303 7
503 304 18
503 304 18
502 305 15
501 305 15
501 305 15
500 305 5
499 306 17
499 306 17
498 307 1
497 307 0
496 307 0
496 307 0
Stop
New Slice
Start
517 293 6
517 294 14
516 294 8
516 295 8
515 295 8
515 295 8
514 296 9
513 296 9
513 297 13
513 297 13
512 297 11
511 297 11
511 297 11
511 298 11
510 298 10
509 299 7
509 299 7
508 299 7
507 299 5
507 300 5
507 300 5
506 301 8
505 301 4
505 301 4
504 302 0
503 303 7
503 303 7
503 303 7
502 303 6
501 303 6
501 303 6
500 303 0
499 303 0
499 303 0
498 303 0
497 303 0
497 303 0
496 303 0
496 304 0
495 304 0
495 304 0
494 304 0
493 304 0
493 304 0
492 304 0
491 304 0
491 304 0
490 304 0
489 304 0
489 304 0
488 304 0
487 304 0
487 304 0
486 304 0
485 304 0
485 304 0
483 303 0
483 303 0
482 303 0
482 302 5
481 302 11
481 301 11
481 300 12
481 299 12
480 299 15
479 298 17
479 297 17
479 297 17
479 296 18
479 296 18
479 295 23
479 295 23
478 293 22
478 293 22
478 291 20
478 291 20
478 290 24
478 289 24
478 288 23
478 287 23
478 286 21
479 285 22
479 285 22
479 284 15
479 283 8
480 283 8
480 282 8
480 281 10
480 281 10
481 280 0
481 279 0
481 279 0
481 277 0
482 277 0
482 275 0
483 275 0
483 274 0
483 274 0
483 273 0
483 273 0
484 272 0
484 271 0
485 271 0
485 270 0
485 269 1
486 268 0
486 267 11
487 267 6
487 266 7
487 265 7
488 265 7
488 264 10
489 264 4
489 263 4
490 262 1
491 261 10
491 261 10
491 260 10
492 260 10
492 259 9
493 259 8
493 258 8
494 257 7
494 257 7
495 257 7
495 256 7
495 256 7
496 255 14
496 254 18
497 253 18
497 253 18
498 253 12
498 252 14
499 251 3
499 251 3
499 251 3
500 250 9
500 249 14
501 249 1
501 248 1
502 247 4
503 247 0
503 246 0
503 245 3
504 245 3
504 245 3
505 245 0
505 244 0
505 244 0
505 243 6
505 243 6
506 243 0
507 242 0
507 241 0
507 241 0
508 240 6
509 239 6
509 239 6
509 239 6
509 238 11
510 237 8
511 237 0
511 236 0
512 235 12
513 235 6
513 235 6
514 234 6
515 234 2
515 234 2
516 233 12
517 233 13
517 233 13
517 232 13
519 232 13
519 231 21
520 231 16
521 231 16
521 231 16
521 230 30
522 230 24
522 229 24
523 229 16
523 229 16
523 228 27
523 227 27
524 227 27
524 226 27
525 225 20
525 225 20
525 224 20
525 223 22
525 223 22
526 222 22
526 221 20
526 221 20
526 220 20
526 219 8
526 219 8
526 218 7
526 217 7
526 217 7
526 216 0
526 215 0
526 215 0
526 214 4
526 213 3
526 213 3
526 211 2
526 211 2
526 210 2
526 209 4
526 208 6
526 207 6
526 207 6
526 206 9
526 205 9
526 205 9
526 204 1
526 203 1
526 202 6
526 201 7
526 201 7
526 200 7
526 199 14
526 199 14
527 198 4
527 197 14
527 197 14
527 196 22
527 195 22
527 195 22
527 194 26
527 193 26
528 193 13
528 192 11
528 191 11
528 191 11
529 191 11
529 190 8
530 190 0
531 190 0
531 190 0
531 191 0
531 191 0
531 192 0
532 193 0
532 193 0
532 194 0
532 195 0
532 195 0
533 196 0
533 197 0
533 197 0
533 198 0
533 199 0
533 199 0
533 200 0
533 201 0
533 202 0
533 203 0
533 203 0
533 204 0
533 205 0
534 205 0
534 206 0
534 207 2
534 207 2
534 208 2
534 209 5
534 209 5
534 210 2
534 211 2
535 211 16
535 212 12
535 213 12
535 213 12
535 214 10
535 215 10
535 215 10
535 216 10
535 217 13
535 217 13
535 218 13
535 219 13
535 220 16
535 221 16
535 221 16
535 222 18
535 223 18
535 223 18
535 224 21
535 225 21
535 226 25
535 227 20
535 227 20
535 228 20
535 229 13
535 229 13
535 230 13
535 231 14
535 231 14
535 233 19
535 234 22
535 235 22
535 235 22
535 237 13
535 237 13
535 238 3
535 239 5
535 239 5
535 240 5
535 241 10
535 242 10
534 243 4
534 244 6
534 245 6
534 245 6
534 246 0
534 247 0
534 248 2
533 248 0
533 249 0
533 250 0
533 251 0
533 251 0
533 252 0
533 253 0
533 254 0
533 255 2
533 255 2
533 256 0
532 257 0
532 257 0
532 258 0
532 259 0
531 259 0
531 261 0
531 261 0
531 263 0
531 263 0
531 264 0
531 265 0
531 265 0
531 266 0
531 267 0
531 267 0
531 268 0
530 269 0
530 269 0
530 270 0
530 271 0
530 271 0
530 272 0
529 272 0
529 273 0
529 273 0
529 274 0
529 275 0
529 275 0
529 276 0
528 277 0
528 278 0
528 279 0
527 279 0
527 279 0
527 280 0
527 281 0
526 281 0
526 282 0
526 283 0
525 283 0
525 284 0
524 285 0
524 285 0
523 286 0
523 287 0
523 287 0
522 287 0
521 288 0
521 289 0
520 289 0
519 290 0
519 291 0
518 291 0
517 292 6
517 292 6
517 292 6
Stop
New Slice
Start
531 282 0
531 282 0
530 282 0
529 283 0
529 283 0
529 284 0
529 285 0
528 285 0
528 286 0
527 287 0
527 287 0
527 288 0
526 289 3
525 289 3
525 290 3
524 291 16
523 291 16
522 292 18
521 293 12
521 293 12
520 293 12
519 293 7
518 293 7
518 294 17
517 295 14
516 295 8
515 295 8
515 295 8
514 296 9
513 296 9
513 296 9
512 296 1
512 297 11
511 297 11
510 297 10
510 297 10
509 298 6
508 298 6
508 299 7
507 299 5
507 299 5
506 300 5
505 300 0
505 301 4
504 301 0
504 301 0
503 301 0
503 302 0
502 303 6
501 303 6
501 303 6
501 303 6
500 303 0
499 304 5
499 305 5
498 305 0
497 305 0
497 305 0
496 305 0
495 305 0
495 305 0
494 305 0
493 305 0
492 306 5
491 306 5
491 306 5
490 306 5
489 306 5
489 306 5
488 306 0
487 306 0
486 306 0
485 306 0
484 305 0
483 305 0
483 305 0
482 305 0
482 304 0
481 303 4
481 302 11
481 301 11
481 301 11
481 300 12
481 299 12
480 299 15
480 298 17
480 297 17
480 297 17
480 296 18
479 295 23
479 295 23
479 294 23
479 293 23
479 293 23
479 292 23
479 291 21
479 291 21
479 290 21
479 289 21
479 289 21
479 288 18
479 287 18
479 287 18
479 286 22
479 285 22
479 285 22
479 284 15
479 283 8
479 283 8
479 282 8
480 281 10
480 281 10
480 280 10
480 279 5
480 279 5
481 279 0
481 278 0
481 277 0
481 277 0
482 276 0
482 275 0
482 274 0
483 273 0
483 273 0
483 272 0
484 271 0
484 271 0
485 271 0
485 270 0
485 269 1
485 269 1
486 269 0
486 268 0
487 267 6
487 267 6
487 266 7
487 265 7
488 265 7
488 265 7
489 263 4
489 263 4
489 262 1
490 261 13
491 261 10
491 260 10
491 260 10
491 259 9
491 259 9
492 259 9
492 258 9
492 257 6
493 257 5
493 256 5
493 255 5
494 255 17
494 254 16
495 254 16
495 253 16
495 253 16
496 252 16
496 251 16
496 251 16
497 250 21
497 249 17
497 249 17
498 248 19
498 247 19
499 247 13
499 247 13
499 246 13
500 245 16
501 245 11
501 244 11
501 243 19
502 243 19
503 243 19
503 242 20
503 241 20
504 241 20
504 241 20
505 241 9
505 240 7
506 239 9
507 239 9
507 239 9
508 239 6
509 238 11
509 237 8
509 237 8
510 237 8
510 237 8
511 237 0
511 237 0
511 236 0
512 236 0
512 235 12
513 235 6
513 235 6
513 235 6
514 235 6
515 234 2
515 233 12
516 233 12
517 233 13
517 233 13
517 232 13
518 232 13
519 231 21
519 231 21
520 231 16
521 231 16
521 230 30
522 229 24
523 229 16
523 229 16
523 229 16
523 228 27
523 227 27
524 227 27
525 226 24
525 225 20
525 225 20
525 224 20
525 223 22
525 223 22
525 221 20
525 221 20
525 220 20
525 219 8
526 219 8
526 219 8
526 218 7
526 217 7
526 217 7
526 216 0
526 215 0
526 215 0
526 213 3
526 213 3
526 212 3
526 211 2
526 211 2
526 210 2
526 209 4
526 209 4
526 208 6
527 208 0
527 207 0
527 207 0
527 206 0
527 205 0
527 205 0
527 204 0
527 203 0
527 203 0
527 202 0
527 201 0
528 201 0
528 200 0
529 199 0
529 199 0
529 198 0
529 197 1
529 197 1
530 196 0
530 195 0
531 195 0
531 195 0
531 195 0
532 195 0
532 195 0
533 196 0
533 196 0
534 197 0
534 198 2
535 198 8
535 199 8
535 200 7
535 200 7
535 201 7
535 201 7
535 202 3
535 203 14
536 204 14
536 205 12
536 205 12
536 206 12
537 207 22
537 208 22
537 209 19
537 209 19
537 210 18
537 211 18
537 211 18
537 212 13
537 213 13
537 214 17
537 215 14
537 215 14
537 216 14
537 217 13
537 217 13
537 218 13
537 219 13
537 219 13
537 220 19
537 221 19
537 221 19
537 222 27
537 223 27
537 223 27
536 224 21
535 225 21
535 226 25
535 227 20
535 227 20
535 228 20
535 229 13
535 229 13
535 230 13
535 231 14
534 231 6
534 231 6
534 232 9
534 233 9
534 234 11
534 235 11
534 235 11
534 236 8
534 237 8
533 237 1
533 238 0
533 239 4
533 239 4
533 240 4
533 241 0
533 242 0
533 243 0
533 243 0
533 244 0
533 245 0
533 245 0
533 246 0
532 247 0
532 247 0
532 248 0
532 249 0
532 249 0
532 250 0
532 251 0
532 251 0
532 252 0
531 253 0
531 254 0
531 255 0
531 255 0
531 256 0
531 257 0
531 257 0
531 258 0
531 259 0
531 260 0
531 261 0
531 261 0
531 262 0
531 263 0
531 263 0
531 264 0
531 265 0
531 265 0
531 266 0
531 267 0
531 267 0
531 268 0
531 269 0
531 269 0
531 270 0
531 271 0
531 271 0
531 272 0
531 273 0
531 273 0
531 274 0
531 275 0
531 275 0
531 276 0
530 277 0
530 278 0
530 279 0
530 280 0
529 281 0
529 281 0
529 281 0
529 282 0
529 283 0
529 283 0
Stop
