New Slice
Start
491 247 27
490 247 32
489 247 32
489 247 32
488 247 35
487 246 14
487 246 14
486 245 16
485 245 17
485 245 17
484 245 17
483 245 16
483 245 16
482 245 16
481 245 14
481 245 14
480 244 0
479 244 0
479 243 0
479 243 0
478 243 11
478 242 6
478 241 11
478 241 11
478 240 11
478 239 30
479 238 23
479 238 23
481 237 32
482 237 21
483 237 21
484 237 16
485 237 16
485 237 16
486 237 13
487 236 14
488 236 14
489 236 11
490 236 11
491 236 5
491 235 38
492 235 38
493 235 37
493 235 37
494 235 31
495 235 31
495 235 31
497 235 17
497 235 17
498 235 13
499 235 1
499 235 1
500 235 1
501 235 0
501 235 0
502 235 0
503 235 0
503 235 0
504 235 0
505 235 0
505 236 0
506 236 11
507 237 11
508 237 27
508 237 27
509 238 19
509 239 19
510 239 33
511 239 40
511 239 40
511 240 26
512 241 26
513 241 33
513 242 18
513 243 6
514 243 6
514 243 6
514 244 6
514 245 11
514 245 11
515 245 30
515 246 30
515 247 37
515 247 37
515 249 44
515 249 44
515 250 52
515 251 52
515 251 52
515 252 47
515 253 47
515 254 43
515 255 42
515 255 42
515 256 42
515 257 47
515 257 47
515 258 47
515 259 47
515 259 47
515 260 39
515 261 39
516 261 39
516 262 36
516 263 36
516 263 36
516 264 36
516 265 36
517 265 43
517 265 43
517 266 48
517 267 53
517 267 53
517 268 53
517 269 53
518 269 55
518 270 55
518 271 55
518 272 54
519 272 54
519 273 54
519 273 54
519 274 46
519 275 46
519 275 46
519 276 43
519 276 43
519 277 43
519 277 43
519 278 40
520 279 41
520 279 41
520 280 41
520 281 29
520 281 29
520 282 29
520 283 27
521 283 27
521 284 18
521 285 18
521 285 18
521 286 2
521 287 2
521 287 2
521 288 0
521 289 0
521 289 0
521 290 0
522 291 0
522 291 0
522 292 0
522 293 0
522 294 0
522 295 0
522 297 0
523 299 10
523 300 5
523 301 5
523 302 3
523 303 2
523 303 2
524 305 0
524 305 0
524 307 0
524 307 0
524 309 0
524 309 0
525 311 13
525 311 13
525 313 7
525 313 7
525 315 0
525 315 0
525 316 0
525 317 0
525 317 0
525 318 0
525 319 0
526 319 0
526 320 0
526 321 0
527 322 11
527 323 11
527 323 11
527 324 8
527 325 8
527 325 8
527 326 5
527 327 5
527 327 5
527 328 5
527 329 1
527 329 1
527 330 1
527 331 3
527 331 3
527 332 7
527 333 7
527 333 7
527 334 12
527 335 12
527 335 12
527 336 14
527 337 14
527 337 14
526 337 0
526 338 11
525 338 11
525 339 29
525 339 29
524 340 12
523 341 24
523 341 24
522 342 11
521 343 29
521 343 29
520 343 29
519 343 15
519 344 28
518 344 28
517 345 18
517 345 18
516 345 2
516 345 2
515 345 2
515 345 2
514 345 0
513 346 8
513 346 8
512 346 0
511 346 0
511 346 0
510 346 0
510 347 0
509 347 0
508 347 0
507 347 0
506 347 0
505 347 0
505 347 0
504 348 0
503 348 0
503 348 0
502 348 0
502 349 0
501 349 0
501 349 0
500 349 0
499 349 0
499 349 0
498 349 0
497 350 0
497 351 0
496 351 0
495 351 0
495 351 0
494 351 0
493 351 0
493 351 0
492 351 0
491 352 0
491 352 0
489 353 13
489 353 13
488 353 17
487 353 17
487 353 17
486 353 20
485 353 18
485 353 18
484 353 18
483 353 16
483 353 16
482 353 16
481 353 20
481 353 20
480 353 25
479 353 25
479 353 25
478 353 30
477 353 30
477 353 30
476 353 33
475 353 33
475 353 33
474 352 22
473 352 36
473 352 36
472 352 36
471 352 50
471 352 50
470 352 50
469 352 57
469 351 57
468 351 57
467 351 57
466 350 47
465 350 47
465 349 29
465 349 29
464 349 42
464 349 42
463 348 42
463 347 24
462 347 42
461 346 60
461 345 51
461 345 51
461 344 51
460 344 51
460 343 28
459 343 55
459 343 55
459 342 45
459 341 45
459 341 45
458 341 45
458 340 37
457 339 64
457 339 64
457 338 54
457 337 43
456 337 78
455 335 62
455 335 62
455 334 62
455 333 48
455 333 48
455 332 48
455 331 44
454 331 68
454 330 66
454 329 66
455 329 50
455 330 50
456 330 50
456 331 44
457 331 30
457 331 30
458 331 27
458 332 12
459 332 12
459 333 12
459 333 12
460 333 23
461 334 9
461 335 9
461 335 9
461 335 9
462 335 17
463 335 30
463 336 18
463 337 18
464 337 18
465 337 32
465 337 32
466 337 32
467 337 42
467 337 42
468 338 25
469 339 11
469 339 11
470 339 19
470 339 19
471 339 19
471 339 19
472 339 28
473 339 28
473 340 28
474 340 32
475 340 32
475 341 14
475 341 14
477 341 14
477 341 14
478 341 14
479 341 17
479 341 17
480 341 17
481 341 21
482 341 30
483 341 30
483 341 30
484 341 33
485 341 33
485 341 33
486 341 36
487 341 36
487 341 36
488 341 36
489 341 32
490 341 32
491 341 25
491 341 25
492 341 25
493 341 18
493 341 18
494 341 13
495 340 36
495 340 36
496 340 26
497 339 26
497 339 26
498 339 11
499 338 5
499 338 5
500 337 19
501 337 9
501 336 9
501 336 9
501 335 15
503 335 4
503 335 4
503 334 4
503 333 11
503 333 11
504 332 11
504 331 19
505 331 9
505 331 9
505 330 15
505 329 15
505 329 15
505 328 22
505 327 22
505 327 22
505 326 21
505 325 21
505 325 21
505 324 21
505 323 18
505 323 18
505 322 18
505 321 17
505 321 17
505 320 17
505 319 11
505 319 11
505 318 7
505 317 7
505 317 7
505 316 0
505 315 0
505 315 0
505 314 0
505 313 0
504 311 3
504 311 3
504 310 3
504 309 4
503 309 4
503 308 4
503 307 4
503 307 4
503 306 1
503 305 1
502 304 7
502 303 7
502 303 7
501 302 2
501 301 0
501 301 0
501 300 0
500 299 0
500 299 0
499 298 0
499 298 0
499 297 0
498 297 0
498 297 0
497 296 0
497 295 0
496 295 0
495 295 0
495 295 0
494 294 0
493 294 0
493 294 0
492 294 0
491 294 0
491 294 0
490 294 0
489 294 0
489 294 0
488 294 0
487 294 0
487 294 0
486 294 0
485 294 0
485 294 0
484 294 0
483 294 0
483 294 0
482 294 0
481 294 0
480 294 0
479 294 0
479 294 0
478 294 9
477 294 9
477 294 9
476 294 20
475 294 20
475 294 20
474 294 25
473 294 24
473 294 24
472 294 24
471 293 24
471 293 24
470 293 24
469 293 26
468 293 36
467 292 16
467 291 16
466 291 31
465 291 31
465 290 15
465 290 15
465 289 2
464 289 17
464 288 17
464 287 12
463 287 12
463 287 12
463 286 12
463 285 20
463 285 20
463 284 20
463 283 31
463 283 31
463 282 38
464 282 38
465 282 35
465 282 35
466 281 35
467 281 32
467 281 32
469 281 21
469 281 21
469 281 21
470 281 11
471 281 11
471 281 11
472 281 2
472 280 7
473 280 7
473 280 7
474 280 4
475 280 7
475 280 7
476 280 7
477 280 11
477 280 11
478 280 11
479 280 19
479 280 19
480 280 19
481 280 27
482 281 3
483 281 3
483 281 3
484 281 7
485 281 7
485 281 7
486 281 13
487 281 15
487 281 15
488 281 15
489 281 6
489 281 6
490 281 6
491 281 0
491 280 8
491 279 8
492 279 8
493 279 5
493 278 8
493 277 26
494 277 10
495 277 10
495 276 10
495 275 31
495 275 31
495 274 31
495 273 42
496 273 18
496 272 18
497 271 26
497 271 26
497 270 36
497 269 36
497 268 30
497 267 30
497 267 30
497 266 25
497 265 22
498 265 8
498 264 8
498 263 15
499 262 5
499 261 9
499 261 9
499 260 9
499 259 10
499 259 10
499 258 10
499 257 10
499 257 10
499 256 10
499 255 10
499 255 10
499 254 14
499 253 12
499 253 12
499 252 12
499 251 5
499 251 5
498 250 15
498 249 5
497 249 17
497 248 17
497 247 0
495 247 9
495 247 9
495 247 9
494 247 9
493 247 17
493 246 0
493 245 0
492 245 1
491 245 1
491 245 1
490 245 8
489 245 8
489 245 8
488 245 14
487 245 14
487 245 14
487 245 14
Stop
New Slice
Start
479 236 36
479 237 36
479 237 36
480 237 36
481 237 32
482 237 21
483 237 21
484 237 16
485 237 16
486 237 13
487 237 14
487 237 14
488 237 14
489 237 11
490 237 11
491 237 5
491 237 5
493 237 0
493 237 0
494 237 0
495 237 0
495 237 0
496 237 0
497 237 0
497 237 0
498 237 0
499 237 0
499 237 0
500 237 0
501 237 0
501 237 0
501 237 0
502 237 0
503 237 0
504 238 0
505 238 3
505 238 3
506 238 12
507 239 12
507 239 12
508 239 19
508 239 19
509 239 19
509 240 18
510 240 26
510 241 26
511 241 26
511 241 26
511 242 10
512 242 10
512 243 0
513 243 6
513 243 6
513 244 6
513 245 11
513 245 11
514 245 11
514 246 11
514 247 17
514 247 17
514 248 24
514 249 24
514 249 24
514 250 29
515 251 52
515 251 52
515 252 47
515 253 47
515 253 47
515 254 43
515 255 42
515 255 42
515 256 42
515 257 47
515 257 47
515 258 47
515 259 47
515 259 47
516 260 39
516 261 39
516 261 39
516 262 36
516 263 36
516 263 36
516 264 36
516 265 36
516 265 36
516 266 43
516 267 44
516 268 44
516 269 39
516 270 39
516 271 35
516 272 28
516 273 28
517 274 38
517 275 38
517 275 38
517 276 34
517 277 34
517 277 34
517 278 25
517 279 16
517 279 16
518 279 33
518 281 20
519 281 20
519 283 15
519 283 15
519 283 15
520 285 18
521 285 18
521 286 2
521 287 2
521 287 2
521 288 0
522 289 11
522 290 2
523 291 20
523 292 20
523 293 14
523 293 14
524 294 14
524 295 11
524 296 14
524 297 14
525 297 27
525 298 28
525 299 28
525 299 28
525 300 22
525 301 22
525 302 22
525 303 22
525 304 22
525 305 19
525 305 19
526 306 19
526 307 18
526 307 18
526 308 11
526 309 11
527 309 31
527 310 35
527 311 35
527 311 35
527 312 31
527 313 31
527 313 31
527 314 21
527 315 17
527 315 17
527 317 12
527 317 12
527 318 12
527 319 14
527 319 14
527 320 14
527 321 14
527 321 14
527 322 11
527 323 11
527 323 11
527 324 8
527 325 8
527 325 8
527 326 5
527 327 5
527 327 5
527 328 5
527 329 1
527 330 1
527 331 3
527 331 3
527 332 7
527 333 7
526 333 0
526 335 0
526 335 0
525 337 0
525 337 0
525 338 11
524 339 12
523 339 12
523 340 12
523 341 24
523 341 24
522 341 11
521 342 3
521 343 29
521 343 29
521 343 29
520 343 29
520 344 38
519 345 28
519 345 28
519 345 28
518 345 28
517 346 38
516 346 22
515 347 22
514 347 8
513 348 33
512 348 27
511 348 27
511 348 27
510 349 22
509 349 9
508 349 9
507 349 0
507 349 0
506 349 0
505 350 10
505 350 10
504 350 3
503 351 29
502 351 26
501 351 26
501 351 26
500 351 23
499 351 23
499 352 23
498 352 12
497 352 0
496 352 0
495 353 24
495 353 24
494 353 24
493 353 18
493 353 18
492 353 13
491 353 13
491 353 13
489 353 13
489 354 13
489 354 13
488 354 17
487 354 17
487 354 17
486 354 20
485 354 18
485 354 18
484 354 18
483 354 16
483 354 16
482 354 16
481 354 20
481 354 20
480 354 25
479 354 25
479 354 25
478 354 30
477 354 30
477 354 30
476 354 33
475 354 33
474 353 36
473 353 42
473 353 42
473 353 42
471 352 50
471 351 50
470 351 50
469 351 57
469 351 57
468 350 41
468 349 17
467 349 17
467 349 17
467 349 17
466 348 29
466 347 10
465 347 10
465 347 10
465 347 10
464 346 24
463 346 24
463 345 11
463 345 11
462 344 28
461 344 51
461 343 28
461 343 28
460 342 22
459 342 45
459 341 45
459 341 45
459 341 45
458 340 37
458 339 37
457 339 64
457 338 54
457 337 43
456 336 78
455 336 78
455 335 62
455 335 62
455 334 62
455 333 48
455 333 48
455 332 48
455 331 44
455 331 44
456 330 50
457 330 41
457 330 41
458 330 40
459 330 40
459 331 27
459 331 27
460 331 37
461 332 23
461 333 23
461 333 23
462 334 17
463 334 30
463 335 30
463 335 30
463 336 18
465 337 32
466 337 32
467 337 42
467 338 25
468 339 4
469 339 11
469 339 11
471 340 19
471 340 19
472 340 28
473 341 6
473 341 6
475 341 14
475 341 14
475 341 14
476 341 14
477 341 14
477 341 14
478 342 14
479 342 17
479 342 17
480 342 17
481 342 21
481 342 21
482 342 30
483 342 30
483 342 30
484 342 33
485 342 33
486 342 36
487 342 36
487 342 36
488 342 36
489 342 32
489 342 32
490 342 32
491 342 25
491 342 25
492 341 25
493 341 18
493 341 18
495 341 13
495 341 13
496 341 11
497 341 11
497 340 26
497 339 26
498 339 11
499 339 0
499 339 0
500 338 5
501 337 9
501 337 9
502 335 15
503 335 4
503 334 4
503 333 11
503 333 11
503 331 19
503 331 19
503 330 31
503 329 31
503 329 31
503 327 32
503 327 32
503 325 35
503 325 35
503 324 35
504 323 35
504 323 35
504 322 35
504 321 32
504 321 32
504 320 32
504 319 22
504 319 22
504 318 23
504 317 23
504 316 8
504 315 8
504 315 8
504 314 3
504 313 5
504 313 5
504 312 5
504 311 3
504 310 3
504 309 4
504 309 4
504 308 4
504 307 4
504 307 4
504 306 1
503 306 1
503 305 1
503 305 1
503 304 0
503 303 0
503 303 0
502 302 2
501 301 0
501 301 0
501 300 0
500 299 0
499 299 0
499 299 0
498 299 9
497 298 17
496 298 17
496 297 0
495 297 7
495 297 7
495 297 7
494 297 7
493 296 23
492 295 10
491 295 10
491 295 10
490 295 22
489 295 22
489 295 22
488 294 0
487 293 0
486 293 0
485 293 0
485 293 0
484 292 0
483 292 0
482 291 0
481 291 0
481 291 0
479 291 0
479 291 0
477 291 0
477 291 0
476 291 0
475 290 0
474 290 0
473 290 0
473 290 0
472 290 0
471 290 0
471 290 0
470 290 0
469 290 0
469 290 0
468 290 0
468 289 0
467 289 0
467 289 0
466 289 2
465 289 2
465 288 2
465 288 2
464 287 12
464 287 12
463 287 12
463 286 12
463 285 20
462 285 33
462 284 33
462 283 40
462 283 40
462 282 44
462 281 44
463 281 38
463 281 38
463 280 50
464 280 50
465 280 49
465 280 49
466 280 49
467 280 50
467 280 50
468 280 50
469 280 39
469 280 39
470 280 22
471 280 22
472 280 7
473 281 2
473 281 2
474 281 1
475 281 2
475 281 2
476 281 2
477 281 0
477 281 0
478 281 0
479 281 0
480 281 0
481 281 1
481 281 1
482 281 3
483 281 3
483 281 3
484 281 7
485 281 7
485 281 7
486 281 13
487 281 15
487 281 15
488 281 15
489 281 6
489 281 6
490 281 6
491 281 0
491 280 8
492 280 8
492 279 8
493 279 5
493 278 8
494 277 10
495 277 10
495 276 10
495 276 10
495 275 31
496 275 9
497 275 9
497 274 9
497 274 9
497 273 18
497 273 18
498 273 2
499 272 0
499 271 0
499 271 0
499 270 6
499 269 6
499 269 6
499 268 0
499 267 0
499 267 0
499 266 0
499 265 0
499 265 0
499 264 0
499 263 5
499 263 5
499 262 5
499 261 9
499 261 9
499 260 9
499 259 10
499 259 10
499 258 10
499 257 10
499 256 10
499 255 10
499 255 10
499 255 10
499 254 14
498 254 27
497 253 33
497 252 33
497 252 33
497 251 23
496 251 23
496 251 23
495 250 31
494 249 29
493 249 36
493 249 36
492 249 44
491 249 44
491 248 44
490 248 48
489 248 48
489 248 48
488 247 35
487 247 35
487 247 35
486 247 39
485 247 42
485 247 42
485 247 42
484 247 42
483 247 43
483 247 43
482 247 43
481 247 41
481 246 14
480 246 15
479 246 15
479 245 15
479 245 15
478 245 22
477 244 11
477 243 11
476 243 29
475 243 29
475 242 18
475 241 19
475 241 19
474 240 30
474 239 44
473 239 50
473 238 50
473 237 52
473 237 52
474 236 43
474 235 43
475 235 41
475 235 41
476 235 41
477 235 45
477 235 45
478 235 45
479 235 52
479 236 36
479 236 36
Stop
New Slice
Start
485 237 16
484 237 16
483 237 21
483 237 21
482 237 21
481 237 32
481 237 32
481 237 32
479 237 36
479 238 23
478 239 30
477 239 30
477 239 30
477 239 30
476 240 19
475 241 19
475 241 19
475 242 18
474 243 44
474 244 44
474 245 51
474 245 51
475 245 35
475 247 54
475 247 54
475 247 54
477 247 45
477 248 76
477 249 76
478 249 76
479 249 70
479 249 70
480 249 70
481 249 65
481 249 65
483 249 61
483 249 61
484 249 57
485 249 57
485 249 57
486 249 52
487 249 50
487 249 50
487 249 50
488 249 50
489 249 48
490 249 48
491 249 44
491 250 50
491 250 50
492 250 50
493 250 38
493 251 38
493 251 38
494 251 31
495 252 39
495 252 39
496 253 33
496 253 33
497 254 36
497 255 39
497 255 39
497 256 39
497 256 39
497 257 37
497 257 37
497 258 37
497 259 32
497 260 31
497 261 31
497 261 31
497 262 28
497 263 28
497 263 28
497 264 22
497 265 22
497 265 22
497 266 25
497 267 30
497 268 30
497 268 30
497 269 36
496 269 36
496 270 36
496 271 26
496 271 26
496 272 18
495 272 42
495 273 42
495 273 42
495 274 31
494 275 31
493 275 47
493 276 26
493 277 26
493 277 26
493 277 26
492 278 21
491 279 8
491 279 8
491 280 8
490 281 6
489 281 6
489 281 6
489 281 6
488 281 15
487 281 15
487 281 15
486 281 13
486 282 13
485 282 7
485 282 7
484 282 7
483 282 3
483 282 3
482 281 3
481 281 1
480 281 0
479 281 0
479 280 19
478 280 11
477 280 11
477 280 11
476 280 7
475 280 7
475 280 7
474 280 4
473 280 7
473 280 7
472 280 7
471 280 22
471 280 22
470 281 11
469 281 21
469 281 21
469 282 21
468 282 32
468 283 14
467 283 14
467 284 0
467 285 0
467 285 0
467 286 0
467 287 0
467 287 0
467 288 0
467 289 0
467 289 0
467 290 0
468 291 16
468 291 16
469 292 2
469 292 2
469 293 26
470 293 24
471 293 24
471 294 24
472 294 24
473 294 24
473 295 38
474 295 39
475 295 38
475 295 38
476 295 38
477 296 49
477 296 49
478 296 49
479 296 41
480 296 41
481 296 34
482 296 34
483 296 34
483 296 34
484 296 40
485 296 40
485 296 40
486 296 43
487 297 44
487 297 44
488 297 44
489 297 44
489 297 44
490 297 44
491 297 39
491 297 39
492 297 39
493 297 23
493 297 23
494 297 7
495 298 28
495 298 28
495 299 28
496 299 17
497 299 17
497 300 28
498 301 23
499 301 12
500 303 16
501 303 7
501 303 7
502 304 7
502 305 15
503 305 1
503 307 4
504 307 4
504 308 4
505 308 0
505 309 0
505 309 0
505 310 0
505 311 0
506 311 0
506 311 0
506 312 0
506 313 0
507 314 0
507 315 0
507 315 0
507 316 0
507 317 0
507 317 0
507 318 0
507 319 0
507 319 0
507 320 1
507 321 1
507 321 1
507 322 0
507 323 0
507 323 0
507 324 5
507 325 5
507 325 5
507 326 7
507 327 7
507 327 7
506 328 7
506 329 1
506 329 1
506 330 1
505 331 9
505 331 9
505 331 9
505 332 0
504 333 11
504 333 11
503 334 4
503 334 4
503 335 4
503 335 4
502 335 15
501 336 9
501 337 9
501 337 9
500 337 19
500 338 5
499 338 5
499 339 0
498 339 11
497 340 26
497 340 26
497 341 11
496 341 11
495 341 13
495 341 13
495 342 13
494 342 13
493 342 18
493 342 18
492 343 1
491 343 1
491 343 1
490 343 5
489 343 5
489 343 5
488 343 10
487 343 10
487 343 10
486 343 12
485 343 11
485 343 11
484 343 11
483 343 8
483 343 8
482 343 8
481 343 0
481 343 0
480 343 0
479 343 0
479 342 17
478 342 14
477 342 14
477 341 14
477 341 14
476 341 14
475 340 32
474 339 32
473 339 28
473 339 28
473 339 28
472 338 44
471 337 51
471 337 51
470 337 51
469 337 53
469 337 53
468 336 42
467 335 56
467 335 56
466 335 45
466 335 45
465 335 45
465 335 45
464 334 30
464 333 42
463 333 42
463 333 42
462 333 36
461 333 23
461 332 23
460 331 37
459 331 27
459 331 27
458 331 27
457 330 41
457 330 41
456 330 50
456 331 44
456 332 48
456 333 48
455 333 48
455 333 48
455 334 62
455 335 62
455 335 62
455 336 78
455 337 78
455 337 78
455 338 83
455 339 86
455 340 86
455 341 85
456 341 85
457 341 69
457 342 69
457 343 78
458 343 55
458 344 74
459 345 74
459 345 74
459 345 74
460 345 51
460 346 60
461 346 60
461 347 60
461 347 60
462 347 42
463 348 42
463 348 42
464 349 42
465 349 29
465 349 29
466 350 47
467 350 41
467 350 41
468 351 57
469 351 57
469 351 57
469 351 57
470 351 50
471 351 50
471 351 50
472 352 36
473 352 36
473 352 36
474 352 22
475 352 17
475 352 17
476 352 17
477 352 18
477 352 18
478 352 18
479 352 15
480 352 15
481 352 8
482 352 0
483 352 0
484 352 0
485 352 0
485 352 0
486 352 0
487 352 0
487 352 0
488 352 0
489 352 0
489 352 0
490 352 0
491 352 0
492 352 0
493 352 0
494 352 0
495 352 0
496 352 0
497 352 0
497 352 0
498 352 12
499 352 23
499 352 23
500 352 23
501 352 26
501 352 26
502 352 26
503 352 29
503 352 29
504 352 29
505 352 34
505 351 34
506 351 36
507 351 36
507 350 22
508 350 32
509 350 32
509 349 9
509 349 9
510 349 22
511 349 27
511 348 27
511 348 27
512 348 27
513 347 8
514 347 8
514 347 8
515 346 22
516 346 22
516 345 2
517 345 18
518 345 28
519 344 28
519 344 28
519 343 15
520 343 29
521 343 29
521 342 3
522 342 11
523 341 24
523 341 24
523 341 24
524 340 12
525 339 29
525 339 29
526 339 29
526 338 11
527 337 14
527 337 14
527 337 14
527 336 14
527 335 12
527 335 12
527 334 12
527 333 7
527 333 7
528 333 28
528 332 28
528 331 23
528 331 23
528 330 20
528 329 20
528 329 20
528 328 27
528 327 27
528 327 27
528 326 28
528 325 32
528 325 32
528 324 32
528 323 34
528 323 34
528 322 34
528 321 38
528 321 38
528 320 38
528 319 35
528 319 35
528 318 30
528 317 30
528 317 30
528 316 35
528 315 35
528 315 35
528 314 38
528 313 45
528 312 45
528 311 46
528 311 46
528 310 46
528 309 43
528 309 43
528 308 43
528 307 45
528 307 45
528 306 45
528 305 45
528 305 45
528 303 43
528 303 43
528 302 45
527 301 39
527 301 39
527 299 42
527 298 42
526 297 27
526 297 27
526 296 27
526 295 22
525 295 22
525 294 30
525 294 30
525 293 30
524 292 20
524 291 20
524 291 20
524 290 21
523 289 32
523 287 39
523 287 39
523 286 39
522 285 30
522 285 30
521 284 18
521 283 27
521 282 29
521 281 29
521 281 29
520 281 29
519 280 33
519 279 33
519 279 33
519 278 40
519 277 43
519 277 43
519 276 43
518 276 43
518 275 46
517 275 38
517 274 38
517 273 45
517 273 45
517 272 45
517 271 51
516 271 35
515 271 35
515 270 39
515 269 39
515 268 44
515 267 44
515 267 44
515 266 43
515 265 36
515 265 36
514 264 23
514 263 27
514 262 27
514 261 33
514 261 33
514 260 33
514 259 38
514 259 38
514 258 34
514 257 34
513 257 34
513 257 34
513 256 33
513 255 33
513 255 33
513 254 32
513 253 31
513 253 31
513 252 31
513 251 29
513 251 29
513 250 29
513 249 24
513 249 24
513 248 24
512 248 7
512 247 4
512 247 4
511 246 0
511 245 0
511 245 0
511 244 0
511 244 0
511 243 0
511 243 0
511 242 10
510 242 10
510 241 26
509 241 18
509 241 18
509 240 18
509 239 19
509 239 19
508 238 19
508 237 27
507 237 11
507 237 11
506 237 11
505 237 0
505 237 0
504 236 0
503 236 0
503 235 0
502 235 0
501 235 0
501 235 0
500 235 1
499 235 1
499 235 1
498 235 13
497 235 17
497 235 17
496 235 17
495 235 31
495 235 31
494 235 31
493 235 37
493 235 37
492 235 38
491 235 38
491 235 38
490 235 34
489 235 34
488 235 32
488 236 14
487 236 14
487 236 14
486 236 13
485 236 16
485 236 16
484 236 16
484 236 16
Stop
