New Slice
Start
505 300 2
505 301 3
504 302 0
504 303 6
503 303 6
503 303 6
503 304 11
502 304 8
501 305 8
501 305 8
500 305 0
499 305 0
499 305 0
499 305 0
498 306 20
497 306 21
497 306 21
496 306 21
495 306 19
495 307 19
495 307 19
494 307 19
493 307 9
493 307 9
493 307 9
492 307 3
491 307 3
491 307 3
490 307 0
490 308 21
489 308 21
489 309 29
488 309 21
487 309 21
487 309 21
486 309 10
485 309 0
485 309 0
484 310 0
483 310 0
483 310 0
482 310 0
481 310 0
481 311 8
481 311 8
480 311 9
479 311 9
479 311 9
478 311 19
477 311 19
477 310 4
476 310 17
475 309 17
475 309 17
475 309 17
474 308 10
474 307 2
473 307 18
473 307 18
473 307 18
473 306 18
473 305 1
472 305 1
472 305 1
472 304 1
471 303 6
471 303 6
471 302 1
471 301 1
471 301 1
471 301 1
471 300 2
471 299 2
471 299 2
471 298 0
471 297 0
471 297 0
471 296 0
471 295 5
471 295 5
471 294 5
472 294 0
472 293 0
472 293 0
473 293 0
473 292 0
473 291 0
474 291 0
474 291 0
474 290 0
475 289 0
475 289 0
475 288 0
475 287 0
476 287 0
476 287 0
476 286 7
477 285 0
477 285 0
478 284 0
478 283 0
478 283 0
479 283 0
479 282 0
479 281 0
479 281 0
479 281 0
480 281 0
480 280 0
480 279 0
481 279 0
481 279 0
481 278 0
481 277 0
481 277 0
482 276 0
482 275 0
482 275 0
482 274 0
483 273 0
483 272 1
483 271 1
483 271 1
483 269 12
483 269 12
483 268 12
483 267 21
483 267 21
483 266 17
483 265 17
483 265 17
483 264 19
483 263 19
483 263 19
483 262 3
483 261 0
483 261 0
483 260 0
483 259 0
483 259 0
483 258 0
483 257 0
483 257 0
483 256 0
483 255 0
483 255 0
483 254 4
483 253 4
483 253 4
483 252 18
483 251 18
483 251 18
483 250 24
483 249 32
484 249 36
485 249 36
485 249 36
486 249 39
487 249 37
487 249 37
488 249 37
489 248 28
489 247 21
489 247 21
489 246 21
489 245 15
489 245 15
489 244 15
489 243 2
489 243 2
489 242 0
489 241 0
489 241 0
489 240 8
489 239 8
489 239 8
489 238 20
489 237 27
489 236 27
489 235 24
490 235 24
490 234 24
491 233 23
491 232 23
491 231 33
492 230 25
492 229 25
492 229 25
492 228 26
492 227 26
492 227 26
492 226 27
492 225 36
492 225 36
492 224 36
492 223 32
492 223 32
492 222 32
492 221 26
492 221 26
492 220 26
492 219 28
492 219 28
492 218 22
492 217 22
492 217 22
491 216 26
491 215 26
491 215 26
491 214 18
491 213 10
491 213 10
491 212 10
491 211 3
491 211 3
491 209 0
491 209 0
491 208 0
490 208 2
490 207 2
490 207 2
489 207 2
489 206 0
489 205 0
489 205 0
489 204 0
489 203 0
489 203 0
488 202 6
488 201 6
487 201 6
487 200 6
487 199 11
487 199 11
487 198 11
487 197 0
487 197 0
487 196 5
487 195 5
487 195 5
487 194 3
487 193 3
487 192 1
487 191 1
487 191 1
487 190 0
487 189 1
487 189 1
487 188 1
487 187 0
487 187 0
487 186 0
487 185 4
487 185 4
487 185 4
487 184 14
487 183 14
487 183 14
488 183 14
488 182 25
488 181 25
488 181 25
488 180 27
489 180 3
489 179 3
489 179 3
489 178 11
489 177 13
489 177 13
489 176 13
489 175 7
489 175 7
489 174 7
489 173 1
489 173 1
489 172 7
489 171 7
489 171 7
489 170 9
489 169 9
489 169 9
489 168 13
489 167 16
489 167 16
489 166 16
490 165 19
491 165 4
491 164 4
492 163 8
492 163 8
492 162 8
493 162 0
493 161 0
493 161 0
493 160 3
493 160 3
494 159 0
495 159 0
495 159 0
495 159 0
496 159 0
497 158 2
497 158 2
498 158 8
499 158 15
499 158 15
500 158 15
501 158 22
501 159 0
502 159 0
503 159 10
503 159 10
503 159 10
503 160 10
504 160 10
504 161 0
505 161 18
505 162 5
505 163 5
505 163 5
505 164 0
505 165 0
505 165 0
505 166 0
505 167 0
505 167 0
505 168 0
505 169 0
506 169 0
506 169 0
506 170 0
506 171 0
506 171 0
506 172 0
506 173 0
506 173 0
506 174 0
506 175 0
506 175 0
506 176 0
506 177 0
506 177 0
506 178 4
506 179 4
506 179 4
506 180 4
506 181 14
506 181 14
506 182 14
506 183 12
506 183 12
506 184 12
506 185 11
506 185 11
506 186 16
506 187 16
506 187 16
506 188 17
506 189 17
506 189 17
506 190 16
506 191 21
506 191 21
506 192 21
506 193 13
506 193 13
506 194 13
506 195 10
506 195 10
506 196 10
506 197 27
506 197 27
506 198 22
506 199 22
506 199 22
506 200 22
505 200 20
505 201 20
505 201 20
505 202 19
505 203 22
505 203 22
505 204 22
505 205 24
505 205 24
505 206 24
505 207 37
505 207 37
504 207 16
504 208 16
504 209 15
504 209 15
504 210 17
504 211 17
504 211 17
504 212 17
504 213 17
504 213 17
504 214 17
504 215 10
504 215 10
504 216 10
504 217 6
504 217 6
504 218 6
504 219 12
504 219 12
504 220 16
504 221 16
504 221 16
504 222 7
504 223 7
504 223 7
504 224 8
504 225 8
504 225 8
504 226 9
504 227 7
504 227 7
504 228 7
504 229 4
504 229 4
504 230 4
504 231 4
504 231 4
504 232 0
504 233 0
504 233 0
504 234 2
504 235 2
504 235 2
504 236 0
504 237 0
504 237 0
504 239 0
504 239 0
504 240 0
505 240 15
505 241 8
505 241 8
505 242 8
505 243 0
505 243 0
505 244 0
505 245 0
505 245 0
505 246 0
506 246 10
506 247 10
507 247 10
507 247 10
507 248 0
507 249 0
508 249 20
508 250 12
509 251 10
509 251 10
509 253 5
509 253 5
509 254 5
510 255 18
510 255 18
510 256 15
510 257 15
510 257 15
510 258 14
510 259 14
510 259 14
510 261 9
510 262 6
510 263 7
510 264 7
510 265 11
510 266 11
510 267 11
510 267 11
510 268 1
510 269 1
510 269 1
510 270 5
510 271 5
510 271 5
510 272 0
510 273 0
510 273 0
510 274 0
510 275 5
510 275 5
510 276 5
510 277 5
510 277 5
510 278 5
510 279 0
510 279 0
510 280 0
510 281 0
510 281 0
510 282 0
510 283 0
510 284 0
509 285 0
509 286 0
509 287 0
509 287 0
509 288 0
509 289 0
509 290 0
509 291 0
508 291 0
508 292 0
508 293 0
508 293 0
508 294 0
507 295 0
507 295 0
507 295 0
507 296 0
507 297 10
507 297 10
507 298 10
506 299 14
506 299 14
506 300 14
506 301 15
505 301 3
505 301 3
Stop
New Slice
Start
501 305 8
500 305 0
499 305 0
499 305 0
498 305 0
497 306 21
497 307 21
496 307 21
495 307 19
495 307 19
495 307 19
494 307 19
493 307 9
493 307 9
492 307 3
491 307 3
490 308 21
489 308 21
489 309 29
489 309 29
488 309 21
487 309 21
487 309 21
487 309 21
487 310 21
486 310 10
485 310 0
485 310 0
485 311 19
484 311 19
483 311 10
483 311 10
482 311 10
481 311 8
480 311 9
480 310 0
479 310 0
479 310 0
478 310 4
478 309 4
477 309 4
477 309 4
477 309 4
476 309 17
476 308 0
475 307 0
475 307 0
474 307 2
474 306 2
473 305 1
473 305 1
473 305 1
473 304 1
472 304 1
472 303 0
472 303 0
471 302 1
471 301 1
471 301 1
471 300 2
471 299 2
471 299 2
471 298 0
471 297 0
471 297 0
471 296 0
471 295 5
471 295 5
471 294 5
471 293 3
471 293 3
471 292 3
471 291 8
471 291 8
472 290 8
472 289 8
473 289 8
473 288 22
473 287 22
473 287 22
473 286 35
473 285 35
473 285 35
473 284 36
474 283 32
474 283 32
475 282 13
475 281 18
475 281 18
475 280 18
475 279 25
475 279 25
475 279 25
475 278 26
475 277 26
476 277 26
476 276 33
476 275 33
477 275 28
477 275 28
477 274 22
477 273 22
477 273 22
477 272 27
477 271 32
477 271 32
477 270 32
477 269 26
477 269 26
477 268 26
477 267 26
477 267 26
478 267 26
478 266 23
478 265 23
479 265 34
479 265 34
479 264 28
479 263 28
479 263 28
479 262 27
479 261 23
479 261 23
480 260 23
480 259 32
480 259 32
481 259 15
481 258 15
481 257 25
481 257 25
481 256 25
481 255 28
481 255 28
482 255 0
482 254 4
483 253 4
483 253 4
483 253 4
483 252 18
484 252 10
485 252 10
485 251 10
486 251 7
486 251 7
487 251 15
487 250 37
488 249 37
489 249 28
489 248 28
489 247 21
489 247 21
490 246 21
490 245 15
490 244 15
490 243 2
490 243 2
490 242 0
490 241 0
491 241 0
491 240 0
491 239 0
491 239 0
492 238 0
492 237 9
492 237 9
493 236 0
493 235 0
493 235 0
493 235 0
493 234 0
494 233 0
494 233 0
494 232 0
494 231 0
494 231 0
494 230 2
494 229 2
494 229 2
494 228 0
494 227 0
494 227 0
495 226 3
495 225 2
495 225 2
495 224 2
495 223 7
495 223 7
495 222 7
495 221 3
495 221 3
495 220 3
495 219 0
495 219 0
495 218 0
494 218 0
494 217 0
494 217 0
494 216 0
493 215 3
493 215 3
493 214 0
493 213 0
493 213 0
493 212 0
493 211 0
492 211 3
492 211 3
492 209 0
491 209 0
491 208 0
491 207 0
491 207 0
490 206 0
490 205 0
490 205 0
490 204 0
490 203 0
490 203 0
490 202 0
490 201 0
489 201 0
489 201 0
489 200 0
489 199 0
489 199 0
489 198 0
489 197 0
489 197 0
489 196 0
488 195 5
488 195 5
488 194 3
488 193 3
488 193 3
488 192 1
488 191 1
488 191 1
488 190 0
488 189 1
488 189 1
488 188 1
488 187 0
488 187 0
488 186 0
488 185 4
488 185 4
488 184 14
488 183 14
488 183 14
488 182 25
488 181 25
489 181 0
489 181 0
489 180 3
489 179 3
489 179 3
489 179 3
489 178 11
489 177 13
489 177 13
489 176 13
489 175 7
489 175 7
489 174 7
489 173 1
489 173 1
489 172 7
489 171 7
489 171 7
489 170 9
489 169 9
489 169 9
489 168 13
489 167 16
489 167 16
489 166 16
489 165 19
489 165 19
489 164 19
489 163 24
489 163 24
489 162 24
489 161 22
489 161 22
489 160 19
489 159 19
490 159 19
490 159 19
491 158 24
491 158 24
492 158 24
493 157 23
494 157 17
495 157 17
495 157 17
496 157 2
497 157 2
498 157 8
499 157 15
499 158 15
499 159 0
500 159 0
500 159 0
501 159 0
501 160 0
501 161 0
502 161 0
503 161 0
503 161 0
503 161 0
503 162 0
504 162 0
505 163 5
505 163 5
505 163 5
505 164 0
506 164 12
506 165 12
506 165 12
506 166 1
507 167 1
507 167 1
507 168 0
507 169 0
507 169 0
507 170 0
507 171 0
507 171 0
507 172 0
507 173 0
507 173 0
507 174 0
507 175 0
507 175 0
507 176 0
507 177 0
507 177 0
507 178 4
507 179 4
507 179 4
507 180 4
507 181 14
507 181 14
507 182 14
507 183 12
507 183 12
506 184 12
506 185 11
506 185 11
506 186 16
506 187 16
506 187 16
506 188 17
506 189 17
506 189 17
505 189 7
505 190 8
505 191 12
505 191 12
505 192 12
505 193 14
505 194 14
505 195 16
505 195 16
505 196 16
505 197 28
505 197 28
505 198 23
505 199 23
504 199 19
504 200 12
504 201 12
504 202 14
504 203 18
504 203 18
503 204 18
503 205 13
503 205 13
503 206 13
503 207 16
503 207 16
503 208 16
503 209 15
503 210 17
503 211 17
503 211 17
503 212 17
503 213 17
503 213 17
503 214 17
503 215 10
502 216 0
502 217 0
502 217 0
502 218 0
502 219 6
502 219 6
502 220 0
502 221 0
502 221 0
502 222 0
502 223 0
502 223 0
502 224 0
502 225 0
502 225 0
502 226 0
503 227 7
503 228 7
503 229 4
503 229 4
503 230 4
503 231 4
504 231 4
504 231 4
504 232 0
505 233 7
505 233 7
505 234 4
505 235 4
505 235 4
505 235 4
505 236 9
505 237 9
505 237 9
505 238 5
505 239 15
505 239 15
505 240 15
505 241 8
505 241 8
505 242 8
506 242 16
506 243 18
506 243 18
506 244 18
506 245 18
506 245 18
506 246 10
506 247 10
506 247 10
506 248 0
506 249 0
506 249 0
506 250 0
507 251 0
507 251 0
507 252 0
507 253 0
507 253 0
507 254 0
507 255 0
507 255 0
507 256 0
507 257 0
507 257 0
507 258 0
507 259 0
507 259 0
507 260 0
507 261 0
507 261 0
507 262 0
507 263 0
507 263 0
507 264 0
507 265 0
507 265 0
507 266 0
507 267 0
507 267 0
507 268 0
507 269 0
507 269 0
507 271 0
507 271 0
507 272 0
507 273 0
507 273 0
507 274 0
507 275 0
507 275 0
507 276 0
507 277 0
507 277 0
507 278 0
507 279 0
507 279 0
507 280 0
507 281 0
507 281 0
507 282 0
507 283 0
507 283 0
507 284 0
507 285 0
507 285 0
507 286 0
507 287 0
507 287 0
507 289 0
507 289 0
507 289 0
507 290 0
506 291 0
506 291 0
506 292 0
506 293 0
506 293 0
506 294 0
505 295 0
505 295 0
505 296 0
505 297 0
505 297 0
505 298 0
504 299 0
504 299 0
504 300 0
504 301 0
504 301 0
504 302 0
503 302 0
503 303 6
503 303 6
503 304 11
503 304 11
Stop
New Slice
Start
504 300 0
503 300 0
503 301 0
501 301 0
501 301 0
500 302 0
499 302 0
499 302 0
499 303 0
498 303 0
497 303 0
497 303 0
496 303 0
495 303 0
495 304 0
494 305 0
493 305 0
493 305 0
491 305 0
491 305 0
490 306 0
489 307 0
489 307 0
488 307 0
487 307 0
487 308 10
486 309 10
485 309 0
485 309 0
485 309 0
484 309 0
483 309 0
483 309 0
482 309 0
481 309 0
481 309 0
480 309 0
479 309 0
479 309 0
478 309 4
477 309 4
477 309 4
476 309 17
475 309 17
475 308 0
474 307 2
473 307 18
473 307 18
473 306 18
473 305 1
473 305 1
473 304 1
472 304 1
472 303 0
472 303 0
472 302 0
472 301 0
472 301 0
472 300 0
472 299 0
472 299 0
472 298 0
472 297 0
472 297 0
472 296 0
473 296 0
473 295 0
473 295 0
473 294 0
473 293 0
473 293 0
473 292 0
473 291 0
474 291 0
474 290 0
474 289 0
474 289 0
475 288 0
475 287 0
475 287 0
475 286 7
475 285 7
476 284 16
476 283 13
476 283 13
476 282 13
476 281 18
477 281 12
477 280 12
477 279 15
477 279 15
477 278 22
477 277 22
477 277 22
477 276 28
477 275 28
477 275 28
477 274 22
477 273 22
477 273 22
478 272 27
478 271 32
478 271 32
478 270 32
478 269 26
478 269 26
478 268 26
478 267 26
479 267 31
479 267 31
479 266 34
479 265 34
479 265 34
479 264 28
479 263 28
479 263 28
479 262 27
479 261 23
479 261 23
479 260 23
479 259 32
480 259 32
480 259 32
480 258 32
480 257 32
480 257 32
480 256 32
480 255 32
481 255 28
481 254 33
481 253 33
481 253 33
481 253 33
482 252 18
483 251 18
483 251 18
484 251 10
484 251 10
485 251 10
485 251 10
485 250 27
486 250 31
487 249 37
487 249 37
487 249 37
488 248 37
488 247 36
489 247 21
489 247 21
489 246 21
489 245 15
489 245 15
489 245 15
489 244 15
489 243 2
490 243 2
490 242 0
491 241 0
491 241 0
491 240 0
491 239 0
491 238 0
492 237 9
492 237 9
492 236 9
493 236 0
493 235 0
493 235 0
493 234 0
493 233 7
494 233 0
494 232 0
494 231 0
494 231 0
495 231 0
495 230 2
495 229 2
495 229 2
495 228 0
495 227 0
494 227 0
494 227 0
493 226 15
493 225 23
493 225 23
493 224 23
493 223 21
492 223 32
492 222 32
492 221 26
492 221 26
492 220 26
492 219 28
491 219 28
491 218 22
491 217 22
491 217 22
491 216 26
491 215 26
491 215 26
491 214 18
491 213 10
491 213 10
491 212 10
491 211 3
491 211 3
491 210 3
491 209 0
490 209 15
490 209 15
490 208 2
490 207 2
490 207 2
490 206 0
489 205 0
489 205 0
489 204 0
489 203 0
489 203 0
489 203 0
489 202 0
489 201 0
489 201 0
489 200 0
489 199 0
489 199 0
489 198 0
489 197 0
489 197 0
489 196 0
489 195 0
489 195 0
489 194 0
489 193 0
489 193 0
489 192 0
489 191 0
489 191 0
489 190 0
489 189 0
489 189 0
489 188 0
489 187 0
489 186 0
489 185 0
489 185 0
489 184 0
489 183 0
489 182 0
489 181 0
489 181 0
489 180 3
489 179 3
489 179 3
489 178 11
489 177 13
489 177 13
489 176 13
489 175 7
489 175 7
489 174 7
489 173 1
489 173 1
490 173 1
490 172 7
490 171 7
490 171 7
491 171 0
491 170 0
491 169 0
491 169 0
491 168 0
491 168 0
491 167 3
491 167 3
492 166 3
492 165 4
492 165 4
493 164 0
493 163 0
493 163 0
493 162 0
494 161 0
494 161 0
495 160 0
495 159 0
495 159 0
496 158 2
496 157 2
497 157 2
497 157 2
497 157 2
498 157 8
499 157 15
500 158 15
501 158 22
502 158 22
503 158 32
503 158 32
503 159 10
504 159 10
504 159 10
505 159 29
505 159 29
505 160 29
506 161 30
507 161 30
507 162 18
507 163 18
507 163 18
507 164 12
507 165 12
507 165 12
507 167 1
507 167 1
507 168 0
507 169 0
507 169 0
507 170 0
507 171 0
507 171 0
507 172 0
507 173 0
507 174 0
507 175 0
507 175 0
507 176 0
507 177 0
507 177 0
507 178 4
507 179 4
507 179 4
507 180 4
507 181 14
507 181 14
507 182 14
507 183 12
507 183 12
507 184 12
507 185 11
506 185 11
506 186 16
506 187 16
506 187 16
506 188 17
506 189 17
506 189 17
505 189 7
505 190 8
505 191 12
505 191 12
505 192 12
505 193 14
505 193 14
505 194 14
505 195 16
505 195 16
505 196 16
505 197 28
505 197 28
505 198 23
505 199 23
505 199 23
505 200 20
505 201 20
505 201 20
505 202 19
505 203 22
505 203 22
505 204 22
505 205 24
505 205 24
505 206 24
504 207 16
504 208 16
503 209 15
503 209 15
503 210 17
503 211 17
503 211 17
503 212 17
503 213 17
503 213 17
503 214 17
503 215 10
503 215 10
503 216 10
503 217 6
503 217 6
503 218 6
503 219 12
503 219 12
503 220 16
503 221 16
503 221 16
503 222 7
503 223 7
503 223 7
503 224 8
503 225 8
503 225 8
503 226 9
503 227 7
503 227 7
503 228 7
503 229 4
503 229 4
503 230 4
503 231 4
503 231 4
503 232 0
503 233 0
503 233 0
503 234 2
504 235 2
504 235 2
504 236 0
504 237 0
504 237 0
505 238 5
505 239 15
505 239 15
505 240 15
505 241 8
505 241 8
505 242 8
505 242 8
505 243 0
505 243 0
505 244 0
505 245 0
505 245 0
505 246 0
505 247 0
506 248 0
506 249 0
506 249 0
506 250 0
507 250 0
507 251 0
507 251 0
507 252 0
507 253 0
507 253 0
507 254 0
507 255 0
507 255 0
507 256 0
507 257 0
507 257 0
507 258 0
507 259 0
507 259 0
507 260 0
507 261 0
507 261 0
507 262 0
507 263 0
507 264 0
507 265 0
507 265 0
507 266 0
507 267 0
507 267 0
507 268 0
507 269 0
507 269 0
507 270 0
507 271 0
507 271 0
507 272 0
507 273 0
507 273 0
507 274 0
507 275 0
507 275 0
507 276 0
507 277 0
507 277 0
507 278 0
506 279 0
506 279 0
506 280 0
506 281 0
506 282 0
506 283 0
506 283 0
505 284 0
505 285 0
505 285 0
505 286 0
505 287 0
505 287 0
505 288 0
505 288 0
505 289 0
505 289 0
505 290 0
505 291 0
505 291 0
505 292 0
505 293 0
505 293 0
505 294 0
505 295 0
505 295 0
505 296 0
505 297 0
505 297 0
505 298 0
505 299 2
504 299 0
504 300 0
504 301 0
504 301 0
504 302 0
503 303 6
503 303 6
Stop
