New Slice
Start
533 201 23
533 201 23
532 201 23
531 201 18
531 201 18
530 201 18
529 201 12
529 201 12
528 201 12
528 202 13
528 203 7
528 203 7
528 204 7
528 205 4
528 205 4
528 206 4
528 207 7
528 207 7
528 208 7
528 209 4
528 209 4
529 209 4
529 210 2
529 210 2
529 211 2
529 211 2
529 212 0
529 213 0
529 213 0
529 214 3
529 215 1
529 215 1
529 216 1
530 217 0
530 217 0
530 218 0
530 219 4
530 219 4
530 220 4
530 221 4
530 221 4
530 222 5
530 223 5
530 223 5
530 224 10
530 225 10
530 225 10
530 226 10
529 227 19
529 227 19
529 228 19
529 229 23
529 229 23
529 229 23
529 230 23
529 231 24
529 231 24
528 232 26
528 233 26
528 233 26
528 234 26
527 234 37
527 235 37
527 235 37
526 236 23
525 237 23
525 237 23
524 237 26
523 237 26
523 237 26
523 238 9
522 238 11
521 238 23
520 238 23
519 238 32
519 238 32
518 238 32
517 238 27
517 238 27
516 238 16
515 238 16
515 238 16
514 238 11
513 237 37
513 237 37
512 237 29
512 237 29
511 237 29
510 236 27
509 235 53
509 235 53
509 235 53
509 234 53
508 234 53
508 233 47
508 233 47
507 233 38
507 232 38
507 231 45
507 231 45
507 230 47
507 229 47
506 229 47
506 229 47
505 228 41
505 227 41
505 227 41
505 226 41
505 225 43
505 225 43
505 224 43
505 223 35
505 223 35
505 222 35
506 221 36
506 220 36
507 220 36
507 219 27
508 219 40
509 219 40
509 218 29
510 218 29
510 217 29
511 217 36
511 217 36
512 217 36
512 216 25
513 216 40
513 215 40
513 215 40
514 215 40
515 214 41
515 213 43
515 213 43
515 212 43
515 211 34
515 211 34
515 210 34
516 209 40
516 209 40
516 208 37
515 207 37
515 207 37
515 207 37
515 206 42
514 206 34
513 206 34
513 205 34
512 205 33
511 205 33
511 205 33
509 205 44
508 205 44
507 205 47
507 205 47
506 205 47
505 205 49
503 205 53
503 206 53
502 207 49
501 207 49
501 207 49
500 207 48
499 207 48
499 207 48
498 207 51
497 207 62
497 208 62
496 209 45
495 209 56
495 209 56
494 209 56
494 210 44
493 211 51
493 211 51
493 211 51
492 212 65
492 213 65
492 213 65
491 214 62
491 215 63
491 215 63
491 216 63
491 217 55
490 217 72
490 217 72
490 218 72
490 219 77
490 219 77
490 220 72
490 221 72
490 221 72
490 222 64
490 223 64
490 223 64
490 224 65
490 225 65
490 225 65
490 226 59
490 227 61
490 227 61
490 228 61
491 228 49
491 229 44
491 229 44
491 229 44
491 230 44
492 231 39
493 232 28
493 233 28
493 233 28
493 234 34
493 235 34
493 235 34
493 236 25
493 237 25
493 237 25
493 237 25
492 238 38
491 238 38
491 239 20
491 239 20
490 239 32
489 239 32
488 240 42
487 241 31
487 241 31
486 242 42
485 243 54
485 243 54
485 244 56
485 245 56
485 245 56
485 246 45
485 247 45
485 247 45
485 248 33
485 249 33
485 249 33
485 250 13
485 251 21
485 251 21
485 252 21
485 253 28
485 253 28
485 254 28
485 255 26
485 255 26
485 255 26
485 256 24
485 257 24
486 257 3
487 257 8
487 257 8
488 257 8
489 257 27
489 257 27
490 257 27
491 257 32
491 257 32
492 257 32
493 257 30
493 257 30
493 256 30
494 256 34
495 255 29
495 255 29
496 254 32
497 253 32
498 253 37
498 253 37
499 252 18
499 252 18
500 252 18
501 252 21
501 251 21
501 251 21
502 251 21
503 251 26
503 251 26
503 251 26
504 251 26
505 251 32
505 251 32
506 251 37
507 251 37
507 250 21
507 250 21
508 250 19
509 250 19
509 250 19
510 250 17
511 250 11
511 250 11
512 250 11
513 250 8
513 250 8
514 250 8
515 251 40
515 251 40
516 251 40
517 251 39
517 251 39
517 251 39
519 251 29
519 252 29
520 253 39
521 253 39
521 253 39
521 253 39
522 254 27
522 255 45
523 255 22
523 255 22
523 257 47
524 257 47
524 257 47
524 258 43
525 259 30
525 259 30
525 259 30
525 260 31
525 261 31
525 261 31
526 261 31
526 262 34
527 263 35
527 263 35
527 264 35
527 265 27
527 266 27
527 267 30
527 267 30
528 269 20
528 269 20
528 270 16
528 271 16
528 271 16
528 272 14
528 273 29
528 273 29
528 274 29
528 275 31
529 276 31
529 277 32
529 277 32
529 278 32
529 279 42
529 279 42
529 280 45
529 281 45
529 281 45
529 282 49
529 283 49
530 283 34
530 283 34
530 284 40
530 285 46
530 285 46
530 286 46
530 287 44
530 287 44
531 288 44
531 289 42
531 289 42
531 290 42
531 291 31
531 291 31
531 292 34
531 293 34
531 293 34
531 294 38
531 295 38
531 295 38
531 296 31
531 297 27
531 297 27
531 298 27
531 299 21
531 299 21
531 300 21
531 301 20
530 302 20
529 302 27
529 303 22
529 303 22
529 304 17
529 305 17
529 305 17
528 305 17
528 306 5
527 306 18
527 307 18
527 307 18
527 307 18
527 308 11
526 308 22
526 309 20
525 309 20
525 309 20
525 310 20
525 311 2
524 311 19
524 311 19
523 312 19
523 312 19
523 313 11
522 313 19
522 313 19
521 313 31
521 314 31
521 315 21
520 315 21
519 315 32
519 315 32
518 316 19
517 317 27
517 317 27
516 317 33
515 317 33
515 318 23
515 319 23
514 319 28
513 319 28
513 319 28
513 319 28
512 319 32
511 319 32
511 320 23
510 321 19
509 321 27
509 321 27
508 321 27
507 321 28
507 321 28
506 321 28
505 321 31
505 321 31
505 321 31
504 321 35
503 321 35
503 321 35
502 321 36
501 321 36
501 321 36
500 321 31
499 321 31
498 321 21
497 321 13
497 321 13
496 321 13
495 321 0
495 321 0
494 320 29
493 320 14
493 320 14
492 320 3
491 320 3
491 319 23
490 319 18
489 319 18
489 319 18
488 318 21
487 318 21
487 318 21
486 317 35
485 317 32
485 316 32
484 315 39
483 315 41
483 315 41
483 314 42
482 314 42
481 313 41
481 313 41
481 312 42
480 312 49
480 311 49
479 311 49
479 311 49
478 310 54
478 309 54
477 309 54
477 308 51
477 307 54
476 307 60
476 307 60
476 308 60
476 309 63
476 309 63
477 310 54
477 311 57
478 311 57
479 311 49
479 312 49
479 312 49
479 313 54
480 313 54
480 314 54
481 315 43
481 315 43
481 315 43
482 316 39
482 317 39
483 317 39
483 317 39
483 318 54
484 318 35
484 319 35
485 319 35
485 319 35
486 320 18
487 320 8
487 321 22
488 321 22
488 321 22
489 321 12
489 321 12
490 322 12
491 323 18
492 323 18
493 323 11
493 323 11
494 323 9
495 323 9
495 323 9
496 323 11
497 324 11
498 324 16
499 324 18
499 324 18
500 324 18
501 324 13
501 324 13
502 324 13
503 324 4
503 324 4
504 324 4
505 324 2
505 324 2
506 324 9
507 324 9
507 324 9
508 324 17
509 324 17
509 324 17
510 324 14
511 325 20
511 325 20
512 325 20
513 325 22
513 325 22
514 325 22
515 325 18
515 325 18
516 325 18
517 325 19
517 325 19
518 325 28
519 325 28
519 325 28
520 325 36
521 325 36
521 325 36
522 325 36
523 325 42
523 325 42
524 324 22
525 323 31
525 323 31
526 323 31
527 323 45
527 323 45
527 323 45
528 323 60
529 322 42
529 322 42
529 321 42
530 321 53
531 321 53
531 321 53
532 321 64
533 321 64
533 320 38
533 320 38
534 319 39
534 319 39
535 319 60
535 318 60
536 318 60
537 317 60
537 317 60
538 316 60
539 315 59
539 315 59
539 314 49
539 314 49
539 313 49
540 311 58
541 311 58
541 310 36
541 309 36
541 309 36
541 308 34
541 307 26
541 307 26
541 306 26
542 306 39
542 305 40
543 305 40
543 305 40
543 304 40
543 303 34
543 302 22
543 301 22
543 301 22
543 300 21
543 299 21
543 299 21
543 298 23
543 297 23
543 296 21
543 295 15
543 295 15
543 294 15
543 293 12
543 293 12
543 292 12
543 291 16
543 291 16
543 290 15
543 289 15
543 289 15
543 288 19
543 287 19
543 287 19
543 286 27
543 285 27
543 285 27
543 284 29
543 283 23
543 283 23
543 282 23
543 281 23
543 281 23
543 280 23
543 279 33
543 279 33
543 278 36
543 277 36
543 277 36
543 276 42
543 275 42
543 275 42
543 274 51
543 273 51
543 273 51
543 272 53
543 271 51
543 271 51
543 270 51
542 269 49
542 268 49
541 267 46
541 267 46
541 266 47
541 266 47
541 265 47
541 265 47
541 264 40
540 263 40
540 263 40
539 263 24
539 262 24
539 261 30
539 261 30
539 260 30
539 259 31
539 259 31
539 258 31
539 257 30
539 257 30
539 256 30
539 255 32
539 255 32
539 254 40
538 253 30
538 252 25
538 251 25
537 250 12
537 249 16
537 249 16
537 248 16
537 247 18
537 247 18
537 246 18
537 245 24
537 244 24
537 243 25
537 243 25
537 242 19
537 241 19
537 241 19
537 240 23
537 239 23
537 239 23
537 238 24
537 237 27
537 237 27
537 236 27
537 235 24
537 235 24
537 234 24
537 233 27
537 233 27
537 232 27
537 231 12
537 231 12
537 230 3
537 229 3
537 229 3
537 228 12
537 227 12
537 227 12
537 226 7
537 225 3
537 225 3
537 224 3
537 223 6
537 223 6
537 222 6
537 221 7
537 221 7
537 220 7
537 219 15
537 219 15
537 218 18
537 217 18
537 217 18
537 216 12
537 215 12
537 215 12
537 214 6
537 213 19
537 213 19
537 212 19
537 211 27
537 211 27
537 210 27
537 209 30
537 209 30
537 208 33
537 207 33
537 207 33
536 207 9
536 206 20
536 205 20
536 205 20
535 205 20
535 204 35
535 203 35
535 203 35
535 202 31
535 201 43
535 201 43
535 201 43
535 200 43
535 200 43
Stop
Start
536 203 35
536 202 31
535 202 31
535 201 43
535 201 43
534 201 33
534 201 33
Stop
New Slice
Start
535 201 43
534 201 33
533 201 23
533 201 23
532 201 23
531 201 18
531 201 18
530 201 18
529 201 12
529 202 13
528 203 7
527 203 23
527 203 23
527 204 23
526 205 36
526 205 36
526 207 40
526 207 40
526 208 40
526 209 37
526 209 37
526 210 34
526 211 34
526 211 34
526 212 35
526 213 35
526 213 35
526 214 39
526 215 40
526 215 40
526 216 40
526 217 45
527 217 25
527 218 25
527 219 29
527 219 29
527 220 34
527 221 34
527 221 34
527 222 38
527 223 38
527 223 38
527 224 28
527 225 28
527 225 28
527 226 28
527 227 37
527 227 37
527 228 37
527 229 31
527 229 31
527 230 31
527 231 32
527 231 32
527 232 36
527 233 36
527 233 36
527 234 37
527 235 37
527 235 37
526 235 39
526 236 23
525 237 23
525 237 23
524 237 26
523 238 9
523 239 0
522 239 0
521 239 2
521 239 2
520 239 2
519 239 7
519 239 7
519 240 7
518 240 7
517 240 5
517 240 5
516 240 0
515 240 0
514 240 0
513 240 0
512 240 0
511 240 0
511 239 0
510 239 3
509 239 0
509 238 12
508 238 12
507 237 24
507 237 24
507 237 24
506 236 24
505 236 13
505 235 18
505 235 18
505 235 18
504 234 3
504 233 11
504 233 11
504 232 11
504 231 20
504 231 20
504 230 27
504 229 27
504 229 27
504 228 29
504 227 29
504 227 29
504 226 31
504 225 32
504 225 32
504 224 32
504 223 28
504 223 28
504 222 28
505 221 18
505 221 18
506 220 36
506 219 27
507 219 27
507 219 27
508 219 40
509 219 40
509 218 29
510 217 29
511 217 36
511 217 36
512 217 36
513 216 40
513 215 40
514 215 40
515 214 41
515 213 43
515 213 43
515 212 43
515 211 34
515 211 34
515 210 34
515 209 40
515 209 40
515 208 37
515 207 37
515 207 37
514 207 30
513 207 30
513 206 34
512 206 33
511 206 33
511 206 33
510 206 37
509 206 44
509 206 44
508 206 44
507 206 47
507 206 47
505 206 49
505 207 31
504 207 41
503 207 41
503 208 41
502 208 49
501 209 32
501 209 32
500 209 39
499 210 21
499 211 21
499 211 21
498 211 34
497 213 30
497 213 30
496 213 30
496 214 25
496 215 6
496 215 6
495 217 20
495 217 20
495 219 24
495 219 24
495 220 15
495 221 15
494 221 15
494 221 15
494 222 17
494 223 17
494 223 17
494 224 23
494 225 23
494 225 23
494 226 25
494 227 14
494 227 14
493 229 21
493 229 21
493 231 20
493 231 20
493 232 28
493 233 28
493 233 28
493 234 34
493 235 34
493 235 34
493 236 25
492 237 44
492 237 44
492 238 38
491 239 20
491 239 20
490 240 32
489 241 27
489 241 27
488 242 31
488 243 31
487 243 31
487 244 21
487 245 21
487 245 21
487 245 21
486 246 34
486 247 34
486 247 34
486 248 17
485 249 33
485 249 33
485 250 13
485 251 21
485 251 21
485 253 28
485 253 28
485 254 28
485 255 26
484 255 26
484 255 26
484 256 24
484 257 24
484 257 24
484 258 31
484 259 31
484 259 31
485 259 31
485 260 45
485 260 45
485 261 45
486 261 38
487 261 33
487 261 33
489 261 36
489 261 36
490 261 36
491 261 44
491 261 44
492 261 44
493 261 49
493 260 49
494 259 39
495 259 39
495 259 39
495 258 39
496 257 53
497 256 53
497 255 49
497 254 32
497 253 32
498 253 37
498 252 12
498 251 12
499 251 18
500 249 0
501 249 6
501 249 6
502 248 6
503 248 10
503 248 10
504 248 10
505 248 9
505 248 9
506 248 6
507 248 6
507 248 6
507 249 6
509 249 4
509 249 4
510 249 0
511 249 0
511 249 0
512 249 0
513 249 0
513 250 8
514 250 8
515 250 11
515 251 40
516 251 40
517 251 39
517 251 39
518 251 29
519 251 29
519 252 29
520 252 13
521 252 13
521 253 39
522 253 27
523 253 5
523 254 5
523 254 5
523 255 22
524 255 22
524 255 22
525 256 22
525 257 22
525 257 22
525 257 22
525 258 30
526 259 30
526 259 30
527 259 15
527 260 19
527 261 19
527 261 19
527 262 15
527 263 35
528 263 19
528 263 19
528 264 19
529 265 20
529 265 20
529 266 20
529 267 21
529 267 21
529 268 20
529 269 20
529 269 20
529 270 16
529 271 16
529 271 16
529 272 14
529 273 29
530 273 11
530 274 11
530 275 13
530 275 13
530 276 13
530 277 16
530 277 16
530 278 16
531 279 22
531 279 22
531 280 28
531 281 28
531 281 28
531 282 34
531 283 34
531 283 34
531 285 46
531 285 46
531 286 46
531 287 44
532 287 31
532 287 31
532 288 31
532 289 29
533 289 29
533 290 29
533 291 21
533 291 21
533 292 16
533 293 16
533 293 16
533 294 16
533 295 16
532 295 16
532 296 8
532 297 9
532 297 9
531 298 27
531 299 21
531 299 21
531 301 20
531 301 20
530 302 20
530 303 9
530 303 9
529 304 17
529 305 17
529 305 17
529 306 5
528 307 5
527 307 18
527 308 11
527 309 6
526 309 20
525 310 20
525 311 2
524 311 19
524 312 19
523 313 11
523 313 11
523 313 11
522 314 19
522 315 11
521 315 21
521 315 21
520 316 13
520 317 13
519 317 19
519 317 19
519 317 19
518 317 19
518 318 7
517 319 16
517 319 16
517 319 16
516 319 23
515 320 11
515 320 11
514 320 14
513 321 3
513 321 3
513 321 3
512 321 11
511 321 11
511 322 11
510 322 19
509 322 27
509 323 17
509 323 17
508 323 17
507 323 9
507 323 9
506 323 9
505 323 2
505 323 2
504 323 4
503 323 4
503 323 4
502 323 13
501 323 13
501 323 13
500 323 18
499 323 18
499 322 31
499 322 31
498 322 21
498 321 21
497 321 13
497 321 13
496 321 13
496 320 38
495 320 29
495 319 51
494 319 51
494 319 51
493 319 39
493 318 39
493 318 39
492 318 23
492 317 51
491 317 51
491 317 51
490 317 49
489 316 49
489 315 49
489 315 49
488 315 50
487 314 61
487 313 61
487 313 61
487 313 61
486 313 59
485 312 56
485 311 56
485 311 56
485 311 56
484 311 56
483 310 57
483 310 57
483 309 57
482 309 57
481 308 52
481 308 52
480 307 52
479 307 52
479 307 52
479 306 52
478 306 54
478 305 63
477 305 63
477 305 63
477 304 63
477 306 54
477 307 54
477 308 51
477 309 54
478 310 54
479 310 47
479 311 49
479 311 49
479 312 49
479 313 54
480 313 54
481 314 41
481 315 43
482 316 39
483 317 39
483 317 39
483 317 39
483 318 54
484 318 35
485 319 35
485 319 35
487 319 21
487 319 21
488 320 8
489 320 4
489 320 4
490 320 4
491 321 3
491 321 3
493 321 0
493 321 0
494 321 0
495 321 0
495 321 0
497 322 13
497 322 13
498 322 21
499 322 31
499 323 18
499 323 18
499 323 18
500 323 18
501 323 13
501 323 13
501 324 13
502 324 13
503 324 4
503 324 4
503 325 9
504 325 9
505 325 2
505 325 2
506 325 3
507 325 3
507 325 3
508 325 8
508 326 28
509 326 28
509 326 28
510 326 24
511 326 27
511 326 27
512 326 27
513 326 29
513 326 29
514 326 29
515 326 30
515 326 30
516 326 30
517 326 33
517 325 19
517 325 19
518 325 28
519 325 28
519 325 28
520 325 36
521 324 27
521 324 27
523 323 22
523 323 22
524 323 22
525 323 31
525 322 11
526 322 11
527 322 25
528 321 42
528 321 42
529 321 42
529 321 42
530 320 34
531 320 34
531 320 34
532 319 25
532 319 25
533 319 25
533 318 25
534 317 26
535 317 34
535 317 34
536 316 34
536 315 23
536 315 23
537 315 42
537 314 31
537 314 31
537 313 31
537 313 31
537 312 30
538 312 30
538 311 30
538 311 30
538 310 9
539 309 18
539 309 18
539 308 17
540 307 26
540 307 26
540 306 26
541 305 24
541 304 24
541 303 21
541 303 21
541 302 9
542 301 22
542 301 22
542 299 21
542 299 21
543 299 21
543 298 23
543 297 23
543 297 23
543 296 21
543 295 15
543 295 15
543 294 15
543 293 12
543 293 12
543 292 12
543 291 16
543 291 16
543 290 15
543 289 15
543 289 15
543 288 19
543 287 19
543 287 19
543 286 27
543 285 27
543 285 27
543 284 29
543 283 23
543 283 23
543 282 23
543 281 23
543 281 23
543 280 23
543 279 33
543 279 33
543 278 36
543 277 36
543 277 36
543 276 42
543 275 42
543 275 42
543 274 51
543 273 51
543 273 51
543 272 53
543 271 51
543 271 51
542 270 51
542 269 49
542 269 49
542 268 49
542 267 51
541 267 46
541 265 47
541 265 47
541 263 40
541 263 40
541 262 42
541 261 45
541 261 45
540 260 45
540 259 43
540 259 43
540 258 43
540 257 44
540 257 44
540 256 44
540 255 43
540 255 43
539 254 40
539 253 40
539 253 40
539 252 33
539 251 33
539 251 33
539 250 29
539 249 33
539 249 33
539 248 33
539 247 29
539 246 29
539 245 28
539 245 28
539 244 28
539 243 30
539 243 30
539 242 27
539 241 27
539 241 27
539 240 32
539 239 32
539 239 32
539 238 39
539 237 42
539 237 42
539 236 42
539 235 39
539 235 39
539 234 39
539 233 37
539 233 37
539 232 37
539 231 27
539 231 27
539 230 30
539 229 30
539 229 30
539 228 27
539 227 27
539 227 27
539 226 25
539 225 27
539 224 27
539 223 24
539 223 24
539 222 24
539 221 23
539 221 23
538 221 7
538 220 7
538 219 15
538 219 15
538 218 18
538 217 18
538 217 18
538 216 12
538 215 12
538 215 12
538 214 6
538 213 19
538 213 19
538 212 19
538 211 27
538 211 27
538 210 27
538 209 30
538 209 30
538 208 33
538 207 33
538 207 33
538 206 41
538 205 41
538 205 41
538 204 51
537 204 51
537 203 51
537 203 51
537 202 55
537 201 64
537 201 64
Stop
New Slice
Start
535 201 43
534 201 33
533 201 23
533 202 13
532 202 13
531 203 0
531 203 0
530 204 0
529 205 4
529 205 4
529 206 4
529 207 7
529 207 7
528 208 7
528 209 4
528 209 4
528 210 2
528 211 2
528 211 2
528 213 0
528 213 0
528 214 3
528 215 1
529 215 1
529 215 1
529 217 5
529 217 5
529 218 5
529 218 5
529 219 14
529 219 14
529 220 21
530 221 4
530 221 4
531 221 4
531 222 5
531 223 5
531 223 5
531 224 10
531 225 10
531 225 10
531 226 10
531 227 7
531 227 7
531 228 7
531 229 16
531 229 16
531 230 16
531 231 15
531 231 15
531 232 15
530 232 15
530 233 15
529 233 26
529 235 26
529 235 26
528 235 26
528 236 17
527 237 20
527 237 20
526 237 23
525 237 23
525 238 0
524 238 9
523 238 9
523 238 9
522 238 11
521 238 23
521 238 23
520 238 23
519 238 32
519 238 32
518 238 32
517 238 27
517 238 27
516 238 16
515 238 16
515 238 16
514 238 11
513 238 11
513 238 11
512 238 13
512 237 29
511 237 29
511 237 29
510 237 27
509 237 32
508 236 32
507 236 24
507 235 37
506 235 37
505 235 18
505 234 18
505 234 18
504 233 11
503 233 11
503 233 11
503 232 11
503 231 20
503 231 20
503 230 27
503 229 27
503 229 27
503 228 29
503 227 29
504 227 29
504 226 31
505 226 41
505 225 43
505 225 43
505 224 43
506 224 51
507 223 41
507 223 41
507 223 41
507 222 41
508 222 46
509 221 47
509 221 47
509 221 47
509 220 47
510 220 60
511 219 52
511 219 52
511 219 52
512 219 52
513 218 45
513 218 45
513 217 45
515 217 52
515 217 52
515 216 48
516 215 48
516 215 48
517 214 53
517 213 59
517 213 59
517 212 59
517 211 55
517 211 55
517 210 55
517 209 57
517 209 57
517 208 52
517 208 52
517 207 52
516 207 37
515 206 42
515 206 42
514 206 34
513 206 34
513 205 34
512 205 33
511 205 33
511 205 33
510 205 37
509 205 44
509 205 44
508 205 44
507 205 47
507 205 47
506 205 47
505 205 49
505 205 49
503 205 53
503 205 53
502 206 61
501 207 49
500 207 48
500 207 48
499 207 48
499 208 48
498 209 43
497 209 45
497 210 42
496 210 42
496 211 42
495 211 44
495 212 38
495 213 38
495 213 38
495 214 43
495 215 30
494 215 30
494 216 30
493 217 37
493 218 37
493 219 40
493 219 40
493 220 33
493 221 33
493 221 33
493 222 33
493 223 33
493 223 33
493 224 37
493 225 37
493 225 37
493 226 37
493 227 30
493 227 30
493 228 30
493 229 21
493 229 21
493 230 21
493 231 20
493 231 20
493 232 28
493 233 28
493 233 28
493 234 34
493 235 34
492 235 57
492 236 44
491 236 44
491 237 44
491 237 44
491 238 38
491 239 20
490 239 32
490 239 32
489 240 32
489 241 27
489 241 27
489 242 27
488 242 31
488 243 31
487 243 31
487 244 21
487 245 21
487 246 22
487 247 22
487 247 22
487 248 7
487 249 7
487 250 0
487 251 0
486 252 2
486 253 15
486 253 15
485 254 28
485 255 26
485 255 26
485 256 24
485 257 24
485 257 24
485 258 31
485 259 31
486 259 21
487 259 22
487 259 22
488 259 22
489 259 32
489 259 32
490 258 32
490 257 27
491 257 32
491 257 32
491 257 32
492 257 32
492 256 32
493 256 30
493 255 21
494 255 29
495 255 29
495 254 25
496 253 32
497 253 32
498 253 37
499 253 45
499 252 18
500 252 18
501 252 21
501 251 21
502 251 21
503 251 26
503 251 26
504 251 26
505 251 32
505 251 32
506 251 37
507 251 37
507 251 37
508 251 37
509 251 37
509 251 37
510 251 32
511 251 33
511 251 33
512 251 33
513 251 36
513 251 36
514 251 36
515 251 40
515 251 40
516 252 40
517 252 39
517 253 44
517 253 44
518 253 46
519 253 46
519 253 46
520 253 39
521 254 39
521 255 51
521 255 51
522 255 45
523 255 22
523 256 47
523 256 47
524 257 47
524 257 47
525 257 22
525 258 30
525 258 30
525 259 30
526 259 30
527 259 15
527 260 19
527 261 19
527 261 19
527 262 15
527 263 35
527 263 35
528 264 19
529 265 20
529 265 20
529 266 20
529 267 21
529 267 21
529 268 20
529 269 20
529 269 20
529 270 16
529 271 16
529 271 16
529 271 16
529 272 14
529 273 29
529 273 29
529 274 29
529 275 31
529 275 31
529 276 31
529 277 32
529 277 32
529 278 32
529 279 42
529 279 42
529 280 45
529 281 45
529 281 45
529 282 49
530 283 34
530 283 34
530 284 40
530 285 46
530 285 46
530 286 46
530 287 44
531 287 44
531 288 44
531 289 42
531 289 42
531 290 42
531 291 31
531 291 31
531 292 34
531 293 34
531 293 34
532 295 16
532 295 16
532 296 8
532 297 9
532 297 9
532 298 9
532 299 10
532 299 10
532 300 10
532 301 13
532 301 13
532 302 13
532 303 0
531 303 9
531 304 0
531 304 0
531 305 0
531 305 0
530 305 0
530 306 0
529 306 5
529 307 5
529 307 5
529 308 0
528 308 0
528 309 0
527 309 6
527 310 6
526 311 2
525 312 2
525 312 2
525 313 3
524 313 11
523 313 11
523 314 11
522 314 19
522 315 11
521 315 21
521 315 21
520 315 21
519 315 32
519 316 19
518 316 19
517 317 27
516 317 33
516 317 33
515 317 33
515 318 23
515 318 23
514 318 28
514 319 28
513 319 28
513 319 28
512 320 23
511 320 23
511 321 11
510 321 19
509 321 27
509 321 27
508 321 27
507 322 28
507 322 28
506 322 28
505 322 31
504 322 35
503 322 35
503 322 35
502 322 36
501 322 36
501 322 36
500 322 31
499 322 31
499 322 31
498 321 21
497 321 13
497 321 13
496 321 13
496 321 13
495 321 0
494 321 0
493 320 14
493 319 39
492 319 23
491 319 23
491 319 23
490 319 18
489 319 18
489 318 18
488 317 45
487 317 45
487 317 45
487 317 45
486 316 35
485 315 39
485 315 39
483 315 41
483 314 42
482 313 42
481 313 41
481 313 41
479 312 49
479 311 49
479 311 49
479 311 49
478 311 57
477 310 54
477 311 57
477 311 57
477 312 57
477 313 69
478 313 69
478 313 69
478 314 69
479 315 64
479 315 64
479 315 64
479 316 76
479 317 76
480 317 76
481 317 58
481 318 76
481 319 76
482 319 54
483 320 66
483 320 66
483 321 81
485 321 60
485 321 60
486 322 36
487 322 22
487 323 37
488 323 37
489 323 29
490 323 29
491 323 18
491 323 18
491 323 18
492 323 18
493 323 11
493 323 11
494 323 9
495 323 9
495 323 9
496 323 11
497 323 11
497 323 11
498 323 16
499 323 18
499 323 18
500 323 18
501 323 13
501 323 13
502 323 13
503 324 4
503 324 4
504 325 9
505 325 2
505 325 2
507 325 3
507 325 3
507 325 3
508 325 8
509 325 8
509 325 8
510 325 13
511 325 20
511 325 20
512 325 20
513 325 22
513 325 22
514 325 22
515 325 18
515 325 18
516 325 18
517 325 19
517 325 19
518 325 28
519 325 28
519 325 28
520 325 36
521 325 36
521 324 27
522 324 26
523 324 22
523 324 22
524 323 22
525 323 31
525 323 31
526 322 11
527 322 25
527 322 25
528 321 42
529 321 42
529 321 42
530 321 53
531 320 34
532 320 38
533 319 25
533 319 25
534 319 39
535 319 60
535 318 60
536 318 60
537 318 75
537 317 60
537 317 60
538 317 60
539 316 73
539 315 59
540 315 76
540 314 69
541 313 69
541 313 69
541 312 58
542 311 71
543 311 71
543 310 56
543 309 56
543 309 56
543 308 48
543 307 39
544 307 51
544 307 51
544 306 51
544 305 52
545 305 52
545 304 52
545 303 50
545 303 50
545 302 43
545 301 43
546 301 58
546 300 57
547 300 56
547 299 56
547 299 56
547 298 55
547 297 55
547 297 55
547 296 58
547 295 49
547 295 49
547 294 49
547 293 47
547 293 47
547 292 47
547 291 49
547 291 49
547 290 43
547 289 43
547 289 43
547 288 40
547 287 40
547 287 40
547 286 41
547 285 41
547 285 41
547 284 45
547 283 53
547 283 53
547 282 53
547 281 47
547 281 47
547 281 47
547 280 47
547 279 46
546 279 48
546 278 51
546 277 51
545 277 47
545 277 47
545 276 51
545 275 51
545 275 51
545 274 61
545 273 61
545 273 61
544 273 61
544 272 66
543 271 51
543 271 51
543 270 51
543 270 51
543 269 49
543 269 49
543 268 49
543 267 51
542 267 51
542 266 53
542 265 53
541 265 47
541 264 40
541 263 40
541 263 40
541 263 40
541 262 42
541 261 45
541 261 45
541 260 45
541 259 43
541 259 43
541 258 43
541 257 44
541 257 44
541 256 44
541 255 43
541 255 43
540 254 42
540 253 42
540 253 42
540 252 43
540 251 43
540 251 43
540 250 42
540 249 45
540 249 45
540 248 45
540 247 35
540 247 35
540 246 35
540 245 29
540 244 29
540 243 30
540 243 30
540 242 31
540 241 31
540 241 31
540 240 35
540 239 35
540 239 35
540 238 48
540 237 51
540 237 51
540 236 51
540 235 53
540 235 53
540 234 53
540 233 53
539 233 37
539 232 37
539 231 27
539 231 27
539 230 30
539 229 30
539 229 30
539 228 27
539 227 27
539 227 27
539 226 25
539 225 27
539 225 27
539 224 27
539 223 24
539 223 24
539 222 24
539 221 23
539 221 23
538 220 7
538 219 15
538 219 15
538 218 18
538 217 18
537 217 18
537 216 12
537 215 12
537 215 12
537 214 6
537 213 19
537 213 19
537 212 19
537 211 27
537 211 27
537 210 27
537 209 30
537 209 30
537 208 33
537 207 33
537 207 33
537 206 41
537 205 41
537 205 41
537 204 51
537 203 51
537 203 51
537 202 55
537 201 64
537 201 64
Stop
Start
537 201 64
537 201 64
536 201 43
535 202 31
535 202 31
535 202 31
Stop
