New Layer
Start
1264 783 37
1264 783 37
1263 783 34
1262 783 32
1262 783 32
1260 784 37
1258 784 31
1257 784 29
1256 785 39
1255 785 36
1254 785 35
1252 785 31
1252 785 31
1251 785 30
1250 785 31
1248 785 34
1246 785 35
1245 785 34
1244 785 32
1243 785 30
1242 785 28
1241 785 28
1241 785 28
1240 785 28
1240 785 28
1238 785 31
1237 785 32
1236 785 31
1235 785 31
1234 785 30
1232 785 25
1232 785 25
1231 785 24
1230 785 21
1228 785 18
1228 786 27
1227 786 25
1226 786 24
1224 786 21
1223 787 26
1222 787 23
1221 788 28
1220 788 23
1218 788 19
1218 788 19
1217 789 26
1216 789 25
1215 789 24
1214 790 33
1213 790 31
1212 790 29
1211 791 37
1210 791 35
1209 792 42
1209 792 42
1208 792 40
1207 792 36
1206 793 43
1205 793 39
1203 793 34
1203 793 34
1202 793 33
1201 793 34
1200 793 35
1200 793 35
1199 793 38
1198 793 41
1197 793 45
1196 793 48
1196 793 48
1195 793 51
1194 793 53
1193 793 54
1193 793 54
1192 793 54
1192 793 54
1191 792 45
1190 792 46
1189 792 48
1189 792 48
1188 792 50
1188 791 40
1187 791 42
1186 791 43
1186 790 34
1185 790 34
1184 790 34
1184 790 34
1184 790 34
1183 790 33
1182 789 23
1182 789 23
1181 789 22
1180 789 21
1180 789 21
1179 789 20
1178 789 19
1178 789 19
1178 789 19
1177 789 17
1176 789 16
1176 789 16
1175 789 15
1174 789 14
1172 789 18
1171 789 21
1170 789 25
1169 789 29
1169 789 29
1168 789 32
1168 789 32
1168 788 24
1167 788 24
1167 788 24
1166 788 24
1166 788 24
1166 788 24
1165 788 23
1164 788 20
1164 788 20
1163 788 18
1162 788 16
1161 788 15
1160 788 14
1159 788 14
1159 788 14
1159 788 14
1158 788 15
1157 788 17
1156 788 18
1156 788 18
1154 788 21
1154 788 21
1153 788 25
1152 788 28
1152 788 28
1151 788 30
1150 787 27
1150 787 27
1149 787 30
1149 787 30
1147 786 26
1147 786 26
1145 785 21
1144 785 23
1143 784 20
1142 783 16
1140 782 15
1139 782 17
1137 782 19
1137 781 14
1135 781 13
1134 781 13
1134 781 13
1133 781 14
1132 781 14
1132 781 14
1131 781 14
1130 781 15
1129 781 16
1128 781 16
1126 781 18
1126 781 18
1124 781 21
1123 780 13
1121 780 13
1119 780 11
1116 779 7
1115 779 8
1112 779 9
1110 778 4
1107 778 5
1106 778 5
1105 778 5
1104 778 6
1102 778 8
1101 778 10
1101 778 10
1100 778 12
1099 778 14
1098 778 16
1097 778 19
1096 778 20
1095 778 22
1093 778 25
1092 778 25
1091 778 25
1090 778 24
1088 778 23
1088 778 23
1087 778 21
1087 778 21
1086 778 20
1085 778 20
1084 778 20
1084 778 20
1083 778 20
1083 778 20
1082 778 21
1081 778 22
1080 778 24
1080 778 24
1079 778 26
1079 778 26
1078 778 28
1076 777 28
1076 777 28
1076 776 25
1075 776 28
1075 775 26
1075 774 25
1074 773 29
1074 773 29
1074 772 29
1074 771 29
1074 770 29
1074 770 29
1074 769 29
1074 768 29
1074 768 29
1074 767 29
1074 766 29
1074 765 29
1074 763 29
1074 762 28
1074 761 28
1074 760 28
1074 759 27
1074 759 27
1075 757 25
1075 756 25
1075 755 24
1075 754 23
1075 753 23
1075 753 23
1075 752 22
1076 751 20
1076 750 20
1076 749 20
1076 748 21
1076 748 21
1077 748 20
1077 747 23
1078 747 22
1078 746 25
1079 745 26
1079 744 30
1080 744 27
1081 742 31
1082 740 33
1083 738 35
1084 737 30
1084 737 30
1085 736 26
1085 735 29
1086 734 26
1087 733 28
1087 732 32
1088 732 30
1089 731 32
1090 730 34
1091 730 30
1092 729 33
1094 728 29
1096 727 25
1097 726 29
1099 726 21
1100 725 26
1102 724 31
1104 723 33
1106 722 31
1107 722 27
1108 721 28
1109 720 31
1109 720 31
1110 720 27
1111 719 30
1112 719 26
1113 718 28
1115 717 24
1116 717 21
1117 716 24
1119 715 29
1120 715 28
1121 715 26
1123 714 27
1123 714 27
1124 714 24
1126 713 22
1127 712 26
1128 712 26
1130 711 31
1131 711 30
1132 710 34
1132 710 34
1133 710 33
1133 710 33
1134 710 29
1134 710 29
1134 710 29
1135 709 31
1136 709 30
1136 709 30
1137 708 32
1138 708 31
1140 708 30
1140 708 30
1141 707 34
1141 707 34
1142 707 33
1143 707 32
1145 707 32
1146 707 32
1149 707 36
1151 707 38
1152 707 40
1153 707 41
1155 707 41
1157 707 42
1159 708 37
1162 709 34
1163 709 35
1164 709 36
1166 710 35
1167 710 37
1168 710 39
1169 710 39
1170 710 39
1172 710 36
1174 710 32
1176 710 32
1178 710 33
1180 710 34
1181 710 35
1183 710 34
1183 710 34
1184 710 33
1185 710 33
1186 710 32
1188 710 31
1190 710 30
1191 710 29
1192 710 27
1193 710 24
1194 710 22
1195 710 22
1197 710 23
1198 710 24
1200 710 24
1200 710 24
1202 710 24
1203 710 26
1203 710 26
1205 710 28
1206 710 31
1208 711 31
1208 711 31
1210 711 37
1212 712 34
1214 713 31
1216 713 34
1216 713 34
1218 714 33
1219 714 36
1220 714 38
1221 715 34
1223 716 31
1224 717 28
1226 718 31
1226 718 31
1226 718 31
1227 719 31
1227 719 31
1228 720 31
1228 721 30
1229 722 31
1230 723 33
1230 724 33
1231 724 34
1232 726 34
1232 726 34
1233 727 34
1234 728 32
1234 729 29
1234 729 29
1235 730 27
1236 731 24
1236 732 20
1237 733 19
1238 734 19
1239 734 21
1240 735 23
1241 736 23
1241 736 23
1242 737 26
1242 738 26
1243 738 29
1243 738 29
1244 739 30
1245 740 28
1246 740 29
1247 740 28
1248 740 29
1248 740 29
1250 740 30
1250 740 30
1252 740 30
1253 740 29
1254 741 26
1255 741 27
1256 741 29
1257 742 29
1257 742 29
1258 742 34
1258 742 34
1259 743 34
1259 743 34
1260 743 40
1260 744 34
1260 744 34
1261 745 33
1262 746 31
1263 747 30
1263 748 27
1263 749 25
1264 749 28
1264 750 29
1264 751 30
1264 752 31
1265 753 35
1265 753 35
1265 754 36
1265 754 36
1265 755 36
1265 755 36
1265 755 36
1266 756 37
1266 757 35
1266 758 32
1266 759 29
1267 760 31
1267 761 29
1267 762 27
1268 762 31
1268 763 30
1268 764 31
1269 765 36
1269 765 36
1269 766 36
1270 766 39
1270 767 38
1270 768 37
1270 769 35
1270 770 32
1271 770 33
1271 771 31
1271 771 31
1271 772 29
1271 772 29
1272 773 31
1272 773 31
1272 774 31
1273 775 30
1273 777 27
1274 778 27
1274 778 27
1274 779 26
1275 780 27
1276 780 29
1276 782 29
1277 782 32
1277 782 32
1278 783 36
1279 784 38
1279 784 38
1280 785 39
1280 785 39
1281 785 39
1281 786 38
1282 786 37
1282 786 37
1283 786 36
1284 786 35
1284 787 34
1284 787 34
1285 787 33
1286 787 33
1286 787 33
1286 787 33
1287 787 33
1288 787 34
1288 787 34
1289 787 36
1289 788 33
1290 788 34
1291 788 34
1291 788 34
1292 788 35
1292 788 35
1293 788 35
1294 788 36
1294 788 36
1295 788 40
1295 789 34
1295 789 34
1295 789 34
1296 789 38
1296 789 38
1296 789 38
1296 790 34
1296 790 34
1297 790 37
1297 791 34
1297 792 33
1297 792 33
1297 793 33
1297 794 33
1297 794 33
1297 795 37
1297 795 37
1296 795 33
1296 795 33
1295 796 37
1294 796 35
1292 796 37
1292 796 37
1291 796 38
1290 796 41
1289 796 44
1288 796 44
1287 795 41
1286 795 41
1286 795 41
1284 794 38
1284 794 38
1283 793 36
1282 793 37
1281 792 38
1280 791 39
1280 791 39
1279 790 40
1279 790 40
1278 789 42
1277 788 43
1277 788 43
1276 787 41
1276 786 37
1275 786 38
1274 785 35
1274 784 30
1273 784 32
1273 784 32
1273 783 28
1272 783 29
1272 783 29
1271 782 27
1271 782 27
1270 782 28
1270 782 28
1268 782 30
1268 782 30
1268 782 30
1267 782 29
1267 782 29
1267 782 29
1266 782 28
1266 782 28
1266 782 28
1266 782 28
1265 782 27
1265 782 27
1264 782 27
1264 782 27
1264 782 27
Stop
New Layer
Start
1188 712 19
1188 712 19
1188 712 19
1187 712 19
1186 712 19
1184 712 21
1183 712 21
1181 712 21
1179 712 20
1178 712 18
1176 712 16
1174 712 19
1173 712 21
1172 712 23
1170 711 33
1168 711 33
1167 711 30
1166 711 29
1164 711 25
1163 710 29
1162 710 29
1160 710 28
1160 710 28
1159 710 27
1158 710 26
1157 710 25
1156 709 29
1156 709 29
1155 709 29
1155 709 29
1154 709 30
1153 709 31
1152 709 31
1150 708 33
1149 708 32
1148 708 30
1147 707 33
1146 707 32
1145 707 32
1144 707 31
1144 707 31
1143 707 32
1142 707 33
1141 707 34
1140 707 34
1139 707 35
1137 707 37
1136 708 33
1135 708 35
1134 708 38
1133 708 42
1132 708 44
1132 708 44
1131 709 41
1131 709 41
1130 709 42
1130 709 42
1129 709 42
1129 710 37
1128 710 37
1128 710 37
1127 710 38
1126 711 33
1125 711 36
1124 711 40
1123 712 40
1122 712 44
1121 713 41
1120 713 44
1119 714 36
1118 714 37
1118 714 37
1117 715 32
1116 716 27
1115 716 30
1115 716 30
1114 716 33
1113 717 33
1112 717 36
1111 718 36
1110 719 34
1109 719 39
1108 720 34
1107 721 33
1107 721 33
1105 722 35
1104 723 33
1103 724 29
1103 724 29
1102 725 23
1101 725 25
1100 726 18
1100 726 18
1098 726 25
1098 727 18
1097 727 22
1097 727 22
1096 727 25
1095 728 25
1094 728 29
1094 728 29
1093 728 34
1092 729 33
1092 729 33
1092 729 33
1091 729 37
1091 729 37
1090 730 34
1089 730 37
1089 730 37
1088 730 39
1088 730 39
1087 730 42
1087 730 42
1086 731 38
1086 731 38
1085 731 40
1085 731 40
1085 731 40
1084 731 42
1084 731 42
1084 731 42
1084 732 39
1083 732 41
1083 732 41
1083 732 41
1083 732 41
1083 732 41
1082 732 44
1082 732 44
1082 733 42
1082 733 42
1082 733 42
1082 733 42
1082 734 42
1082 734 42
1082 734 42
1082 735 41
1082 735 41
1082 735 41
1082 736 41
1082 736 41
1083 737 36
1083 737 36
1083 738 35
1083 738 35
1083 738 35
1083 739 33
1083 739 33
1083 739 33
1083 740 30
1083 740 30
1083 740 30
1083 741 28
1083 741 28
1083 742 24
1083 742 24
1083 742 24
1082 743 23
1082 743 23
1082 743 23
1081 744 24
1080 744 27
1080 744 27
1080 744 27
1080 744 27
1079 745 26
1078 745 29
1078 745 29
1078 745 29
1077 745 31
1076 745 32
1076 746 28
1076 746 28
1075 746 30
1075 746 30
1075 746 30
1074 746 33
1074 747 29
1074 747 29
1074 748 26
1074 748 26
1074 748 26
1074 748 26
1074 749 25
1074 749 25
1074 750 25
1074 750 25
1074 751 24
1074 751 24
1075 752 22
1075 752 22
1075 752 22
1075 753 23
1076 753 21
1076 754 22
1076 754 22
1076 755 23
1076 755 23
1077 756 23
1077 756 23
1077 756 23
1077 756 23
1077 757 24
1077 757 24
1077 758 25
1077 758 25
1077 759 25
1077 759 25
1077 760 26
1078 760 26
1078 761 27
1078 761 27
1078 762 28
1078 763 27
1078 763 27
1078 764 25
1078 764 25
1078 765 24
1078 765 24
1078 766 22
1078 766 22
1078 766 22
1078 767 20
1078 768 18
1078 768 18
1078 769 16
1078 769 16
1078 770 14
1078 770 14
1078 770 14
1078 770 14
1078 771 13
1078 771 13
1077 771 17
1077 772 17
1077 772 17
1077 772 17
1077 773 16
1077 773 16
1077 773 16
1077 774 18
1077 774 18
1077 774 18
1077 774 18
1077 775 20
1077 775 20
1077 776 22
1077 776 22
1077 776 22
1077 777 25
1077 777 25
1078 777 22
1078 778 28
1078 778 28
1078 778 28
1079 778 26
1079 778 26
1079 778 26
1080 778 24
1080 778 24
1080 778 24
1081 778 22
1081 778 22
1082 778 21
1082 778 21
1083 778 20
1084 778 20
1084 778 20
1084 778 20
1085 778 20
1087 778 21
1088 778 23
1089 778 23
1089 778 23
1090 778 24
1091 778 25
1092 778 25
1092 778 25
1093 778 25
1093 778 25
1094 778 23
1095 778 22
1096 778 20
1097 778 19
1098 779 25
1099 779 23
1100 779 21
1101 779 18
1103 779 14
1104 780 20
1105 780 20
1105 780 20
1106 780 19
1107 780 19
1108 780 18
1109 780 18
1110 780 17
1111 780 16
1112 781 25
1112 781 25
1114 781 24
1115 781 23
1115 781 23
1116 781 22
1117 781 20
1118 781 20
1119 781 19
1120 781 21
1120 781 21
1121 781 21
1124 782 31
1126 782 28
1128 783 32
1130 783 30
1132 784 36
1133 784 35
1135 784 34
1136 785 41
1138 786 47
1139 786 47
1140 786 45
1141 787 49
1143 787 44
1144 787 39
1144 788 46
1145 788 45
1146 788 43
1146 788 43
1147 788 40
1147 788 40
1148 788 39
1148 789 45
1149 789 43
1150 789 39
1151 789 36
1152 789 33
1153 789 30
1154 789 26
1156 790 31
1157 790 30
1158 790 30
1159 790 30
1160 790 29
1162 790 32
1163 790 34
1164 790 37
1164 790 37
1165 790 40
1166 790 42
1167 790 42
1167 790 42
1169 790 38
1170 789 25
1171 789 21
1172 789 18
1173 789 15
1174 789 14
1176 789 16
1176 789 16
1177 789 17
1178 789 19
1179 789 20
1180 789 21
1182 789 23
1182 789 23
1184 789 25
1184 789 25
1185 789 24
1186 789 24
1187 789 23
1188 789 21
1189 789 20
1189 789 20
1190 789 18
1190 789 18
1192 789 15
1193 789 15
1194 789 14
1195 790 22
1196 790 19
1197 790 16
1198 791 22
1199 791 20
1200 791 18
1201 792 26
1202 792 25
1202 792 25
1203 792 26
1203 792 26
1204 792 27
1204 792 27
1205 792 30
1206 792 33
1207 792 36
1207 792 36
1208 792 40
1209 792 42
1210 792 45
1210 792 45
1211 792 47
1212 792 48
1213 792 49
1214 792 51
1215 792 52
1216 791 46
1217 791 47
1218 791 48
1219 791 50
1220 790 43
1221 790 46
1222 790 50
1223 789 44
1224 789 49
1225 789 51
1226 789 51
1228 788 43
1229 788 44
1230 788 46
1231 787 41
1232 787 42
1233 787 45
1234 786 40
1234 786 40
1235 786 41
1236 786 42
1237 786 42
1237 786 42
1238 786 41
1238 786 41
1238 786 41
1238 786 41
1239 786 40
1239 786 40
1239 786 40
1239 786 40
1240 786 39
1240 786 39
1240 785 28
1241 785 28
1241 785 28
1241 785 28
1242 785 28
1242 785 28
1243 785 30
1243 785 30
1244 785 32
1244 785 32
1245 785 34
1245 785 34
1246 785 35
1246 785 35
1246 785 35
1247 785 35
1247 785 35
1247 785 35
1248 785 34
1248 785 34
1248 785 34
1249 785 33
1249 785 33
1250 785 31
1250 785 31
1250 785 31
1250 785 31
1251 785 30
1251 785 30
1252 785 31
1252 785 31
1253 785 32
1253 785 32
1254 785 35
1254 785 35
1255 785 36
1255 785 36
1256 784 28
1256 784 28
1257 784 29
1258 784 31
1258 784 31
1259 784 34
1259 784 34
1260 784 37
1261 783 29
1261 783 29
1262 783 32
1263 783 34
1264 782 27
1264 782 27
1264 782 27
1265 782 27
1266 782 28
1266 782 28
1266 782 28
1267 782 29
1267 782 29
1267 782 29
1268 782 30
1268 782 30
1269 782 29
1270 782 28
Stop
Start
1271 777 23
1270 776 22
1269 775 18
1269 774 20
1268 773 17
1268 772 19
1267 771 18
1267 769 22
1267 768 23
1266 767 20
1266 766 20
1266 766 20
1266 764 21
1266 764 21
1266 762 22
1266 761 25
1266 760 27
1265 759 27
1265 758 30
1264 757 29
1264 756 31
1264 755 32
1264 754 32
1263 752 27
1263 751 25
1262 750 22
1262 749 22
1262 749 22
1261 748 21
1261 746 28
1260 746 25
1260 745 29
1259 744 30
1259 744 30
1258 743 30
1257 742 29
1256 742 25
1256 742 25
1256 742 25
1255 741 27
1254 741 26
1254 741 26
1252 741 26
1250 741 26
1248 741 25
1247 741 25
1246 741 25
1244 741 25
1244 741 25
1242 741 21
1241 740 19
1239 739 13
1238 739 10
1238 738 12
1237 737 12
1236 736 12
1236 734 15
1236 734 15
1235 732 19
1235 731 23
1235 731 23
1235 731 23
1235 730 27
1234 730 26
1234 729 29
1234 729 29
1233 729 30
1233 729 30
1232 729 30
1232 728 33
1230 728 32
1229 728 30
1228 728 28
1228 728 28
1228 728 28
1227 727 24
1226 727 19
1226 726 20
1226 726 20
1225 726 15
1225 725 17
1225 725 17
1225 724 18
1225 722 22
1225 722 22
1224 721 23
1224 720 25
1224 720 25
1224 719 25
1224 718 26
1224 718 26
1223 717 28
1222 716 30
1221 716 29
1220 716 28
1219 715 31
1217 714 31
1216 714 29
1216 713 34
1215 713 32
1213 712 35
1212 711 40
1211 711 39
1209 710 40
1208 710 37
1208 710 37
1207 709 41
1206 709 37
1205 709 34
1204 708 38
1203 708 37
1203 708 37
1202 708 36
1202 708 36
1200 708 39
1200 708 39
1199 708 40
1197 708 39
1196 708 39
1195 708 39
1194 708 39
1193 709 32
1193 709 32
1192 709 35
1191 709 36
1191 709 36
1190 710 30
1190 710 30
1189 710 30
1189 710 30
1189 710 30
1189 710 30
1188 711 24
1188 711 24
1188 711 24
1188 711 24
1187 711 24
1187 711 24
Stop
Start
1273 782 26
Stop
Start
1282 790 34
1282 790 34
1282 790 34
1283 791 32
1284 791 31
1284 792 33
1286 792 30
1286 792 30
1287 793 32
1288 793 31
1288 793 31
1289 794 33
1290 794 30
1291 794 27
1292 794 26
1292 794 26
1293 794 25
1294 794 24
1294 794 24
1295 795 31
1296 795 33
1297 795 37
1298 795 41
1298 795 41
1299 795 44
1299 795 44
1299 795 44
1300 795 47
1300 795 47
1300 795 47
1300 794 44
1300 794 44
1299 794 41
1298 793 37
1297 792 33
1296 792 29
1296 792 29
1296 792 29
1296 792 29
1295 791 28
1295 791 28
1295 791 28
1294 791 25
1294 791 25
1293 791 24
1293 791 24
1292 790 26
1291 790 27
1290 790 28
1288 789 30
1287 789 28
1286 788 30
1286 788 30
1285 788 31
1284 787 34
1283 787 35
1283 786 36
1282 786 37
1282 785 38
1281 785 39
1280 785 39
1280 784 39
1279 784 38
1278 783 36
Stop
Start
1282 790 34
1282 790 34
1281 790 37
1281 790 37
1281 790 37
1281 790 37
1280 790 38
1280 790 38
1280 790 38
1279 789 39
1279 789 39
1278 789 42
1277 788 43
1277 788 43
1276 788 45
1276 788 45
1276 787 41
1275 787 42
1275 787 42
1275 787 42
1274 786 39
1274 786 39
1274 786 39
1274 786 39
1273 786 41
1273 786 41
1273 785 36
1273 785 36
1272 785 38
1272 784 33
1272 784 33
1272 784 33
1271 783 33
1271 783 33
1271 783 33
Stop
Start
1278 783 36
1278 783 36
1278 783 36
1278 783 36
1278 782 35
1278 782 35
1277 782 32
1277 782 32
1277 782 32
1277 781 31
1277 781 31
1277 781 31
1276 781 28
1276 780 29
1276 780 29
1276 780 29
1276 780 29
1275 780 27
1275 780 27
1275 779 28
1275 779 28
1274 779 26
1274 779 26
1274 779 26
1274 779 26
1274 778 27
1273 778 25
1273 778 25
1273 778 25
1273 778 25
1272 778 25
1272 778 25
1272 778 25
1272 778 25
1272 778 25
Stop
New Layer
Start
1133 710 33
1133 710 33
1132 710 34
1131 710 35
1131 710 35
1130 710 36
1129 710 37
1129 710 37
1128 710 37
1128 710 37
1127 710 38
1127 710 38
1126 711 33
1126 711 33
1125 712 30
1125 712 30
1124 712 35
1124 713 29
1124 713 29
1123 714 27
1122 714 31
1121 714 33
1121 714 33
1120 714 35
1120 714 35
1119 714 36
1119 714 36
1118 714 37
1118 714 37
1117 714 39
1117 714 39
1117 714 39
1116 715 34
1116 715 34
1115 716 30
1114 717 28
1113 718 28
1112 719 26
1112 720 20
1111 720 23
1111 720 23
1110 720 27
1109 721 24
1108 721 28
1107 722 27
1106 722 31
1106 722 31
1105 722 35
1105 722 35
1104 723 33
1104 723 33
1103 724 29
1101 724 33
1100 724 34
1100 724 34
1099 724 36
1098 725 32
1098 725 32
1097 725 36
1097 725 36
1096 726 32
1095 726 37
1095 727 31
1094 728 29
1094 729 24
1093 730 23
1092 730 27
1092 731 22
1092 731 22
1091 732 19
1091 732 19
1091 732 19
1090 732 23
1089 732 27
1087 732 32
1087 732 32
1086 732 34
1086 732 34
1085 732 36
1085 732 36
1085 732 36
1084 732 39
1084 732 39
1084 733 36
1084 733 36
1084 734 35
1084 734 35
1084 735 33
1084 736 31
1084 737 30
1084 738 30
1084 738 30
1084 739 29
1084 739 29
1084 740 26
1084 740 26
1083 741 28
1083 742 24
1082 742 27
1082 743 23
1081 744 24
1081 744 24
1080 744 27
1080 744 27
1079 744 30
1079 745 26
1078 745 29
1077 745 31
1077 745 31
1076 746 28
1075 746 30
1075 746 30
1075 747 27
1075 747 27
1074 748 26
1074 748 26
1074 748 26
1074 749 25
1074 749 25
1074 750 25
1074 750 25
1074 751 24
1074 751 24
1074 752 24
1074 752 24
1074 753 25
1074 753 25
1074 754 26
1074 754 26
1075 755 24
1075 756 25
1075 756 25
1075 756 25
1075 756 25
1075 757 25
1075 757 25
1075 758 26
1075 758 26
1075 759 26
1075 760 26
1075 760 26
1074 761 28
1074 761 28
1074 762 28
1074 763 29
1073 764 31
1073 764 31
1073 765 31
1073 766 31
1072 766 33
1072 767 34
1072 768 33
1071 769 34
1071 770 34
1070 771 36
1070 772 36
1070 772 36
1070 772 36
1070 773 35
1070 773 35
1070 773 35
1070 774 35
1070 774 35
1070 774 35
1070 774 35
1071 775 32
1071 775 32
1072 776 33
1072 776 33
1072 776 33
1073 777 33
1074 777 32
1074 777 32
1074 777 32
1075 777 31
1075 778 34
1077 778 31
1077 778 31
1078 778 28
1078 778 28
1079 778 26
1079 778 26
1080 778 24
1080 778 24
1081 778 22
1081 778 22
1082 778 21
1082 778 21
1082 778 21
1083 778 20
1084 778 20
1085 778 20
1085 778 20
1086 778 20
1086 778 20
1087 778 21
1087 778 21
1088 778 23
1088 778 23
1089 778 23
1090 778 24
1090 778 24
1091 778 25
1091 778 25
1093 778 25
1093 778 25
1094 778 23
1094 778 23
1096 778 20
1097 778 19
1097 778 19
1097 778 19
1098 778 16
1098 778 16
1099 778 14
1100 778 12
1100 778 12
1101 778 10
1101 778 10
1102 779 16
1102 779 16
1103 779 14
1104 779 12
1104 780 20
1106 780 19
1106 780 19
1107 781 28
1108 781 28
1109 781 27
1110 782 37
1111 782 36
1112 782 36
1112 782 36
1113 782 35
1115 783 41
1116 783 40
1118 783 38
1119 783 37
1120 783 38
1121 783 39
1122 783 39
1123 783 39
1124 783 38
1125 783 36
1126 783 35
1127 783 34
1127 783 34
1128 783 32
1128 783 32
1129 783 31
1130 783 30
1130 783 30
1131 783 29
1132 783 28
1133 783 27
1134 783 27
1135 783 27
1136 783 28
1137 783 27
1137 783 27
1138 783 26
1138 783 26
1138 783 26
1139 783 24
1140 783 22
1140 783 22
1141 783 19
1143 783 13
1144 784 16
1145 784 14
1146 784 12
1146 784 12
1148 785 17
1148 785 17
1148 785 17
1149 785 16
1150 786 21
1150 786 21
1151 786 18
1151 786 18
1152 786 16
1152 787 22
1153 787 18
1154 787 15
1154 788 21
1155 788 19
1156 788 18
1156 789 24
1157 789 23
1158 789 22
1159 789 21
1159 789 21
1160 790 29
1160 790 29
1160 790 29
1160 790 29
1161 790 30
1162 790 32
1162 790 32
1163 790 34
1164 789 28
1164 789 28
1164 789 28
1165 789 31
1166 789 32
1166 788 24
1166 788 24
1167 788 24
1167 788 24
1167 788 24
1168 788 24
1168 788 24
1168 788 24
1168 788 24
1168 788 24
1169 788 21
1169 788 21
1170 788 17
1170 788 17
1170 788 17
1171 788 14
1171 788 14
1171 789 21
1172 789 18
1172 789 18
1172 789 18
1172 789 18
1173 789 15
1174 789 14
1174 790 23
1174 790 23
1174 790 23
1175 790 23
1176 790 25
1176 790 25
1177 790 27
1177 790 27
1177 790 27
1178 790 29
1179 789 20
1180 789 21
1180 788 14
1181 788 15
1181 788 15
1181 788 15
1182 788 17
1182 788 17
1182 788 17
1183 788 17
1184 788 17
1184 788 17
1185 788 17
1186 788 17
1187 788 16
1187 788 16
1187 788 16
1188 788 14
1188 788 14
1189 788 13
1189 788 13
1190 788 11
1191 788 10
1192 788 9
1193 789 15
1194 789 14
1195 789 13
1196 790 19
1196 790 19
1197 790 16
1197 790 16
1198 791 22
1198 791 22
1198 791 22
1198 791 22
1199 792 28
1200 792 27
1200 792 27
1200 793 35
1201 793 34
1201 793 34
1201 793 34
1202 793 33
1202 793 33
1202 793 33
1203 793 34
1203 793 34
1203 793 34
1204 793 36
1204 793 36
1204 793 36
1205 792 30
1205 792 30
1205 792 30
1206 792 33
1206 791 25
1206 791 25
1206 791 25
1206 791 25
1207 790 18
1207 790 18
1207 790 18
1208 790 21
1208 790 21
1208 790 21
1209 790 23
1210 790 25
1210 789 16
1211 789 18
1211 789 18
1211 789 18
1212 789 19
1212 789 19
1213 789 21
1213 789 21
1214 789 22
1214 789 22
1214 789 22
1215 789 24
1216 788 17
1216 788 17
1216 788 17
1216 788 17
1217 788 18
1217 788 18
1217 788 18
1218 788 19
1218 788 19
1219 787 12
1220 787 14
1220 787 14
1221 786 11
1222 786 15
1222 786 15
1222 786 15
1222 786 15
1223 786 18
1223 785 11
1223 785 11
1224 785 13
1224 785 13
1224 785 13
1224 785 13
1225 785 15
1225 785 15
1226 785 16
1226 785 16
1227 784 10
1228 784 12
1229 784 12
1230 784 14
1230 784 14
1231 784 17
1232 784 17
1232 784 17
1233 784 20
1234 784 22
1235 784 22
1236 784 22
1237 784 23
1237 784 23
1238 784 22
1238 784 22
1240 784 20
1241 784 20
1242 784 20
1242 784 20
1242 784 20
1243 784 21
1243 784 21
1244 784 23
1245 784 25
1245 784 25
1246 784 26
1246 784 26
1247 784 26
1248 784 25
1249 784 24
1249 784 24
1250 784 22
1250 784 22
1251 784 21
1251 784 21
1252 784 22
1252 784 22
1252 784 22
1252 784 22
1253 784 23
1253 784 23
1254 784 25
1254 784 25
1255 784 26
1255 784 26
1255 784 26
1256 784 28
1256 784 28
1256 784 28
1257 784 29
1257 784 29
1258 784 31
1258 784 31
1259 784 34
1259 784 34
1260 784 37
1260 784 37
1260 784 37
1261 784 41
1261 784 41
1262 784 43
1262 784 43
1262 784 43
1262 783 32
1262 783 32
1263 783 34
1264 783 37
1264 783 37
1264 783 37
1265 782 27
1266 782 28
1266 782 28
1266 782 28
1267 782 29
1268 782 30
1268 782 30
1268 782 30
1269 782 29
1269 782 29
1270 782 28
1270 782 28
1270 782 28
1270 782 28
1271 782 27
1271 782 27
1272 782 27
1274 783 27
1275 784 30
1276 784 32
1277 785 36
1278 785 37
1278 786 38
1278 786 38
1279 786 39
1279 786 39
1279 787 39
1280 787 39
1280 787 39
1280 788 38
1280 788 38
1280 788 38
1280 788 38
1281 789 36
1281 789 36
1281 789 36
1281 790 37
1281 790 37
1282 791 35
1282 791 35
1282 791 35
1282 792 35
1283 792 34
1284 793 35
1284 793 35
1285 794 37
1286 794 36
1287 794 36
1288 794 34
1289 795 38
1290 795 35
1291 795 32
1291 795 32
1292 795 31
1292 795 31
1293 795 29
1294 795 29
1294 795 29
1294 795 29
1294 795 29
1295 795 31
1295 795 31
1295 794 27
1295 794 27
1295 793 25
1295 793 25
1295 793 25
1295 792 25
1295 792 25
1294 792 22
1294 791 25
1294 791 25
1294 791 25
1294 790 27
1294 790 27
1293 790 26
1292 790 26
1292 789 30
1291 789 30
1290 789 30
1290 789 30
1289 789 31
1288 789 30
1288 789 30
1288 789 30
1288 789 30
1287 789 28
1286 788 30
1286 788 30
1286 788 30
1286 788 30
1285 788 31
1284 788 32
1284 787 34
1283 787 35
1283 787 35
1282 786 37
1281 786 38
1280 785 39
1280 785 39
1279 785 38
1278 784 36
1278 784 36
1277 783 33
1276 783 30
1276 783 30
1275 782 27
1274 782 26
1274 781 24
1273 780 24
1273 780 24
1272 779 24
1272 779 24
1271 778 23
1271 778 23
1271 778 23
1270 777 21
1270 776 22
1270 776 22
1270 776 22
1269 775 18
1269 774 20
1269 774 20
1269 773 22
1268 773 17
1268 772 19
1268 771 22
1268 770 24
1268 768 29
1267 767 24
1267 766 25
1267 764 26
1266 764 21
1266 763 21
1266 763 21
1266 762 22
1266 762 22
1265 761 20
1265 760 22
1264 760 19
1263 758 22
1263 758 22
1262 757 21
1262 756 22
1262 755 23
1262 754 23
1262 754 23
1262 753 23
1262 753 23
1262 752 22
1262 751 22
1261 750 18
1261 749 19
1261 748 21
1260 747 21
1260 746 25
1260 746 25
1259 745 25
1259 744 30
1258 743 30
1258 743 30
1257 742 29
1256 742 25
1256 742 25
1255 742 24
1254 741 26
1254 741 26
1253 741 26
1252 741 26
1250 741 26
1248 741 25
1247 741 25
1246 741 25
1244 741 25
1243 741 23
1242 741 21
1240 741 14
1239 740 12
1238 740 9
1237 739 7
1237 739 7
1237 738 9
1236 738 7
1236 737 10
1236 736 12
1236 736 12
1236 735 12
1236 735 12
1236 734 15
1235 733 16
1235 733 16
1235 732 19
1234 732 19
1234 731 23
1234 731 23
1234 731 23
1234 731 23
1233 730 27
1233 730 27
1232 730 28
1231 729 31
1231 729 31
1230 729 30
1230 728 32
1230 728 32
1229 727 31
1229 726 32
1229 726 32
1228 725 29
1228 724 28
1228 723 27
1228 723 27
1227 722 25
1227 721 27
1226 720 26
1226 719 29
1226 718 31
1225 718 28
1225 717 30
1224 716 32
1224 716 32
1223 716 31
1223 715 36
1222 715 35
1221 715 34
1221 715 34
1219 714 36
1219 714 36
1217 713 36
1216 713 34
1215 712 37
1214 712 36
1214 712 36
1213 712 35
1211 711 39
1210 711 37
1210 711 37
1209 710 40
1208 710 37
1207 710 34
1205 710 28
1203 709 32
1202 709 31
1200 709 32
1200 709 32
1198 709 32
1197 709 31
1196 709 31
1195 709 30
1194 709 31
1192 709 35
1191 709 36
1190 709 36
1189 709 37
1188 709 37
1186 709 38
1184 710 33
1183 710 34
1181 710 35
1180 711 27
1179 711 26
1178 711 25
1178 711 25
1177 711 24
1176 711 24
1175 711 25
1174 712 19
1173 712 21
1172 712 23
1170 712 26
1169 712 27
1168 712 27
1166 712 23
1165 712 22
1164 712 20
1164 712 20
1163 712 19
1162 712 19
1162 711 23
1161 711 23
1160 711 22
1160 711 22
1159 711 22
1158 710 26
1158 710 26
1157 710 25
1157 710 25
1156 710 24
1156 710 24
1156 710 24
1156 710 24
1155 709 29
1154 709 30
1153 709 31
1152 709 31
1151 709 30
1150 708 33
1149 708 32
1148 708 30
1146 708 27
1145 708 26
1144 708 26
1142 707 33
1141 707 34
1140 707 34
1139 707 35
1139 707 35
1139 707 35
1138 707 36
1138 707 36
1138 707 36
1137 707 37
1137 707 37
1136 707 37
1136 708 33
1136 708 33
1136 708 33
1135 708 35
1135 708 35
1135 708 35
1134 708 38
1134 708 38
1134 709 34
1133 709 37
1133 709 37
1132 709 39
1132 709 39
1132 710 34
1132 710 34
Stop
