New Slice
Start
519 228 16
518 228 16
518 229 0
518 229 0
518 230 0
517 231 0
517 231 0
517 232 0
517 233 0
517 234 0
516 235 0
516 236 0
516 237 0
516 237 0
516 238 0
516 239 0
515 239 0
515 240 0
515 241 0
515 242 0
515 243 0
515 243 0
515 244 0
515 245 0
515 245 0
515 246 0
515 247 0
515 247 0
514 247 3
514 248 0
514 249 0
514 249 0
514 250 0
514 251 5
514 251 5
514 253 2
514 253 2
514 254 2
514 255 0
514 255 0
514 256 0
514 257 0
514 257 0
514 258 0
514 259 0
514 259 0
514 260 0
514 261 0
514 261 0
514 262 2
514 263 8
514 263 8
514 264 8
514 265 17
514 265 17
514 266 17
513 267 8
513 267 8
513 268 0
513 269 0
513 269 0
512 270 1
512 271 1
512 271 1
511 272 0
511 272 0
511 273 0
511 273 0
510 273 0
510 274 0
509 275 0
509 275 0
509 276 0
508 277 0
508 277 0
507 279 0
507 279 0
507 279 0
507 280 0
507 281 0
507 281 0
506 281 0
506 282 0
506 283 0
506 284 0
505 285 0
505 285 0
505 286 0
505 287 0
505 287 0
504 288 0
504 289 0
503 289 0
503 289 0
503 290 0
503 291 0
503 291 0
503 292 0
503 293 0
503 293 0
503 294 0
503 295 0
502 295 21
501 296 4
501 297 0
501 297 0
500 297 0
499 298 0
499 299 0
499 299 0
498 299 0
498 300 0
497 301 7
497 301 7
497 302 7
496 303 0
496 303 0
495 304 7
495 305 7
495 305 7
494 305 7
494 306 0
494 307 0
493 307 16
493 307 16
493 307 16
493 308 0
492 308 1
491 309 0
491 309 0
491 309 0
490 310 0
489 310 0
489 311 0
489 311 0
488 311 0
487 311 0
487 312 0
487 312 0
486 312 19
485 313 0
485 313 0
484 313 0
483 313 15
483 314 15
482 314 15
481 315 11
481 315 11
480 315 29
479 316 0
479 316 0
479 317 0
478 317 25
478 318 0
478 319 0
477 319 0
477 319 0
477 320 0
477 321 0
477 321 0
476 321 13
476 322 13
476 323 10
476 323 10
476 324 10
476 325 12
477 325 0
477 325 0
477 325 0
477 326 5
477 327 5
477 327 5
478 328 25
478 329 25
478 329 25
479 329 0
479 330 9
480 331 9
481 331 0
481 331 0
481 331 0
482 331 0
483 331 0
483 332 0
484 332 0
485 332 0
485 332 0
486 333 5
487 333 0
487 333 0
489 333 0
489 333 0
490 333 0
491 333 0
491 333 0
491 334 0
492 334 0
493 334 0
493 335 6
494 335 9
495 335 9
495 335 9
496 335 8
496 335 8
497 335 8
497 335 8
498 335 13
499 335 11
499 335 11
500 335 11
501 335 1
501 335 1
502 335 1
503 335 0
503 335 0
504 335 0
505 335 0
505 335 0
506 335 0
507 335 0
507 335 0
508 335 0
509 335 0
509 335 0
510 335 0
511 335 2
511 335 2
512 335 2
513 335 12
513 335 12
514 335 12
515 335 19
516 335 19
517 335 33
517 334 0
518 334 18
518 333 18
519 333 18
519 332 0
519 331 0
520 331 0
520 330 0
520 329 0
521 329 0
521 328 0
521 327 0
521 327 0
521 326 0
522 325 10
522 325 10
522 324 13
522 323 13
522 323 13
522 322 23
522 321 23
522 321 23
522 320 22
522 319 13
522 319 13
522 318 13
522 317 1
522 317 1
522 316 1
522 315 0
522 315 0
521 315 0
521 314 0
521 313 0
521 313 0
521 312 0
521 311 0
521 311 0
521 310 2
520 309 2
520 308 0
520 307 0
519 307 0
519 306 0
519 305 0
519 304 0
519 303 0
519 303 0
518 302 0
518 301 0
518 300 0
518 299 0
518 299 0
518 298 0
518 297 0
517 297 0
517 296 0
517 295 0
517 295 0
517 294 0
517 293 0
517 293 0
517 292 0
517 291 0
517 291 0
517 290 0
517 289 0
517 288 0
517 287 0
517 287 0
517 285 0
517 285 0
517 284 0
517 283 0
517 283 0
517 282 0
517 281 0
517 281 0
517 280 0
517 279 0
517 279 0
517 278 0
517 277 0
517 277 0
518 277 13
518 276 12
518 275 12
518 275 12
519 274 13
519 273 13
519 273 13
519 272 0
520 271 9
520 270 9
520 269 3
521 269 3
521 269 3
521 268 3
521 267 0
521 265 0
521 265 0
521 264 8
522 263 14
522 263 14
522 262 14
522 261 9
522 261 9
522 260 9
522 259 9
522 259 9
522 258 9
522 257 0
522 257 0
522 256 0
522 255 1
522 255 1
522 254 0
522 253 0
522 253 0
522 252 0
522 251 0
522 251 0
522 250 0
522 249 0
522 249 0
522 248 0
522 247 0
522 247 0
522 246 0
522 245 0
522 245 0
522 244 0
522 243 2
522 243 2
522 242 1
522 241 1
522 241 1
522 240 14
522 239 14
522 239 14
522 238 21
522 237 0
522 237 0
522 236 0
522 235 0
522 235 0
522 234 0
522 233 9
522 233 9
522 232 9
522 231 7
522 231 7
522 230 12
522 229 12
522 229 12
521 229 0
521 228 21
520 228 21
519 228 16
519 228 16
Stop
New Slice
Start
518 227 16
518 228 16
518 229 0
518 229 0
518 230 0
518 231 0
517 231 0
517 232 0
517 232 0
517 233 0
517 233 0
516 234 0
516 235 0
515 235 0
515 235 0
515 236 0
515 237 0
515 237 0
515 238 0
515 239 0
515 239 0
515 240 0
515 241 0
515 241 0
515 242 0
515 243 0
515 243 0
515 244 0
515 245 0
515 245 0
515 246 0
515 247 0
515 247 0
515 248 0
515 249 0
515 249 0
515 250 0
515 251 0
515 251 0
515 252 0
515 253 0
515 253 0
515 254 0
515 254 0
515 255 0
515 255 0
515 256 0
515 257 0
515 257 0
515 258 0
515 259 0
515 259 0
515 261 0
515 261 0
515 262 0
515 263 0
515 263 0
515 264 0
515 265 0
515 265 0
515 267 0
515 267 0
515 268 0
515 269 0
515 269 0
515 270 0
514 271 0
513 271 0
513 272 0
513 273 0
512 273 0
511 273 0
511 275 0
511 275 0
510 275 0
509 276 0
509 277 0
509 277 0
509 277 0
508 277 0
507 278 3
507 279 0
507 279 0
506 279 0
506 280 0
505 280 0
505 281 0
504 281 28
504 282 0
504 283 0
503 283 0
503 283 0
503 284 0
503 285 0
502 285 1
502 286 1
502 287 0
502 287 0
502 288 0
502 289 0
501 289 0
501 289 0
501 290 0
501 291 0
501 291 0
501 292 13
501 293 13
501 293 13
501 293 13
501 294 21
501 295 21
501 295 21
500 295 40
500 296 14
500 297 0
499 297 0
499 297 0
499 298 0
499 298 0
498 299 0
498 299 0
498 300 0
497 301 7
497 301 7
496 302 7
495 303 31
495 303 31
494 305 7
494 305 7
493 305 28
493 306 16
493 307 16
492 307 45
492 308 1
491 308 1
491 309 0
491 309 0
490 309 0
490 310 0
489 310 0
489 311 0
489 311 0
488 311 0
487 311 0
487 312 0
487 312 0
486 312 19
485 312 29
485 313 0
485 313 0
484 313 0
483 313 15
483 314 15
482 314 15
481 314 37
481 315 11
481 315 11
480 315 29
479 315 29
479 316 0
478 317 25
477 318 0
477 319 0
477 320 0
477 321 0
477 321 0
477 322 0
477 323 0
477 324 0
477 325 0
477 325 0
477 326 5
477 327 5
477 327 5
477 327 5
478 327 5
478 328 25
479 329 0
479 329 0
479 330 9
480 331 9
481 331 0
481 332 9
481 333 37
482 333 28
482 333 28
483 333 28
483 333 28
484 334 19
485 335 58
485 335 58
486 335 52
487 335 39
487 335 39
488 335 39
489 335 22
489 335 22
490 335 22
491 335 9
492 335 9
493 335 6
493 335 6
494 335 9
495 335 9
496 336 8
497 336 8
497 336 8
498 336 13
499 336 11
499 336 11
500 336 11
501 336 1
501 336 1
502 336 1
503 336 0
503 336 0
504 336 0
505 336 0
507 336 0
507 336 0
508 336 0
509 336 0
509 336 0
510 336 0
511 336 2
511 336 2
512 336 2
513 336 12
513 336 12
514 336 12
515 336 19
515 336 19
516 336 19
517 336 33
517 335 33
518 335 49
519 335 49
519 335 49
519 335 49
520 334 40
521 333 40
521 333 40
521 333 40
522 333 54
522 332 32
523 332 41
523 331 31
523 331 31
523 330 31
523 329 35
524 329 35
525 328 62
525 327 44
525 327 44
525 326 44
525 325 38
525 325 38
525 324 40
525 323 40
525 323 40
525 322 42
525 321 42
525 321 42
525 320 36
525 319 44
525 319 44
525 318 44
525 317 43
525 317 43
525 316 43
525 315 33
525 315 33
525 314 23
525 313 23
525 313 23
525 311 30
525 311 30
525 310 39
525 309 39
525 308 37
525 307 35
525 307 35
525 306 35
525 305 45
525 305 45
525 304 45
525 303 36
525 303 36
525 302 27
525 301 27
525 301 27
525 300 21
525 299 21
525 299 21
525 298 27
525 297 27
525 297 27
525 296 42
525 295 44
525 295 44
525 294 44
525 293 39
525 293 39
524 292 31
524 291 35
524 291 35
524 290 31
524 289 31
523 289 31
523 287 45
523 287 45
523 286 50
523 285 50
522 285 32
522 283 21
522 283 21
521 281 13
521 281 13
521 280 13
521 279 21
521 279 21
521 278 29
521 277 29
520 276 30
520 275 30
520 275 30
520 274 32
520 273 32
520 273 32
520 272 22
520 271 9
520 271 9
520 270 9
520 269 3
520 269 3
520 268 3
520 267 0
520 267 0
520 266 0
520 265 0
520 265 0
520 264 8
520 263 8
520 262 0
520 261 0
520 261 0
521 261 0
521 259 0
521 259 0
521 258 0
521 257 0
521 257 0
521 256 0
521 255 0
521 255 0
521 254 0
521 253 0
521 253 0
522 253 0
522 252 0
522 251 0
522 251 0
522 250 0
522 249 0
522 249 0
522 248 0
522 247 0
522 247 0
522 246 0
522 245 0
522 245 0
522 244 0
522 243 2
522 243 2
522 242 1
522 241 1
522 241 1
522 240 14
522 239 14
522 239 14
522 238 21
522 237 0
522 237 0
522 236 0
522 235 0
522 235 0
522 234 0
522 233 9
522 233 9
521 232 0
521 231 0
521 231 0
521 230 0
520 229 0
519 229 0
519 228 16
519 228 16
Stop
New Slice
Start
513 335 12
513 335 12
513 335 12
512 335 2
511 335 2
511 335 2
510 335 0
509 335 0
509 335 0
508 335 0
507 335 0
507 335 0
506 335 0
505 335 0
505 335 0
504 335 0
503 335 0
503 335 0
502 335 1
501 335 1
501 335 1
500 335 11
499 335 11
499 335 11
498 335 13
497 335 8
497 335 8
496 335 8
495 335 9
495 335 9
494 335 9
493 335 6
492 335 9
491 335 9
491 335 9
490 335 22
489 334 0
489 334 0
488 334 0
487 333 0
487 333 0
486 333 5
485 333 19
485 333 19
485 332 0
484 331 0
483 331 0
483 331 0
483 331 0
482 331 0
481 330 0
481 330 0
481 329 0
480 329 0
480 329 0
479 329 0
479 328 0
478 328 25
478 327 5
477 327 5
477 327 5
477 326 5
476 325 12
476 324 10
476 323 10
476 323 10
476 322 13
476 321 13
476 321 13
476 320 13
476 319 31
476 319 31
477 318 0
477 318 0
478 317 25
479 317 0
479 317 0
480 317 0
481 317 0
481 316 0
481 315 11
482 315 0
483 315 0
483 315 0
484 314 0
485 313 0
485 313 0
486 313 0
487 312 0
487 311 0
488 311 0
489 311 0
489 310 0
489 309 0
490 309 0
491 309 0
491 308 1
492 307 45
492 307 45
493 307 16
493 307 16
493 306 16
494 306 0
495 305 7
495 305 7
496 304 0
496 303 0
497 303 0
497 302 7
497 301 7
498 301 0
498 300 0
498 299 0
498 299 0
498 298 4
498 297 4
499 297 0
499 297 0
499 296 14
499 296 14
499 295 40
499 295 40
499 294 40
499 293 38
500 293 38
500 293 38
500 292 38
500 291 20
501 291 0
501 290 0
501 289 0
501 289 0
501 288 0
501 287 0
501 287 0
502 287 0
502 285 1
502 285 1
502 284 19
503 283 0
503 283 0
503 282 0
503 281 28
503 281 28
504 281 28
504 280 28
504 279 44
505 279 10
505 278 22
505 278 22
505 277 22
506 277 3
506 277 3
506 276 18
507 275 18
507 275 18
507 274 42
508 274 13
508 273 13
508 273 13
509 273 13
509 272 25
509 271 48
509 271 48
509 270 48
509 269 65
510 269 40
511 268 19
511 267 29
511 266 37
511 265 37
511 265 37
512 265 37
512 264 34
512 263 34
512 263 34
512 262 26
512 261 22
512 260 22
513 259 0
513 259 0
513 258 0
513 257 0
513 257 0
513 256 0
513 255 0
513 255 0
513 254 2
513 253 2
513 253 2
513 252 5
513 251 5
513 251 5
513 250 0
513 249 0
513 249 0
513 248 0
513 247 3
513 247 3
513 246 3
513 245 0
513 245 0
513 244 0
513 243 2
513 243 2
513 242 3
513 241 3
513 241 3
513 241 3
513 240 10
513 239 10
513 239 10
513 238 10
513 237 15
514 237 15
514 237 15
514 236 15
514 235 21
514 235 21
514 234 21
514 233 35
514 233 35
515 233 12
515 232 12
515 231 22
515 231 22
515 230 22
515 229 22
515 229 22
516 229 22
516 228 24
517 228 11
517 227 11
517 227 11
518 227 16
519 227 16
519 227 16
519 228 16
519 229 0
519 230 0
519 231 0
519 231 0
519 232 0
519 233 0
520 233 0
520 234 0
520 235 0
520 235 0
520 236 0
520 237 0
520 237 0
520 238 0
520 239 0
520 239 0
521 240 0
521 241 0
521 241 0
521 242 0
521 243 0
521 243 0
521 244 0
521 245 0
521 245 0
521 246 0
521 247 0
521 247 0
521 249 0
521 249 0
521 250 0
521 251 0
521 251 0
521 252 0
521 253 0
521 253 0
521 254 0
521 255 0
521 255 0
521 256 0
521 257 0
521 257 0
521 258 0
521 259 0
521 259 0
521 260 0
521 261 0
521 261 0
521 262 0
521 263 8
521 263 8
521 264 8
521 265 0
521 265 0
521 266 0
521 267 0
521 267 0
521 268 3
521 269 3
521 269 3
521 270 9
521 271 9
521 272 22
521 273 32
521 273 32
521 274 32
521 275 30
521 275 30
521 276 30
521 277 29
521 277 29
521 278 29
521 279 21
521 279 21
521 280 13
521 281 13
520 281 13
520 282 13
520 283 13
520 283 13
520 284 16
520 285 18
520 285 18
520 286 18
520 287 18
520 287 18
520 288 18
520 289 27
520 289 27
520 290 27
520 291 19
521 291 19
521 292 10
521 293 10
521 293 10
521 294 8
521 295 8
521 295 8
521 296 7
521 297 2
522 297 30
522 298 30
522 299 31
522 299 31
522 300 31
523 300 30
523 301 40
523 301 40
523 302 40
523 303 33
523 303 33
523 304 39
523 305 39
523 305 39
523 306 30
523 307 30
523 307 30
523 308 25
523 309 29
523 309 29
523 310 29
523 311 24
523 311 24
523 312 24
523 313 3
523 313 3
523 314 3
523 315 21
523 315 21
523 316 23
523 317 23
523 317 23
523 318 32
523 319 32
523 319 32
523 320 29
523 321 34
523 321 34
523 322 34
523 323 24
523 323 24
523 324 24
523 325 22
523 325 22
523 326 28
523 327 28
522 327 7
522 327 7
522 328 3
522 329 3
521 329 0
521 330 0
521 331 0
520 331 0
520 332 10
519 333 18
519 333 18
518 334 18
517 334 0
517 334 0
516 334 0
515 334 0
515 334 0
514 334 0
513 334 0
513 335 12
512 335 2
511 335 2
511 335 2
510 335 0
510 335 0
Stop
