New Slice
Start
595 167 35
595 168 22
595 169 23
594 169 22
594 170 22
594 171 20
594 171 20
594 172 20
594 173 11
594 173 11
593 174 23
593 175 23
593 175 23
593 176 29
593 177 29
593 177 29
593 178 25
593 179 18
593 179 18
593 180 18
593 181 21
593 182 21
593 183 31
594 183 31
594 184 31
594 185 32
594 185 32
594 186 36
595 186 19
595 187 19
595 188 18
595 189 18
595 189 18
595 190 36
596 191 40
596 191 40
596 192 40
596 193 45
596 193 45
597 193 37
597 194 37
597 195 40
597 195 40
597 196 40
597 197 51
597 197 51
598 198 45
598 199 45
598 199 45
598 200 51
598 201 51
598 201 51
598 202 55
598 203 52
598 203 52
598 204 52
598 205 45
597 205 45
597 205 45
597 206 45
596 207 54
595 207 54
595 208 54
594 209 43
593 209 43
593 209 43
592 209 47
592 210 16
591 210 23
591 210 23
590 210 23
589 210 28
589 210 28
588 210 28
587 210 35
587 210 35
586 210 36
585 210 36
585 209 69
585 209 69
584 209 66
583 209 66
583 208 76
583 207 76
583 207 76
582 206 71
581 205 55
581 205 55
581 203 69
581 203 69
580 202 81
580 201 79
579 201 68
579 201 68
579 200 68
579 199 72
579 199 72
579 198 72
578 197 73
578 197 73
577 196 64
577 195 64
577 194 56
577 193 56
577 193 56
577 192 69
577 191 69
577 191 69
577 189 78
576 189 78
576 188 78
576 187 69
576 187 69
576 186 69
576 185 65
576 185 65
575 185 59
575 184 66
575 183 66
575 183 66
575 182 72
575 181 72
575 181 72
575 181 72
575 180 70
575 179 70
575 179 70
575 178 69
575 177 57
575 177 57
575 176 57
575 175 48
575 175 48
575 174 48
575 173 42
575 173 42
575 172 43
575 171 43
575 171 43
575 170 44
575 169 44
575 169 44
575 168 33
575 167 26
574 167 18
574 166 18
574 165 30
574 165 30
573 164 30
573 164 30
572 163 62
571 163 62
571 163 62
571 164 41
570 164 61
570 165 61
569 165 78
569 166 76
569 167 76
569 167 76
569 168 70
569 169 58
569 169 58
569 170 58
569 171 62
569 172 62
569 173 59
569 174 51
569 175 51
569 175 51
569 176 48
569 177 48
569 177 48
569 178 49
569 179 53
569 179 53
569 180 53
569 181 54
569 181 54
569 182 54
569 183 56
569 183 56
569 184 56
569 185 46
569 185 46
569 186 42
569 187 42
569 187 42
569 188 56
569 189 56
569 189 56
569 190 65
569 191 61
569 191 61
569 192 61
569 193 59
569 193 59
569 194 59
569 195 67
569 195 67
569 196 67
569 197 65
569 197 65
569 198 77
569 199 77
569 199 77
569 200 75
569 201 75
569 201 75
569 202 83
569 203 75
569 203 75
570 203 63
570 204 63
570 205 71
571 205 48
571 206 48
571 207 56
572 207 56
572 208 56
572 209 67
573 209 46
573 209 46
573 210 41
573 211 41
573 211 41
573 212 35
573 213 35
573 213 35
573 215 15
572 215 34
572 215 34
571 216 34
571 217 12
570 217 32
570 217 32
569 218 55
569 219 37
568 219 37
567 219 59
567 220 45
567 221 45
567 221 45
566 221 45
565 222 45
565 223 45
565 223 45
565 223 45
565 224 44
564 225 44
563 225 57
563 225 57
563 226 38
563 227 29
562 227 43
562 227 43
561 227 43
561 228 43
560 229 64
559 230 64
559 231 62
559 231 62
558 232 58
557 233 75
557 233 75
557 235 48
556 235 48
555 237 46
555 237 46
555 238 33
554 239 28
554 239 28
553 241 35
553 241 35
553 242 35
553 243 28
552 243 28
552 244 25
552 245 25
551 245 50
551 246 41
551 247 41
551 248 44
551 249 44
551 249 44
551 250 36
551 251 33
551 251 33
551 252 33
550 252 44
550 253 39
550 253 39
550 254 39
550 255 46
550 255 46
550 256 43
550 257 43
550 257 43
550 258 34
550 259 34
550 259 34
550 260 35
550 261 35
550 261 35
550 262 28
550 263 38
550 263 38
550 265 35
550 265 35
550 266 35
550 267 37
550 267 37
550 268 42
550 269 42
550 269 42
550 270 41
550 271 41
550 271 41
550 272 49
550 273 52
550 273 52
550 274 52
550 275 36
550 275 36
550 276 36
550 277 38
551 278 32
551 279 30
551 280 43
551 281 43
551 281 43
551 282 42
552 283 41
552 283 41
553 284 42
553 285 55
553 285 55
553 286 55
553 287 69
553 287 69
553 288 69
553 289 72
554 289 57
555 290 57
555 291 63
555 291 63
555 291 63
556 291 44
557 292 53
557 293 53
557 293 53
557 293 53
558 293 30
559 294 27
559 294 27
559 295 27
560 295 27
561 295 17
561 295 17
561 295 17
562 295 17
563 295 15
563 296 17
564 296 19
565 297 30
565 297 30
566 297 26
567 297 26
567 297 26
567 297 26
568 297 16
569 297 16
569 297 16
570 298 8
571 298 8
571 298 8
572 299 33
573 299 26
573 299 26
574 299 26
575 299 26
575 299 26
576 299 29
577 299 29
577 299 29
578 299 28
579 299 28
579 299 28
580 299 28
581 299 28
581 299 28
582 299 30
583 299 34
583 299 34
584 299 34
585 299 43
585 299 43
586 299 43
587 299 58
587 299 58
588 299 75
589 299 75
589 299 75
590 299 85
591 299 85
591 299 85
592 299 83
593 299 80
593 299 80
593 298 74
594 298 74
595 298 86
595 298 86
596 297 86
597 297 100
597 297 100
597 296 97
598 296 97
599 295 89
600 295 93
601 294 93
601 294 93
601 293 70
602 293 76
603 293 76
603 292 76
604 292 79
604 291 64
605 291 82
605 291 82
605 290 63
606 290 63
606 289 63
607 289 80
607 289 80
607 288 67
608 288 67
608 287 67
609 287 84
609 287 84
609 287 84
609 286 69
610 285 69
610 285 69
611 285 98
611 284 82
609 284 56
609 284 56
609 285 69
608 285 45
607 285 45
607 286 45
606 286 35
605 287 49
605 287 49
603 287 39
603 287 39
601 288 44
601 288 44
601 289 33
599 289 41
599 289 41
598 289 55
597 289 55
597 289 55
597 290 55
596 290 64
595 290 64
595 290 64
593 290 72
593 290 72
592 290 78
591 290 85
591 290 85
590 290 85
589 290 89
589 291 76
588 291 76
587 291 84
587 291 84
586 291 89
585 291 89
585 291 89
584 291 89
583 291 89
582 292 78
581 292 78
581 292 78
580 292 78
579 292 77
579 293 77
577 293 71
577 293 71
576 293 71
575 293 73
575 293 73
574 293 76
573 293 76
573 293 76
572 293 78
571 293 78
571 293 78
570 293 79
569 293 72
569 293 72
568 293 72
567 292 55
567 292 55
566 292 55
565 291 68
565 291 68
565 291 68
564 291 68
564 290 77
563 290 67
563 289 67
562 289 50
562 289 50
561 289 50
561 288 66
561 287 66
560 287 53
560 287 53
559 287 53
559 286 56
559 285 56
558 285 43
558 285 43
557 284 59
557 283 63
557 283 63
556 282 63
556 281 70
556 281 70
555 280 55
555 279 65
555 279 65
555 278 71
555 277 71
554 277 71
554 277 71
554 276 73
554 275 73
554 275 73
553 273 66
553 273 66
553 272 76
553 271 67
553 271 67
553 270 67
553 269 67
553 269 67
553 268 67
553 267 68
553 267 68
553 266 61
553 265 61
553 265 61
553 264 59
553 263 59
553 263 59
553 262 56
553 261 53
553 261 53
553 260 53
553 259 34
553 259 34
553 258 34
553 257 37
553 257 37
553 256 37
553 255 36
553 255 36
553 254 30
553 253 30
553 252 26
554 251 30
554 251 30
555 250 24
555 249 13
555 249 13
555 248 13
556 247 10
556 247 10
557 246 10
557 245 15
557 245 15
557 245 15
558 243 28
559 243 43
559 242 37
559 241 37
560 241 37
560 240 33
561 240 42
561 239 42
561 239 42
562 238 36
563 237 22
563 237 22
564 235 39
565 235 39
565 235 39
565 234 39
565 233 32
566 233 47
567 233 47
567 232 47
567 231 32
567 231 32
568 231 53
569 230 35
569 229 35
569 229 35
569 229 35
569 228 20
570 227 37
571 227 56
571 227 56
571 227 56
571 226 41
572 226 41
572 225 24
573 225 40
573 225 40
573 224 40
574 224 40
574 223 25
575 223 54
575 222 54
576 222 77
577 221 50
577 221 50
577 221 50
578 221 69
578 220 69
579 220 69
579 219 39
579 219 39
580 219 55
581 219 55
581 218 28
582 218 26
583 217 21
583 217 21
584 217 21
585 217 23
585 217 23
586 217 23
587 217 33
587 217 33
588 217 42
589 217 42
590 217 44
591 218 44
591 219 80
592 219 78
593 219 69
593 219 69
593 220 82
594 221 82
595 221 72
595 221 72
596 221 72
597 222 79
597 222 79
598 222 79
599 223 67
599 223 67
600 223 53
601 223 53
601 223 53
602 223 48
603 223 48
603 223 48
605 223 67
605 223 67
606 222 67
607 222 72
607 221 69
607 221 69
607 220 69
607 219 68
607 219 68
607 218 69
607 217 69
607 217 69
607 216 71
607 215 71
607 215 71
607 214 73
607 213 91
607 213 91
607 212 91
607 211 93
607 211 93
607 210 93
607 209 81
607 209 81
607 208 79
607 207 79
607 207 79
607 207 79
607 206 79
607 205 79
606 205 62
606 204 74
606 203 74
606 202 78
605 201 80
605 201 80
605 200 80
605 199 77
605 199 77
605 198 77
604 197 55
604 197 55
604 196 59
604 195 59
603 195 48
603 194 51
603 193 51
603 193 51
603 192 50
603 191 50
602 190 51
602 189 66
602 189 66
602 188 66
601 188 50
601 187 48
601 187 48
601 186 48
601 185 49
601 185 49
601 184 53
600 183 53
600 183 53
599 181 32
599 181 32
599 180 39
599 179 39
599 179 39
599 178 42
598 177 30
598 177 30
598 176 30
598 175 33
598 175 33
597 174 33
597 173 44
597 173 44
597 172 38
597 171 38
597 171 38
596 170 23
596 169 23
595 169 23
594 169 22
594 169 22
Stop
New Slice
Start
609 283 65
609 284 56
608 284 47
608 285 45
607 286 45
607 286 45
607 287 67
606 287 49
606 287 49
605 288 49
605 288 49
604 289 51
603 289 39
603 289 39
602 289 39
601 289 33
601 289 33
600 290 33
599 290 41
598 291 39
597 291 39
597 291 39
596 291 40
595 292 32
595 292 32
594 292 34
593 292 34
593 292 34
592 292 41
591 292 55
591 292 55
590 292 55
589 293 66
588 293 66
587 293 76
587 293 76
587 293 76
586 293 79
585 293 79
585 293 79
584 293 78
583 293 78
583 293 78
582 293 78
581 293 78
581 293 78
580 293 78
579 293 77
579 293 77
578 293 77
577 293 71
577 293 71
576 293 71
575 293 73
575 293 73
574 293 76
573 293 76
573 293 76
572 293 78
571 293 78
571 293 78
570 293 79
569 293 72
569 293 72
568 293 72
567 293 55
567 292 55
567 292 55
566 292 55
565 292 40
565 291 68
565 291 68
564 291 68
563 291 42
563 290 67
563 290 67
563 289 67
562 289 50
561 289 50
561 288 66
561 288 66
561 287 66
560 287 53
559 287 53
559 286 56
559 285 56
559 285 56
559 284 73
559 283 70
558 282 70
558 281 79
558 281 79
558 280 79
557 279 83
557 279 83
557 277 81
557 277 81
557 276 88
557 275 88
557 275 88
556 274 83
556 273 83
556 273 83
556 272 94
556 271 91
556 271 91
556 270 91
556 269 82
556 269 82
556 268 82
555 267 76
555 266 69
555 265 69
555 264 74
555 263 74
555 263 74
555 262 74
555 261 73
555 261 73
555 260 73
555 259 54
555 259 54
555 258 54
555 257 54
555 257 54
555 256 54
555 255 45
555 255 45
555 254 40
555 253 40
555 253 40
555 252 30
556 251 49
556 251 49
556 250 37
556 249 19
557 249 19
557 249 19
557 248 19
557 247 10
558 246 31
559 245 39
559 245 39
559 244 39
559 243 43
560 243 43
560 242 37
561 242 49
561 241 49
561 241 49
562 240 42
562 239 42
563 239 59
563 238 48
563 238 48
564 237 44
565 236 44
565 235 39
565 235 39
566 234 57
567 233 47
567 233 47
567 232 47
567 231 32
568 231 53
568 230 35
569 229 35
569 229 35
569 229 35
569 228 20
570 227 37
570 227 37
571 227 56
571 226 41
571 225 24
571 225 24
572 225 24
572 224 24
573 223 25
573 223 25
573 223 25
574 223 25
575 222 54
575 221 31
576 221 50
576 221 50
577 221 50
577 220 50
578 219 39
579 219 39
581 219 55
581 219 55
582 219 65
583 219 60
583 219 60
584 219 60
585 219 57
586 219 57
587 219 66
587 219 66
588 219 76
589 219 76
590 219 80
591 219 80
591 219 80
592 219 78
593 219 69
593 219 69
594 219 69
595 220 72
596 220 72
596 221 72
597 221 59
597 221 59
597 221 59
598 222 79
599 223 67
600 223 53
600 224 74
601 224 74
601 224 74
601 223 53
602 223 48
602 223 48
603 223 48
603 222 48
603 221 30
603 221 30
603 220 30
603 219 23
603 219 23
603 218 18
603 217 18
603 217 18
603 216 23
603 215 23
603 215 23
603 214 28
603 213 33
603 213 33
603 212 33
603 211 35
603 211 35
603 210 35
603 209 33
603 208 31
603 207 31
603 207 31
603 206 44
603 205 44
603 205 44
603 203 46
603 203 46
603 202 42
603 201 42
603 201 42
603 199 50
603 199 50
603 198 50
603 197 46
603 197 46
603 196 48
603 195 48
602 195 48
602 194 51
602 193 51
602 193 51
602 192 50
602 191 50
601 190 42
601 189 50
601 189 50
601 188 50
601 187 48
601 186 48
600 185 49
600 185 49
600 184 53
600 183 53
599 182 32
599 181 32
599 181 32
599 180 39
599 179 39
599 179 39
598 179 18
598 178 32
598 177 30
598 177 30
598 176 30
598 175 33
597 175 33
597 174 33
597 173 44
597 173 44
597 172 38
597 171 38
597 171 38
597 170 33
596 169 23
596 169 23
596 168 22
595 167 35
595 167 35
594 167 31
593 167 31
593 167 31
592 167 45
591 167 62
591 167 62
591 167 62
591 168 55
591 169 52
591 169 52
591 170 52
590 171 58
590 171 58
590 172 58
590 173 57
590 173 57
590 174 52
590 175 52
590 175 52
590 176 53
590 177 53
590 178 50
590 179 46
590 179 46
590 180 46
590 181 43
590 181 43
591 182 43
591 183 51
591 183 51
591 184 51
591 185 61
591 185 61
591 186 70
592 187 58
593 187 36
593 188 38
593 189 38
593 189 38
593 190 48
593 191 56
594 191 56
595 191 40
595 192 40
595 193 45
595 193 45
595 194 45
595 195 57
595 195 57
596 196 57
596 197 63
597 197 51
597 198 45
597 199 45
597 199 45
597 200 51
597 201 51
597 201 51
597 202 55
598 202 55
598 203 52
598 203 52
598 204 52
598 205 45
598 205 45
597 206 45
597 207 37
597 207 37
596 208 54
595 208 54
594 209 43
593 209 43
593 209 43
592 209 47
591 209 56
591 209 56
591 210 23
590 210 23
589 210 28
589 210 28
588 210 28
587 210 35
587 210 35
586 210 36
586 209 69
585 209 69
585 209 69
584 209 66
583 208 76
583 207 76
583 207 76
582 207 59
581 207 42
581 206 55
581 205 55
580 205 55
579 205 40
579 205 40
579 203 52
578 203 52
578 203 52
577 203 28
577 202 42
577 201 45
577 201 45
576 201 45
576 200 45
576 199 53
576 199 53
575 198 32
575 197 33
575 197 33
575 196 42
575 195 42
575 195 42
575 194 42
575 193 42
575 192 53
575 191 53
575 191 53
575 191 53
575 190 53
575 189 61
575 189 61
575 188 61
575 187 53
575 187 53
574 185 48
574 185 48
574 184 46
574 183 46
574 182 44
574 181 44
573 181 44
573 180 54
573 179 54
573 179 54
573 178 55
573 177 45
573 176 45
573 175 32
573 175 32
573 174 32
573 173 21
573 173 21
574 172 29
574 171 29
574 171 29
575 170 44
575 169 44
575 169 44
575 169 44
575 168 33
574 167 18
574 167 18
573 167 18
573 166 18
573 166 18
572 166 32
571 166 32
571 166 32
570 166 56
570 167 56
569 168 70
569 169 58
569 170 58
569 171 62
569 171 62
569 172 62
569 173 59
569 173 59
569 174 51
569 175 51
569 175 51
569 176 48
569 177 48
569 177 48
569 178 49
569 179 53
569 179 53
569 180 53
569 181 54
569 181 54
569 183 56
569 183 56
569 185 46
569 185 46
569 186 42
569 187 42
569 187 42
569 188 56
569 189 56
569 189 56
569 190 65
569 191 61
569 191 61
569 192 61
569 193 59
569 193 59
569 194 59
569 195 67
569 195 67
569 196 67
569 197 65
569 197 65
569 198 77
569 199 77
569 199 77
569 200 75
569 201 75
569 201 75
569 202 83
569 203 75
569 203 75
570 205 71
571 205 48
571 206 48
571 207 56
571 207 56
571 207 56
571 208 56
571 209 67
571 209 67
572 210 60
572 211 60
572 211 60
572 212 55
572 213 55
572 213 55
572 214 52
572 215 34
571 215 34
571 216 34
571 217 12
570 217 32
570 217 32
569 218 55
569 219 37
568 219 37
568 219 37
568 220 26
567 221 45
567 221 45
567 222 33
566 222 33
566 223 33
566 223 33
565 223 45
565 224 44
565 224 44
564 225 44
564 225 44
563 226 38
563 227 29
562 227 43
562 228 43
561 228 43
561 229 46
561 229 46
560 230 64
560 231 62
559 231 62
559 232 37
559 233 37
558 233 58
558 234 41
557 234 48
557 235 48
557 235 48
557 236 38
557 237 38
556 237 38
555 238 33
555 239 28
555 239 28
555 240 28
554 241 19
554 242 19
553 243 28
553 243 28
553 244 25
553 245 25
553 245 25
552 246 20
552 247 20
551 248 44
551 249 44
551 250 36
551 251 33
551 251 33
550 252 44
550 253 39
549 254 39
549 255 46
549 255 46
549 256 43
549 257 43
549 258 34
549 259 34
548 259 49
548 260 42
548 261 42
548 261 42
548 262 34
547 263 39
547 264 39
547 265 29
547 266 29
547 267 26
547 267 26
547 268 35
547 269 35
547 269 35
547 270 37
547 271 37
547 271 37
547 272 43
547 273 46
547 273 46
547 274 46
548 275 48
548 276 48
549 277 38
549 278 38
549 279 39
549 279 39
549 280 50
550 280 50
550 281 50
551 283 42
551 283 42
551 283 42
551 284 47
552 285 55
552 285 55
553 286 55
553 287 69
553 287 69
554 288 51
555 289 57
555 289 57
555 290 57
556 291 44
557 291 44
557 292 53
557 293 53
558 293 30
559 294 27
559 294 27
559 295 27
560 295 27
561 296 22
561 296 22
562 296 22
563 296 17
563 296 17
564 296 19
565 296 19
565 296 19
566 296 14
567 296 14
568 296 13
569 296 13
569 296 13
570 296 19
571 296 30
571 296 30
572 296 30
573 296 39
573 296 39
574 296 39
575 296 47
575 296 47
576 296 53
577 296 53
577 297 21
578 297 17
579 297 17
579 297 17
581 297 20
581 297 20
582 297 22
585 297 20
585 297 20
586 297 20
587 297 27
588 296 26
589 296 26
589 296 26
589 295 41
591 295 27
591 295 27
591 295 27
591 294 27
593 293 34
593 293 34
594 292 34
595 291 40
595 291 40
596 291 40
597 291 39
597 290 55
598 289 55
599 289 41
599 289 41
600 289 33
601 289 33
601 289 33
Stop
New Slice
Start
596 167 35
595 167 35
595 167 35
594 167 31
593 168 21
593 169 22
593 169 22
592 169 28
592 170 28
592 171 32
592 171 32
592 172 32
592 173 29
592 173 29
591 173 57
591 175 52
591 175 52
591 176 53
591 177 53
591 177 53
591 178 50
591 179 46
591 179 46
591 180 46
591 181 43
591 181 43
592 182 32
592 183 39
592 183 39
592 184 39
593 184 31
593 185 32
593 186 36
593 187 36
593 187 36
594 187 36
594 188 38
594 189 38
595 189 18
595 189 18
595 189 18
595 190 36
595 191 40
596 191 40
596 192 40
597 193 37
597 194 37
597 195 40
597 195 40
598 197 51
598 197 51
599 197 39
599 198 35
599 199 35
599 199 35
599 200 37
599 201 37
599 201 37
599 202 43
599 203 34
599 203 34
599 204 34
599 205 32
599 205 32
599 206 32
599 207 25
598 208 37
598 209 28
597 209 28
597 209 28
597 209 28
597 210 12
596 210 10
595 211 10
594 211 13
593 211 13
593 211 13
592 211 16
591 211 23
591 211 23
590 211 23
589 211 28
589 211 28
588 211 28
587 211 35
587 211 35
586 211 36
585 211 36
584 211 32
584 211 32
583 211 32
583 210 32
583 210 32
582 209 52
581 209 35
581 209 35
581 209 35
581 207 42
580 207 42
580 207 42
579 206 40
579 205 40
579 205 40
579 204 52
579 203 52
578 203 52
578 203 52
577 202 42
577 201 45
577 201 45
577 200 45
577 199 53
577 199 53
577 198 53
577 197 59
577 197 59
576 196 64
576 195 64
576 195 64
575 195 42
575 194 42
575 193 42
575 193 42
575 192 53
575 191 53
575 191 53
575 190 53
575 189 61
575 189 61
575 188 61
574 187 39
574 187 39
574 186 39
574 185 48
574 185 48
574 184 46
574 183 46
574 183 46
574 181 44
574 181 44
574 180 54
574 179 54
574 179 54
574 178 55
574 177 45
574 177 45
574 176 45
574 175 32
574 175 32
574 174 32
575 174 48
575 173 42
575 173 42
575 172 43
575 171 43
575 171 43
575 170 44
575 169 44
575 169 44
575 168 33
575 167 26
575 167 26
575 166 26
574 166 18
574 165 30
573 165 30
573 165 30
572 165 41
571 165 41
571 165 41
570 165 61
570 166 56
570 167 56
569 167 76
569 167 76
569 169 58
569 169 58
569 170 58
569 171 62
568 171 62
568 172 62
568 173 59
568 173 59
568 174 51
568 175 51
568 175 51
568 176 48
568 177 48
568 177 48
568 178 49
568 179 53
568 179 53
568 180 53
568 181 54
568 181 54
568 182 54
568 183 56
568 183 56
568 184 56
568 185 46
568 185 46
568 186 42
568 187 42
568 188 56
568 189 56
568 189 56
568 190 65
568 191 61
568 191 61
568 192 61
568 193 59
568 193 59
568 194 59
568 195 67
568 195 67
568 196 67
568 197 65
568 197 65
568 198 77
568 199 77
568 200 75
568 201 75
568 202 83
568 203 75
568 203 75
568 204 75
568 205 85
569 205 85
569 205 85
569 206 85
569 207 80
570 207 71
571 207 56
571 208 56
571 208 56
571 209 67
572 209 67
572 209 67
573 211 41
573 212 35
573 213 35
573 213 35
573 214 26
573 215 15
573 215 15
573 216 15
573 217 6
573 217 6
572 218 12
571 219 16
571 219 16
571 219 16
570 220 16
569 220 26
569 221 26
568 221 26
567 222 33
567 223 33
567 223 33
566 223 33
565 224 44
564 225 44
564 225 44
563 225 57
563 226 38
563 226 38
562 227 43
562 227 43
561 227 43
561 228 43
561 229 46
561 229 46
560 230 64
559 230 64
559 231 62
559 231 62
559 231 62
559 232 37
558 233 58
557 233 75
557 234 48
557 235 48
556 235 48
556 237 38
555 237 46
555 239 28
555 240 28
554 241 19
553 242 35
553 243 28
553 243 28
553 244 25
553 245 25
553 246 20
553 247 20
552 249 25
552 249 25
552 250 25
551 253 31
551 253 31
551 255 39
551 255 39
551 257 33
551 257 33
551 258 28
551 259 28
550 259 34
550 260 35
550 261 35
550 261 35
550 262 28
550 263 38
550 263 38
550 264 38
550 265 35
550 266 35
550 267 37
550 267 37
550 269 42
550 269 42
550 271 41
550 272 49
550 273 52
550 273 52
550 274 52
550 275 36
550 275 36
550 276 36
550 277 38
551 277 32
551 278 32
551 279 30
551 279 30
551 280 43
551 281 43
551 282 42
552 283 41
553 284 42
553 285 55
553 285 55
553 286 55
553 287 69
553 287 69
553 288 69
553 289 72
554 289 57
554 289 57
555 290 57
555 291 63
555 291 63
556 292 53
556 293 53
557 293 53
557 293 53
557 294 66
558 295 48
559 295 27
559 295 27
559 296 39
560 297 53
561 297 34
561 297 34
562 297 34
563 298 31
563 298 31
564 298 30
565 299 57
565 299 57
566 299 53
567 299 53
567 299 53
568 299 48
569 299 48
569 299 48
570 299 42
571 299 33
571 299 33
572 299 33
573 299 26
573 299 26
574 299 26
575 299 26
575 299 26
576 299 29
577 299 29
577 299 29
578 299 28
579 299 28
579 299 28
580 299 28
581 299 28
581 299 28
582 299 30
583 299 34
583 299 34
584 299 34
585 299 43
585 299 43
586 299 43
587 299 58
587 299 58
588 299 75
589 299 75
589 299 75
589 299 75
590 299 85
591 298 66
591 298 66
592 298 72
593 297 74
593 297 74
594 297 74
595 297 86
595 296 82
596 296 82
597 296 97
597 295 77
598 295 77
599 295 89
599 295 89
600 295 93
600 294 93
601 294 93
601 293 70
602 293 76
603 293 76
603 293 76
603 292 76
604 291 64
605 291 82
605 291 82
606 291 82
606 290 63
607 290 80
607 289 80
608 289 80
609 289 100
609 288 84
609 288 84
610 287 84
610 287 84
611 287 99
611 286 98
611 285 98
611 285 98
612 285 125
612 284 113
613 283 113
613 283 113
613 282 113
613 281 116
612 281 116
611 281 108
611 281 108
610 281 96
609 281 96
609 282 65
608 282 64
607 283 64
607 283 64
606 284 54
605 284 54
605 285 35
604 285 43
603 285 58
603 286 58
603 286 58
602 287 39
601 287 44
601 287 44
600 288 44
599 288 56
599 288 56
598 289 55
597 289 55
597 289 55
597 289 55
596 289 64
595 290 64
595 290 64
594 290 72
593 290 72
593 291 49
592 291 59
591 291 71
591 291 71
590 291 71
589 291 76
589 292 66
588 292 66
587 292 76
586 292 79
585 293 79
585 293 79
584 293 78
583 293 78
583 293 78
582 293 78
581 294 75
581 294 75
580 294 75
579 294 74
579 295 74
578 295 74
577 295 74
577 295 74
576 295 74
575 295 70
575 295 70
574 295 67
573 295 67
573 295 67
572 295 62
571 295 62
571 295 62
570 295 52
569 295 45
568 295 45
567 295 35
567 294 35
566 294 35
565 293 40
565 293 40
564 293 40
563 293 19
563 292 19
562 292 10
562 291 22
561 291 22
561 290 50
561 290 50
561 289 50
560 289 35
559 289 35
559 288 53
559 288 53
559 287 53
558 287 44
557 286 44
557 285 44
557 285 44
557 284 59
556 284 59
556 283 63
556 283 63
555 283 49
555 282 49
555 281 55
555 281 55
555 280 55
555 279 65
554 278 71
554 277 71
554 277 71
554 276 73
554 275 73
553 275 50
553 275 50
553 274 66
553 273 66
553 273 66
553 273 66
553 272 76
553 271 67
553 271 67
553 269 67
553 269 67
553 267 68
553 267 68
553 266 61
553 265 61
553 264 59
553 263 59
553 263 59
553 262 56
553 261 53
553 261 53
553 260 53
553 259 34
553 259 34
553 258 34
553 257 37
553 256 37
553 255 36
553 254 30
554 253 40
554 253 40
554 252 30
555 251 30
555 250 24
555 249 13
555 249 13
556 248 19
556 247 10
556 247 10
557 247 10
557 246 10
557 245 15
557 245 15
558 244 23
558 243 28
559 243 43
559 242 37
559 241 37
560 241 37
560 240 33
561 239 42
561 239 42
561 238 36
562 238 36
562 237 22
563 237 22
563 236 22
563 235 19
564 235 39
564 235 39
564 234 39
565 234 39
565 233 32
565 233 32
565 233 32
566 232 47
567 231 32
567 230 18
568 229 35
569 229 35
569 228 20
569 227 20
569 227 20
569 226 24
570 226 30
571 225 24
571 224 24
571 223 14
572 223 14
572 223 14
573 222 25
573 221 14
574 221 14
575 220 31
575 219 24
576 219 27
577 219 27
577 219 27
577 218 20
578 218 25
578 217 25
579 217 25
579 217 25
580 217 28
581 217 28
581 217 28
582 217 26
583 217 21
583 217 21
583 217 21
585 217 23
585 217 23
586 217 23
587 217 33
587 217 33
588 217 42
589 217 42
589 217 42
591 217 44
591 217 44
592 217 32
593 217 26
593 218 26
594 218 26
595 218 17
595 219 51
595 219 51
596 219 51
597 220 59
597 221 59
598 221 59
599 222 67
599 223 67
600 223 53
601 224 74
601 224 74
601 223 53
601 223 53
602 222 48
602 221 30
603 221 30
603 220 30
603 219 23
603 219 23
603 218 18
603 217 18
603 216 23
603 215 23
603 215 23
603 214 28
603 213 33
603 213 33
603 212 33
603 211 35
603 211 35
603 210 35
603 209 33
603 209 33
603 208 31
603 207 31
603 207 31
603 206 44
603 205 44
603 205 44
603 204 46
603 203 46
603 203 46
603 202 42
603 201 42
604 201 59
604 201 59
604 200 59
604 199 65
604 199 65
604 198 65
604 197 55
604 197 55
604 195 59
604 195 59
604 194 66
604 193 66
604 193 66
604 192 61
604 191 61
604 191 61
604 190 59
604 189 74
604 189 74
604 188 74
604 187 80
604 187 80
603 187 70
603 186 70
603 185 69
603 185 69
603 184 64
603 184 64
603 183 64
602 183 64
602 182 60
602 181 60
602 181 60
602 180 64
601 180 61
601 179 61
601 179 61
601 178 53
601 177 51
601 177 51
601 177 51
601 176 51
600 175 53
600 174 53
600 173 64
599 173 58
599 172 55
599 171 55
599 171 55
599 171 55
598 170 33
597 169 33
597 169 33
596 169 23
595 169 23
595 169 23
Stop
Start
599 169 47
599 168 55
598 168 36
598 167 54
597 167 54
597 167 54
Stop
