New Layer
Start
1063 778 36
1062 778 35
1062 778 35
1062 778 35
1062 778 35
1062 778 35
1061 778 34
1061 778 34
1061 778 34
1061 778 34
1060 777 36
1060 777 36
1060 777 36
1059 776 37
1059 776 37
1059 776 37
1058 776 34
1057 776 31
1056 775 34
1056 775 34
1055 775 32
1055 775 32
1055 775 32
1054 775 33
1054 775 33
1054 775 33
1053 775 35
1052 775 38
1052 776 34
1052 776 34
1051 776 38
1051 777 34
1051 777 34
1050 778 33
1050 778 33
1050 778 33
1050 779 30
1049 779 32
1049 779 32
1049 780 29
1049 780 29
1048 780 30
1047 780 31
1047 781 28
1047 781 28
1047 781 28
1046 781 29
1046 781 29
1045 782 27
1045 782 27
1045 783 24
1045 783 24
1044 783 27
1044 784 24
1044 784 24
1044 785 20
1044 785 20
1043 785 24
1043 786 20
1042 787 20
1042 787 20
1041 787 24
1040 788 24
1039 788 29
1039 788 29
1038 789 30
1037 789 35
1036 789 38
1036 789 38
1035 789 40
1035 790 35
1034 790 37
1034 790 37
1034 791 33
1033 791 36
1033 792 31
1033 792 31
1033 793 27
1033 793 27
1032 794 28
1032 794 28
1032 795 24
1031 795 30
1030 796 29
1029 796 34
1029 796 34
1029 797 31
1028 797 34
1028 797 34
1027 797 36
1026 797 38
1025 797 40
1025 798 35
1024 798 36
1024 798 36
1023 799 35
1023 799 35
1023 800 34
1023 800 34
1023 801 34
1023 802 35
1024 802 32
1024 803 34
1025 804 34
1025 804 34
1026 805 35
1026 806 38
1027 806 34
1027 807 39
1027 807 39
1028 807 37
1028 807 37
1028 808 42
1029 808 40
1030 808 38
1031 808 38
1032 808 38
1032 807 32
1032 807 32
1032 807 32
1033 807 33
1034 806 29
1035 806 32
1035 805 25
1036 805 28
1036 805 28
1037 805 31
1037 804 24
1038 804 28
1039 803 24
1040 803 28
1040 803 28
1041 803 31
1042 802 29
1042 802 29
1044 801 27
1045 800 25
1045 800 25
1046 799 24
1046 799 24
1047 798 22
1048 797 20
1048 797 20
1049 796 20
1050 796 24
1050 795 20
1051 795 23
1051 795 23
1052 794 23
1053 794 27
1053 794 27
1054 793 27
1055 793 32
1056 792 32
1057 792 37
1058 791 38
1058 791 38
1059 790 38
1059 789 35
1059 788 32
1060 787 35
1060 786 33
1061 786 37
1061 785 35
1062 784 36
1062 783 35
1062 783 35
1062 782 34
1063 782 37
1063 781 35
1063 781 35
1063 781 35
1063 780 34
1064 780 36
1064 780 36
1064 779 36
1064 779 36
1064 779 36
Stop
Start
1086 778 35
1086 778 35
1086 778 35
1085 778 37
1085 778 37
1085 778 37
1085 778 37
1084 778 39
1083 778 41
1083 777 34
1082 777 37
1082 777 37
1081 777 39
1080 777 40
1080 777 40
1079 776 36
1078 776 36
1078 776 36
1078 776 36
1078 776 36
1078 776 36
1078 775 31
1078 775 31
1078 775 31
1078 775 31
1078 774 30
1078 774 30
1078 774 30
1078 773 30
1079 773 30
1079 772 31
1079 772 31
1079 771 32
1080 771 33
1080 770 34
1080 769 34
1081 767 30
1081 766 30
1081 765 28
1081 764 26
1081 763 23
1081 762 21
1081 761 19
1080 760 20
1080 760 20
1080 759 18
1080 759 18
1080 758 16
1079 757 16
1079 757 16
1079 756 13
1079 755 11
1079 755 11
1078 754 14
1078 754 14
1078 753 13
1078 753 13
1078 752 14
1078 751 14
1078 750 15
1078 749 16
1077 748 20
1077 747 19
1076 746 20
1076 745 17
1075 744 18
1074 742 15
1073 741 17
1073 741 17
1072 741 21
1072 740 18
1072 740 18
1071 740 25
1071 739 22
1070 739 25
1070 738 22
1070 738 22
1069 738 26
1069 737 24
1069 737 24
1069 737 24
1069 736 23
1069 736 23
1069 735 23
1069 734 24
1069 733 25
1069 732 28
1069 731 31
1069 731 31
1069 730 34
1070 730 31
1070 730 31
1071 729 33
1071 729 33
1072 729 30
1072 728 34
1073 728 30
1073 728 30
1073 727 34
1074 726 31
1074 725 34
1075 724 32
1075 723 36
1075 722 38
1076 722 33
1076 721 35
1076 721 35
1076 720 38
1076 719 37
1077 718 34
1077 718 34
1077 717 36
1077 716 39
1078 716 35
1078 715 38
1079 714 38
1080 714 34
1080 713 40
1081 713 37
1082 712 37
1083 712 35
1083 712 35
1084 711 36
1085 711 33
1086 710 32
1087 710 29
1088 710 25
1089 709 24
1090 709 20
1090 708 22
1091 708 17
1091 707 20
1092 706 19
1092 706 19
1093 705 17
1093 705 17
1093 705 17
1093 704 20
1094 704 16
1094 703 20
1095 703 17
1095 702 21
1095 702 21
1095 702 21
1096 701 21
1096 700 26
1097 699 29
1097 699 29
1097 698 33
1097 698 33
1098 698 30
1098 697 34
1099 697 31
1099 696 35
1100 696 32
1100 695 34
1101 695 31
1101 694 34
1102 694 31
1103 693 29
1103 692 33
1104 691 32
1104 691 32
1104 690 36
1105 690 29
1105 689 33
1105 688 36
1106 688 29
1106 687 33
1106 687 33
1106 687 33
Stop
Start
1086 778 35
1086 778 35
1087 778 35
1087 778 35
1087 778 35
1088 777 28
1088 777 28
1088 777 28
1088 777 28
1089 777 29
1089 777 29
1089 776 21
1090 776 23
1091 776 24
1091 776 24
1092 776 24
1093 776 24
1094 776 24
1095 776 25
1096 776 25
1097 776 27
1097 776 27
1098 776 28
1099 776 28
1100 776 26
1100 776 26
1102 776 22
1103 776 22
1104 776 22
1106 776 27
1108 776 30
1109 776 30
1110 776 30
1111 776 29
1112 776 30
1113 776 29
1113 776 29
1114 776 28
1114 776 28
1115 776 28
1117 776 26
1117 776 26
1118 776 25
1120 776 22
1121 776 24
1122 775 18
1123 775 22
1123 775 22
1123 775 22
1124 774 20
1125 774 25
1125 774 25
1126 774 28
1126 774 28
1127 774 29
1127 774 29
1128 774 29
1129 774 29
1130 774 28
1131 774 26
1132 774 26
1133 774 26
1133 774 26
1134 774 27
1135 774 27
1136 774 27
1137 775 39
1138 775 39
1139 775 40
1140 775 41
1141 775 43
1142 775 45
1142 775 45
1144 775 48
1145 775 46
1146 775 43
1146 775 43
1147 775 40
1148 775 36
1149 775 31
1150 775 26
1151 775 23
1152 775 18
1152 775 18
1153 775 15
1153 776 23
1154 776 20
1155 777 23
1156 777 21
1156 777 21
1157 777 20
1158 778 27
1159 778 26
1159 778 26
1159 778 26
1160 778 26
1161 778 25
1161 778 25
1161 778 25
1162 777 18
1163 777 18
1163 777 18
1164 777 17
1164 777 17
1165 777 16
1166 778 17
1167 778 15
1167 779 18
1167 780 22
1168 780 18
1168 781 22
1168 782 26
1169 783 27
1169 783 27
1169 783 27
1170 783 23
1170 784 30
1171 784 28
1172 784 26
1172 785 33
1173 785 32
1174 785 32
1175 785 32
1176 785 32
1177 785 32
1178 785 33
1179 785 33
1180 785 34
1181 784 30
1182 784 32
1184 783 29
1185 782 25
1186 782 26
1188 782 28
1189 781 24
1190 781 26
1191 781 27
1191 781 27
1192 781 29
1193 781 30
1194 780 29
1195 780 31
1196 780 33
1197 779 31
1198 779 34
1199 778 30
1199 777 24
1200 776 24
1200 776 24
1200 775 18
1201 775 23
1201 774 19
1201 773 16
1202 773 20
1202 772 17
1202 771 13
1202 771 13
1203 771 16
1203 770 12
1204 770 13
1205 770 14
1206 769 9
1206 769 9
1206 769 9
1207 769 8
1208 769 9
1209 769 9
1211 769 9
1212 769 9
1213 769 10
1213 769 10
1214 769 11
1215 769 12
1216 769 12
1217 769 12
1218 769 11
1219 769 10
1220 769 9
1221 770 12
1223 770 8
1223 770 8
1224 771 11
1225 771 8
1225 771 8
1226 771 6
1227 772 12
1227 772 12
1228 772 11
1228 772 11
1229 772 10
1230 773 15
1231 773 14
1231 773 14
1232 773 12
1232 773 12
1232 773 12
1233 774 19
1234 774 18
1235 774 17
1235 774 17
1236 774 17
1236 774 17
1237 775 22
1238 775 21
1238 775 21
1239 775 20
1239 775 20
1240 775 19
1240 775 19
1240 775 19
1241 775 18
1241 775 18
1242 776 23
1242 776 23
1243 776 22
1243 776 22
1243 776 22
1244 776 21
1244 776 21
1245 776 19
1246 776 17
1246 776 17
1247 776 16
1247 776 16
1248 776 15
1248 776 15
1249 776 14
1249 776 14
1250 776 13
1251 776 13
1251 776 13
1252 776 13
1252 776 13
1253 776 14
1254 776 15
1254 776 15
1255 776 16
1255 776 16
1256 776 18
1256 776 18
1257 776 18
1257 776 18
1258 776 19
1258 776 19
1259 776 19
1259 776 19
1260 776 18
1261 776 17
1262 776 15
1262 776 15
1263 776 13
1263 776 13
1264 776 13
1264 776 13
1265 776 12
1265 776 12
1266 776 12
1267 776 12
1267 776 12
1268 776 12
1268 776 12
1268 776 12
1268 776 12
1268 776 12
1269 776 13
1269 776 13
1269 776 13
1270 776 13
1270 776 13
1270 776 13
1270 776 13
1271 776 14
1271 776 14
1271 776 14
1271 776 14
1272 776 16
1272 776 16
1272 776 16
1272 776 16
1272 776 16
1273 776 18
1273 776 18
1273 776 18
1273 776 18
1273 776 18
1274 776 20
1274 775 19
1274 775 19
1274 775 19
1274 775 19
1274 774 17
1274 774 17
1274 774 17
1274 774 17
1274 773 16
1274 773 16
1274 773 16
1274 773 16
1274 772 16
1274 772 16
1274 772 16
1274 771 15
1274 771 15
1274 771 15
1274 770 15
1274 770 15
1274 770 15
1274 769 17
1274 769 17
1274 769 17
1274 768 19
1274 768 19
1274 768 19
1273 767 18
1273 767 18
1273 767 18
1273 767 18
1273 767 18
1273 766 20
1272 766 17
1272 766 17
1272 766 17
1272 765 20
1271 765 17
1271 764 20
1271 764 20
1270 763 19
1270 763 19
1270 763 19
1270 762 21
1270 762 21
1269 762 16
1269 761 18
1269 761 18
1269 761 18
1269 760 19
1269 760 19
1269 760 19
1269 759 21
1268 759 15
1268 758 16
1268 758 16
1268 758 16
1268 757 17
1268 757 17
1268 756 17
1268 756 17
1268 755 18
1268 755 18
1268 755 18
1268 754 18
1268 754 18
1268 754 18
1268 753 19
1268 752 19
1268 752 19
1268 752 19
1268 751 20
1268 751 20
1268 750 22
1268 750 22
1268 749 23
1268 749 23
1268 748 24
1268 748 24
1268 748 24
1268 747 24
1268 747 24
1268 747 24
1268 746 25
1268 746 25
1268 746 25
1268 746 25
1268 745 27
1268 745 27
1268 744 29
1268 744 29
1268 744 29
1267 743 28
1267 743 28
1267 742 30
1266 741 27
1266 741 27
1266 741 27
1266 741 27
1266 741 27
1266 740 28
1266 740 28
1266 740 28
1265 740 22
1265 740 22
1265 739 24
1265 739 24
1265 739 24
1265 739 24
1265 738 25
1266 738 30
1266 738 30
1266 738 30
1266 737 30
1267 737 33
1267 737 33
1267 737 33
1267 737 33
1267 737 33
1268 736 33
1268 736 33
1268 736 33
1269 736 35
1269 735 32
1269 735 32
1269 734 31
1269 734 31
1269 734 31
1269 733 31
1269 733 31
1269 733 31
1269 732 32
1269 732 32
1269 732 32
1269 731 35
1268 731 34
1268 731 34
1268 731 34
1267 731 34
1267 731 34
1266 731 35
1266 731 35
1266 731 35
1265 731 36
1265 731 36
1264 731 34
1263 731 33
1262 730 34
1260 730 28
1259 730 26
1257 729 24
1256 729 22
1255 729 20
1254 728 20
1253 728 17
1252 727 16
1252 727 16
1251 726 16
1251 725 18
1250 725 14
1250 724 16
1249 723 14
1249 722 17
1248 721 17
1248 720 20
1248 719 23
1248 719 23
1248 718 26
1247 718 21
1247 717 23
1247 717 23
1247 716 24
1248 715 26
1248 714 26
1248 713 27
1248 712 28
1248 712 28
1248 712 28
1248 712 28
1248 711 29
1248 711 29
1248 711 29
1247 711 28
1246 710 28
1246 710 28
1246 710 28
1245 710 27
1245 710 27
1245 710 27
1244 710 27
1244 710 27
1244 710 27
1244 710 27
1244 710 27
1243 710 25
1243 709 28
1243 708 30
1242 706 30
1241 704 31
1241 704 31
1241 703 34
1240 702 34
1240 701 38
1239 700 38
1239 700 38
1238 699 39
1238 698 41
1238 697 42
1237 696 39
1237 696 39
1237 695 40
1237 693 43
1236 692 42
1236 691 43
1236 690 44
1235 689 37
1235 688 35
1235 688 35
1235 687 35
1235 687 35
1235 687 35
1235 686 34
1235 686 34
Stop
Start
1235 686 34
1235 686 34
1235 686 34
1234 686 29
1234 685 28
1234 684 28
1234 684 28
1233 683 28
1233 683 28
1233 682 31
1232 682 29
1232 682 29
1232 681 33
1232 681 33
1231 680 34
1231 680 34
1231 680 34
1231 680 34
1230 679 38
1230 679 38
1229 679 35
1229 678 39
1229 678 39
1228 678 35
1228 678 35
1227 677 36
1226 677 33
1225 676 34
1224 676 32
1223 675 34
1222 675 33
1221 674 36
1219 674 32
1218 673 37
1218 673 37
1217 673 35
1216 673 33
1214 672 32
1212 672 26
1211 672 24
1210 672 22
1209 671 28
1207 671 28
1206 670 34
1205 670 33
1204 670 31
1203 670 29
1202 670 26
1201 670 24
1201 670 24
1201 669 30
1200 669 29
1200 669 29
1200 669 29
1199 669 27
1199 669 27
1199 669 27
1199 669 27
1198 669 28
1198 669 28
1198 669 28
1197 669 29
1197 669 29
1196 669 30
1196 669 30
1196 669 30
1195 669 32
1195 669 32
1194 669 33
1194 669 33
1193 669 34
1193 669 34
1193 669 34
1193 669 34
1192 669 35
1192 669 35
1192 669 35
1191 669 35
1191 669 35
1191 669 35
1191 669 35
1190 669 36
1190 669 36
1189 669 36
1189 669 36
1188 669 34
1188 669 34
1187 669 32
1187 669 32
1186 669 29
1186 669 29
1186 669 29
1185 669 25
1184 669 22
1184 669 22
1183 669 19
1182 669 17
1181 669 15
1179 668 21
1178 668 21
1177 668 21
1177 668 21
1176 668 22
1175 667 26
1174 667 26
1173 667 25
1173 667 25
1172 667 24
1171 666 27
1171 666 27
1171 666 27
1171 666 27
1170 666 26
1170 666 26
1169 666 26
1169 666 26
1169 666 26
1168 666 25
1168 666 25
1168 666 25
1167 666 27
1167 666 27
1167 666 27
1167 666 27
1166 666 28
1166 666 28
1165 666 29
1165 666 29
1164 666 30
1164 666 30
1163 666 31
1163 666 31
1162 666 32
1162 666 32
1162 666 32
1162 666 32
1161 666 32
1161 666 32
1161 666 32
1160 666 30
1160 666 30
1160 666 30
1159 666 28
1159 666 28
1159 666 28
1159 666 28
1159 666 28
1158 665 33
1158 665 33
1158 665 33
1157 665 29
1157 665 29
1157 665 29
1156 665 28
1156 665 28
1156 664 32
1155 664 31
1155 664 31
1155 664 31
1155 664 31
1154 664 32
1154 664 32
1154 664 32
1153 664 34
1153 665 31
1153 665 31
1152 665 33
1152 665 33
1151 665 35
1151 665 35
1150 665 37
1149 665 38
1149 665 38
1148 666 34
1147 666 33
1146 666 32
1145 666 31
1144 666 30
1143 666 31
1142 666 32
1142 666 32
1141 666 33
1141 666 33
1140 666 34
1140 666 34
1139 666 34
1139 666 34
1138 666 33
1138 666 33
1137 666 33
1137 666 33
1137 666 33
1136 666 33
1135 666 33
1135 666 33
1134 666 38
1134 666 38
1133 667 39
1133 667 39
1133 667 39
1132 668 39
1131 668 44
1130 668 49
1129 669 45
1129 669 45
1128 670 39
1128 670 39
1127 670 39
1126 671 35
1126 671 35
1125 671 37
1125 671 37
1124 672 33
1123 672 37
1123 673 32
1122 673 36
1121 673 41
1121 674 34
1120 675 31
1119 675 37
1118 676 36
1118 676 36
1117 677 37
1116 677 42
1116 678 36
1115 678 41
1115 678 41
1114 679 42
1114 679 42
1113 679 47
1113 680 41
1112 680 45
1112 680 45
1111 681 42
1111 681 42
1110 682 37
1110 682 37
1110 682 37
1109 683 36
1109 683 36
1109 683 36
1108 683 40
1108 684 35
1108 684 35
1107 684 38
1107 685 34
1107 685 34
1107 685 34
1107 686 30
1107 686 30
1106 686 36
1106 686 36
1106 686 36
Stop
New Layer
Start
1276 776 24
1276 776 24
1276 776 24
1275 777 25
1275 777 25
1274 777 23
1273 777 22
1272 777 21
1270 777 20
1270 777 20
1268 778 28
1267 778 28
1266 778 29
1264 778 29
1263 778 29
1262 778 30
1261 777 24
1259 777 26
1258 777 26
1257 777 25
1255 777 23
1254 777 23
1252 777 21
1250 777 21
1249 777 22
1248 776 15
1246 776 17
1245 776 19
1244 776 21
1242 775 16
1242 775 16
1240 775 19
1239 774 15
1237 774 17
1236 773 12
1234 773 11
1233 773 12
1231 773 14
1230 772 9
1230 772 9
1229 772 10
1228 772 11
1227 772 12
1226 771 6
1225 771 8
1223 771 13
1222 770 10
1221 770 12
1219 770 16
1218 769 11
1217 769 12
1215 769 12
1214 769 11
1213 769 10
1213 769 10
1212 769 9
1211 769 9
1210 769 9
1209 769 9
1208 769 9
1208 769 9
1207 770 14
1206 770 14
1205 771 19
1204 771 18
1203 772 20
1202 772 17
1202 773 20
1201 774 19
1200 774 15
1199 775 14
1198 775 13
1198 776 18
1197 776 16
1196 777 20
1195 777 20
1194 778 23
1193 778 21
1191 779 20
1190 780 22
1188 780 18
1187 781 21
1186 781 21
1185 781 20
1185 781 20
1183 782 22
1182 782 22
1182 782 22
1181 782 20
1180 782 18
1178 782 15
1177 782 14
1175 782 12
1174 782 12
1173 782 13
1172 782 15
1170 781 14
1169 781 18
1168 781 22
1167 780 22
1167 780 22
1166 779 20
1166 779 20
1165 778 19
1165 778 19
1164 778 22
1163 777 18
1163 777 18
1162 777 18
1161 777 18
1159 777 18
1159 777 18
1158 777 19
1157 777 20
1156 777 21
1155 776 17
1154 776 20
1153 776 23
1153 775 15
1152 775 18
1151 774 15
1149 773 12
1148 772 8
1147 772 9
1147 772 9
1146 771 4
1145 771 5
1144 771 5
1142 771 4
1141 771 4
1140 771 4
1138 771 3
1137 771 3
1135 771 3
1134 771 3
1133 771 3
1132 771 3
1130 771 3
1129 771 4
1129 771 4
1128 771 4
1127 771 4
1127 771 4
1126 772 10
1126 772 10
1125 772 8
1125 772 8
1124 773 11
1122 774 11
1122 774 11
1121 774 9
1120 775 15
1119 775 16
1118 775 17
1117 775 18
1116 775 19
1115 775 20
1114 775 21
1113 775 21
1112 775 21
1111 775 21
1110 775 21
1108 775 20
1106 775 16
1105 775 14
1103 775 11
1102 775 12
1101 775 14
1099 775 18
1098 775 19
1096 775 15
1094 775 15
1092 775 16
1091 775 16
1090 775 15
1089 775 13
1087 775 9
1087 775 9
1086 775 11
1086 774 8
1086 774 8
1085 774 10
1085 774 10
1084 774 15
1084 774 15
1084 774 15
1083 773 20
1083 773 20
1083 772 20
1083 772 20
1082 770 27
1082 770 27
1082 769 27
1082 768 27
1082 767 26
1082 766 26
1082 764 23
1082 764 23
1082 763 21
1082 763 21
1082 763 21
1082 762 19
1082 762 19
1081 761 19
1081 761 19
1081 760 17
1080 760 20
1080 760 20
1080 759 18
1080 759 18
1080 758 16
1080 758 16
1079 757 16
1079 756 13
1079 755 11
1079 754 9
1078 753 13
1078 753 13
1078 752 14
1078 752 14
1077 751 17
1077 750 19
1076 750 22
1075 749 28
1075 748 28
1074 747 30
1073 746 31
1072 745 32
1071 744 33
1070 743 33
1070 742 32
1069 741 32
1069 740 31
1068 739 31
1068 738 29
1067 737 30
1067 737 30
1067 736 29
1067 735 30
1067 735 30
1067 734 31
1068 734 27
1068 734 27
1068 733 29
1069 733 25
1070 732 25
1070 732 25
1071 732 22
1072 731 23
1072 731 23
1073 731 21
1073 731 21
1073 730 23
1073 730 23
1074 730 19
1074 729 22
1074 728 25
1074 727 27
1075 727 20
1075 726 24
1075 726 24
1075 725 28
1075 724 32
1075 724 32
1075 723 36
1075 722 38
1075 722 38
1075 721 40
1076 720 38
1076 719 37
1076 718 38
1076 718 38
1076 718 38
1076 717 40
1076 717 40
1076 716 43
1077 715 42
1078 715 38
1078 714 42
1079 714 38
1080 714 34
1081 713 37
1082 713 33
1083 712 35
1083 712 35
1083 712 35
1084 711 36
1084 711 36
1085 710 37
1086 709 36
1086 709 36
1087 708 35
1087 707 38
1087 707 38
1088 706 37
1088 706 37
1088 705 40
1089 704 40
1089 703 45
1090 702 45
1090 701 49
1091 701 43
1091 701 43
1091 700 47
1092 700 42
1092 700 42
1092 700 42
1093 699 41
1094 699 36
1095 698 38
1095 698 38
1096 698 36
1096 698 36
1096 698 36
1097 698 33
1097 697 38
1098 697 34
1098 697 34
1099 696 35
1099 696 35
1100 696 32
1100 696 32
1100 695 34
1100 695 34
1100 695 34
Stop
Start
1229 682 25
1229 682 25
1229 681 28
1229 681 28
1228 680 28
1227 680 25
1226 680 22
1226 679 26
1224 678 22
1222 677 22
1220 677 17
1219 676 20
1218 676 18
1217 675 21
1216 675 19
1214 674 21
1213 673 22
1211 673 17
1210 672 22
1209 672 21
1208 672 21
1208 672 21
1207 671 28
1207 671 28
1207 671 28
1206 671 28
1206 671 28
1205 670 33
1204 670 31
1203 670 29
1203 670 29
1201 670 24
1200 669 29
1199 669 27
1198 669 28
1198 669 28
1197 669 29
1196 669 30
1195 669 32
1193 669 34
1192 669 35
1190 669 36
1190 669 36
1189 669 36
1189 669 36
1188 669 34
1188 669 34
1186 669 29
1185 669 25
1184 668 27
1183 668 24
1181 667 26
1180 667 25
1179 667 26
1178 667 26
1178 667 26
1177 667 26
1177 667 26
1175 667 26
1173 667 25
1172 667 24
1171 667 23
1169 666 26
1168 666 25
1167 666 27
1165 666 29
1164 666 30
1163 665 39
1161 665 39
1160 665 38
1159 665 35
1158 665 33
1156 665 28
1155 665 27
1154 666 25
1153 666 28
1151 666 33
1151 666 33
1150 666 34
1149 667 32
1148 667 31
1145 667 28
1144 667 27
1144 667 27
1143 667 28
1143 667 28
1142 667 29
1141 667 29
1141 667 29
1140 667 30
1139 667 30
1139 667 30
1138 667 29
1137 667 28
1137 667 28
1136 667 29
1136 667 29
1135 667 29
1134 668 28
1134 668 28
1134 668 28
1133 668 34
1133 669 28
1132 669 33
1131 669 38
1131 670 32
1130 670 36
1130 670 36
1129 670 39
1128 670 39
1128 671 33
1127 671 34
1126 671 35
1126 671 35
1125 672 31
1124 672 33
1123 673 32
1122 673 36
1121 673 41
1121 674 34
1120 674 36
1118 675 42
1117 675 47
1117 675 47
1116 676 46
1115 676 51
1115 677 47
1114 677 52
1113 678 52
1113 678 52
1112 679 50
1111 679 53
1111 680 49
1110 681 45
1109 682 41
1109 682 41
1109 682 41
1109 683 36
1108 683 40
1108 684 35
1108 684 35
1107 685 34
1107 685 34
1107 686 30
1106 686 36
1106 687 33
1105 687 41
1105 688 36
1104 689 40
1104 689 40
1103 689 45
1103 690 41
1102 690 47
1102 691 42
1102 691 42
1102 691 42
1101 692 43
1101 692 43
1101 692 43
1101 693 39
1101 693 39
1101 693 39
1101 693 39
1101 693 39
1101 694 34
1100 694 38
1100 694 38
1100 694 38
1100 694 38
1100 695 34
1100 695 34
1100 695 34
Stop
Start
1229 682 25
1229 682 25
1229 682 25
1230 683 24
1230 683 24
1230 683 24
1231 683 25
1231 684 23
1231 684 23
1231 684 23
1232 684 24
1232 684 24
1232 685 22
1232 686 23
1233 687 27
1233 688 28
1233 689 30
1233 690 32
1233 692 33
1233 693 32
1233 694 32
1233 694 32
1233 695 31
1233 695 31
1233 695 31
1233 696 29
1233 697 28
1233 698 26
1233 699 23
1233 700 20
1234 701 21
1235 702 20
1235 704 13
1236 705 11
1236 705 11
1237 706 11
1238 707 13
1239 707 17
1239 708 15
1240 708 19
1240 709 18
1241 710 20
1241 710 20
1241 710 20
1242 710 23
1242 710 23
1242 711 21
1242 711 21
1243 712 22
1243 712 22
1244 713 21
1244 714 19
1245 715 17
1245 716 16
1246 718 17
1247 719 19
1247 719 19
1247 720 15
1247 720 15
1248 721 17
1248 722 13
1249 723 14
1250 724 16
1251 725 18
1251 725 18
1253 726 23
1253 727 20
1254 727 23
1254 728 20
1255 728 22
1256 728 26
1257 729 24
1258 729 26
1259 729 29
1260 730 28
1262 730 34
1262 730 34
1263 731 33
1263 731 33
1264 731 34
1264 731 34
1264 731 34
1265 732 32
1265 732 32
1265 732 32
1265 732 32
1266 732 32
1266 733 30
1266 733 30
1266 734 29
1266 734 29
1266 735 28
1266 736 29
1266 736 29
1266 737 30
1266 737 30
1265 738 25
1265 738 25
1265 739 24
1265 740 22
1265 740 22
1265 741 20
1265 742 17
1265 742 17
1266 743 22
1266 744 17
1266 744 17
1267 745 21
1267 745 21
1267 746 18
1268 747 24
1268 748 24
1268 748 24
1269 749 31
1269 749 31
1269 750 30
1269 750 30
1270 751 37
1270 751 37
1270 751 37
1270 752 34
1270 752 34
1270 753 33
1270 753 33
1271 754 37
1271 755 36
1271 756 35
1271 757 34
1271 758 33
1271 759 31
1271 760 30
1271 761 28
1271 761 28
1271 762 25
1271 762 25
1271 763 22
1271 764 20
1271 764 20
1271 764 20
1272 765 20
1272 765 20
1272 765 20
1272 766 17
1272 766 17
Stop
Start
1276 776 24
1277 776 26
1277 776 26
1277 775 24
1277 775 24
1277 774 25
1277 773 25
1277 773 25
1277 772 26
1277 771 26
1277 771 26
1277 770 26
1277 770 26
1276 769 24
1276 769 24
1276 768 25
1276 768 25
1275 768 22
1275 768 22
1274 767 22
1274 767 22
1274 767 22
1273 766 20
1273 766 20
1273 766 20
1272 766 17
1272 766 17
1272 766 17
1272 766 17
1272 766 17
1272 766 17
Stop
Start
1060 779 30
1059 779 27
1059 779 27
1059 778 30
1059 778 30
1059 778 30
1058 778 27
1058 777 30
1057 777 27
1057 776 31
1057 776 31
1056 776 29
1056 776 29
1055 776 28
1055 776 28
1054 776 29
1053 776 31
1053 776 31
1052 777 31
1051 777 34
1051 778 30
1051 779 27
1050 779 30
1050 780 26
1050 780 26
1049 780 29
1049 781 25
1049 781 25
1048 781 27
1047 781 28
1047 781 28
1047 781 28
1046 781 29
1046 781 29
1046 781 29
1045 781 30
1045 782 27
1044 783 27
1044 783 27
1044 784 24
1043 784 27
1043 784 27
1043 784 27
1043 785 24
1042 786 24
1042 786 24
1041 787 24
1041 787 24
1041 787 24
1040 788 24
1040 788 24
1040 788 24
1039 789 27
1039 789 27
1038 789 30
1037 790 30
1037 790 30
1036 790 33
1036 790 33
1035 790 35
1034 790 37
1034 791 33
1033 791 36
1033 791 36
1032 792 35
1032 793 31
1031 794 33
1031 795 30
1030 795 34
1030 796 29
1029 797 31
1029 797 31
1029 797 31
1028 798 30
1028 798 30
1028 798 30
1027 798 32
1026 799 30
1025 799 32
1025 799 32
1025 799 32
1024 799 32
1024 799 32
1024 800 32
1023 800 34
1023 801 34
1023 801 34
1023 802 35
1024 802 32
1024 803 34
1024 803 34
1024 803 34
1025 804 34
1025 804 34
1025 805 39
1026 805 35
1026 806 38
1027 806 34
1027 807 39
1028 807 37
1028 808 42
1029 808 40
1030 808 38
1031 809 43
1032 809 43
1032 809 43
1033 808 39
1034 808 42
1035 808 45
1036 807 41
1036 807 41
1037 806 38
1038 805 34
1039 805 37
1040 804 34
1041 804 37
1042 803 34
1043 802 31
1044 802 33
1045 801 30
1046 800 29
1047 800 32
1048 799 31
1049 798 30
1050 798 34
1051 797 32
1052 796 32
1053 795 31
1054 794 31
1054 794 31
1055 793 32
1055 792 29
1056 790 25
1057 789 26
1057 788 25
1058 787 27
1058 786 25
1058 785 24
1058 785 24
1059 785 26
1059 784 26
1059 783 25
1060 782 27
1060 781 27
1060 781 27
1060 781 27
1060 781 27
1060 780 27
1060 780 27
1060 780 27
Stop
New Layer
Start
1278 779 37
1278 779 37
1277 779 34
1277 779 34
1276 778 28
1274 778 27
1273 778 27
1271 778 28
1269 778 28
1269 777 20
1268 777 19
1268 777 19
1266 777 20
1265 777 20
1264 776 13
1263 776 13
1261 776 17
1260 776 18
1259 776 19
1258 776 19
1257 776 18
1255 776 16
1254 777 23
1252 777 21
1251 777 20
1249 777 22
1247 777 25
1246 777 26
1243 777 31
1242 777 32
1241 777 33
1239 776 27
1239 776 27
1238 776 27
1237 776 28
1236 776 29
1235 775 24
1234 775 25
1233 774 19
1231 774 23
1230 773 15
1229 773 17
1228 773 18
1227 772 12
1226 772 13
1224 771 11
1223 771 13
1222 771 16
1220 770 14
1218 770 18
1217 769 12
1217 769 12
1216 769 12
1215 769 12
1214 769 11
1214 769 11
1213 769 10
1213 769 10
1212 769 9
1212 769 9
1211 769 9
1210 769 9
1210 769 9
1210 769 9
1209 769 9
1209 769 9
1208 769 9
1208 770 14
1207 770 14
1207 770 14
1206 770 14
1206 770 14
1205 771 19
1205 771 19
1204 771 18
1204 771 18
1203 772 20
1203 772 20
1202 772 17
1202 773 20
1202 773 20
1201 773 16
1201 774 19
1201 774 19
1200 774 15
1200 774 15
1200 775 18
1199 775 14
1199 776 19
1199 776 19
1198 777 22
1198 777 22
1198 777 22
1197 778 26
1197 778 26
1196 779 28
1195 779 27
1195 779 27
1194 779 26
1194 779 26
1193 780 27
1191 780 23
1190 780 22
1189 780 20
1188 780 18
1187 780 17
1187 780 17
1185 780 15
1184 781 19
1183 781 18
1183 781 18
1182 781 17
1181 781 16
1181 781 16
1179 781 12
1179 782 17
1178 782 15
1177 782 14
1176 782 13
1176 782 13
1175 782 12
1175 782 12
1175 782 12
1174 782 12
1174 782 12
1173 782 13
1173 782 13
1172 782 15
1172 782 15
1172 782 15
1171 782 16
1171 782 16
1171 782 16
1170 781 14
1170 781 14
1169 781 18
1168 780 18
1168 780 18
1167 779 18
1167 779 18
1166 778 17
1166 778 17
1165 778 19
1165 777 16
1164 777 17
1164 777 17
1164 777 17
1163 777 18
1162 777 18
1162 777 18
1161 777 18
1161 777 18
1160 777 18
1160 777 18
1160 777 18
1159 777 18
1159 777 18
1158 777 19
1158 776 12
1158 776 12
1157 776 13
1157 776 13
1157 776 13
1156 775 7
1156 775 7
1155 775 9
1155 775 9
1154 774 7
1154 774 7
1153 774 10
1152 773 5
1152 773 5
1151 773 8
1151 773 8
1150 773 10
1149 773 12
1149 773 12
1148 773 15
1147 773 16
1147 773 16
1146 773 17
1146 773 17
1145 773 19
1144 773 20
1143 773 19
1142 773 19
1141 773 18
1141 773 18
1140 773 17
1139 773 16
1138 773 16
1137 773 15
1136 773 15
1136 773 15
1135 773 16
1135 773 16
1133 773 14
1132 773 14
1132 773 14
1131 773 15
1131 773 15
1130 773 16
1130 773 16
1130 773 16
1129 773 17
1129 773 17
1129 773 17
1128 773 18
1128 773 18
1128 773 18
1127 773 18
1126 773 17
1125 774 25
1125 774 25
1124 774 20
1124 774 20
1123 775 22
1123 775 22
1122 775 18
1122 775 18
1121 775 15
1121 775 15
1121 776 24
1120 776 22
1120 776 22
1120 776 22
1120 776 22
1119 776 24
1119 776 24
1119 776 24
Stop
Start
1118 776 25
1118 776 25
1118 776 25
1118 776 25
1116 776 27
1115 775 20
1114 775 21
1113 774 14
1113 774 14
1112 774 14
1112 774 14
1112 774 14
1111 774 14
1109 774 14
1108 774 14
1107 774 12
1106 775 16
1106 775 16
1106 775 16
1105 775 14
1105 775 14
1105 775 14
1104 776 22
1103 776 22
1102 776 22
1101 776 23
1101 776 23
1100 776 26
1099 776 28
1099 776 28
1097 776 27
1097 776 27
1095 776 25
1094 776 24
1093 776 24
1092 776 24
1091 776 24
1090 776 23
1088 777 28
1087 777 25
1087 777 25
1086 777 26
1085 777 28
1085 777 28
1085 777 28
1084 777 31
1084 776 24
1084 776 24
1084 776 24
1083 776 28
1083 775 23
1082 775 28
1082 774 26
1082 774 26
1082 773 24
1082 773 24
1082 772 25
1082 771 26
1082 770 27
1082 768 27
1082 767 26
1082 767 26
1082 766 26
1082 765 25
1082 764 23
1082 763 21
1082 762 19
1082 762 19
1082 762 19
1081 761 19
1081 760 17
1080 759 18
1080 759 18
1080 758 16
1079 758 19
1079 757 16
1078 756 19
1078 754 14
1077 753 17
1077 752 18
1076 750 22
1076 749 24
1075 748 28
1075 747 27
1075 747 27
1074 746 28
1073 745 28
1072 744 30
1071 743 31
1071 742 29
1070 742 32
1070 741 29
1070 741 29
1069 741 32
1069 740 31
1068 739 31
1068 739 31
1068 738 29
1068 738 29
1068 737 27
1068 737 27
1068 736 26
1069 736 23
1069 735 23
1070 735 19
1070 734 21
1070 734 21
1071 734 18
1072 733 18
1072 733 18
1073 733 16
1074 732 16
1075 731 13
1076 731 9
1077 730 5
1077 730 5
1077 730 5
1077 729 5
1078 728 3
1078 728 3
1078 727 4
1078 727 4
1078 726 7
1078 726 7
1078 725 10
1078 724 13
1078 723 17
1078 722 20
1078 721 23
1078 721 23
1078 720 26
1078 719 28
1079 718 25
1079 718 25
1079 717 27
1080 716 25
1081 715 26
1081 714 31
1082 713 33
1082 713 33
1083 713 30
1084 712 32
1084 712 32
1085 712 28
1085 711 33
1085 711 33
1086 710 32
1086 709 36
1087 709 33
1087 708 35
1088 707 34
1088 706 37
1089 705 37
1089 705 37
1090 704 35
1091 704 30
1091 703 34
1093 702 28
1094 702 24
1094 702 24
1095 701 25
1097 701 20
1097 700 24
1098 700 22
1100 699 22
1101 698 22
1101 697 25
1102 697 21
1102 696 24
1103 696 21
1103 695 23
1104 694 22
1104 694 22
1105 693 18
1105 693 18
1105 693 18
1106 692 15
1106 691 18
1107 691 13
1107 691 13
1108 690 10
1108 689 13
1108 689 13
1108 689 13
1109 688 12
1109 688 12
1109 687 16
1110 686 14
1110 686 14
1111 685 15
1111 684 20
1111 684 20
1112 684 15
1112 683 22
1113 683 17
1113 682 24
1114 682 18
1114 682 18
1114 681 27
1115 681 21
1115 681 21
1116 680 24
1116 680 24
1117 679 26
1117 679 26
1118 678 27
1118 678 27
1119 677 28
1120 677 23
1120 677 23
1120 676 28
1121 676 25
1121 675 29
1122 675 25
1122 675 25
1122 674 30
1122 674 30
1122 674 30
Stop
Start
1227 680 25
1227 680 25
1227 680 25
1227 680 25
1226 680 22
1226 679 26
1225 679 22
1224 678 22
1223 678 20
1222 677 22
1221 677 19
1219 676 20
1218 676 18
1217 675 21
1216 675 19
1215 675 17
1214 675 14
1213 674 17
1212 674 14
1211 674 11
1210 673 15
1210 673 15
1209 673 14
1207 672 22
1206 672 22
1204 672 21
1204 671 26
1203 671 24
1203 671 24
1202 671 22
1201 670 24
1201 670 24
1200 670 23
1199 670 22
1198 670 22
1196 670 24
1195 670 25
1195 670 25
1194 670 26
1193 671 22
1192 671 23
1191 671 24
1190 671 24
1189 671 24
1188 671 23
1187 671 21
1186 671 18
1185 671 15
1184 671 12
1184 670 17
1183 670 13
1182 670 11
1182 669 17
1181 669 15
1180 668 20
1180 668 20
1179 668 21
1178 668 21
1177 668 21
1176 667 26
1174 667 26
1173 667 25
1172 667 24
1172 667 24
1170 667 22
1169 667 21
1168 667 21
1167 667 22
1167 667 22
1166 667 23
1166 667 23
1165 667 24
1165 667 24
1164 666 30
1164 666 30
1163 666 31
1163 666 31
1162 666 32
1162 666 32
1161 666 32
1161 666 32
1160 666 30
1160 666 30
1159 666 28
1159 666 28
1158 666 26
1158 666 26
1157 666 24
1156 667 21
1155 667 22
1155 667 22
1154 667 23
1153 667 26
1152 667 28
1152 667 28
1151 667 30
1150 667 31
1149 667 32
1148 667 31
1146 667 29
1146 667 29
1145 667 28
1144 667 27
1143 667 28
1142 667 29
1142 667 29
1141 667 29
1141 667 29
1141 667 29
1141 666 33
1140 666 34
1140 666 34
1139 666 34
1139 666 34
1138 666 33
1138 666 33
1137 666 33
1137 666 33
1136 666 33
1135 667 29
1135 667 29
1134 667 33
1133 668 34
1133 668 34
1132 668 39
1131 669 38
1131 669 38
1130 669 43
1130 669 43
1130 670 36
1129 670 39
1129 670 39
1128 671 33
1128 671 33
1127 671 34
1127 671 34
1127 672 29
1126 672 30
1126 672 30
1125 672 31
1125 672 31
1125 672 31
1124 672 33
1124 673 29
1124 673 29
1124 673 29
1123 673 32
1123 673 32
1123 673 32
1123 673 32
1122 673 36
1122 673 36
Stop
Start
1226 680 22
1226 680 22
1227 680 25
1227 681 23
1228 681 26
1228 681 26
1228 681 26
1229 681 28
1229 681 28
1230 682 27
1230 682 27
1231 683 25
1231 683 25
1232 683 26
1232 684 24
1232 685 22
1232 685 22
1233 686 26
1233 687 27
1233 688 28
1233 689 30
1233 690 32
1233 690 32
1234 691 35
1234 692 35
1234 693 34
1235 695 34
1235 696 34
1235 697 33
1235 697 33
1235 698 32
1235 698 32
1236 699 32
1236 699 32
1236 699 32
1237 701 29
1238 702 28
1238 703 24
1239 704 24
1239 704 24
1240 705 25
1240 705 25
1240 706 23
1240 706 23
1241 707 25
1241 708 24
1242 708 27
1242 709 25
1242 710 23
1243 710 25
1243 711 23
1243 711 23
1243 711 23
1244 711 25
1244 711 25
1244 712 23
1244 712 23
1245 712 22
1246 713 21
1246 713 21
1247 714 23
1247 714 23
1247 715 24
1247 715 24
1247 715 24
1247 716 24
1248 716 28
1248 717 28
1248 718 26
1248 718 26
1248 718 26
1248 719 23
1249 720 24
1249 721 20
1249 722 17
1249 722 17
1250 723 19
1250 724 16
1250 724 16
1251 725 18
1252 727 16
1253 727 20
1254 728 20
1255 728 22
1255 729 20
1256 729 22
1256 730 19
1257 730 21
1258 730 23
1258 731 21
1259 731 23
1260 731 25
1261 732 26
1262 732 29
1263 732 31
1263 733 29
1264 733 28
1264 733 28
1264 733 28
1265 733 30
1265 734 29
1265 734 29
1265 734 29
1265 735 27
1265 735 27
1265 735 27
1265 736 26
1266 736 29
1266 737 30
1266 737 30
1266 738 30
1266 739 29
1266 740 28
1266 740 28
1266 741 27
1266 741 27
1266 742 24
1266 742 24
1266 742 24
1266 742 24
1266 743 22
1267 743 28
1267 744 23
1267 744 23
1267 745 21
1267 745 21
1268 746 25
1268 746 25
1268 747 24
1268 747 24
1268 747 24
1268 748 24
1268 748 24
1268 748 24
Stop
Start
1278 779 37
1279 779 39
1279 779 39
1279 779 39
1279 778 36
1279 778 36
1279 777 34
1279 777 34
1279 776 32
1279 776 32
1279 775 29
1279 774 30
1278 774 27
1278 773 28
1278 773 28
1278 772 28
1277 771 26
1277 771 26
1276 770 23
1276 770 23
1275 769 21
1275 769 21
1275 768 22
1274 768 19
1274 768 19
1274 768 19
1273 767 18
1273 767 18
1272 767 14
1271 766 13
1271 765 17
1270 765 14
1270 764 16
1270 764 16
1269 763 14
1269 763 14
1269 762 16
1269 762 16
1269 761 18
1269 761 18
1269 760 19
1269 759 21
1269 758 22
1269 758 22
1269 757 23
1269 756 24
1269 755 24
1269 754 25
1269 754 25
1269 753 26
1269 753 26
1269 752 27
1268 752 19
1268 752 19
1268 751 20
1268 751 20
1268 751 20
1268 750 22
1268 750 22
1268 750 22
1268 750 22
1268 749 23
1268 749 23
1268 749 23
1268 749 23
1268 749 23
1268 749 23
Stop
Start
1056 775 34
1056 775 34
1056 775 34
1055 775 32
1055 775 32
1055 775 32
1054 775 33
1054 775 33
1053 775 35
1052 775 38
1052 776 34
1051 777 34
1050 778 33
1050 778 33
1050 778 33
1049 779 32
1049 779 32
1048 779 34
1048 779 34
1047 780 31
1045 780 33
1045 780 33
1044 780 34
1044 780 34
1043 780 35
1043 780 35
1043 780 35
1042 781 36
1041 782 38
1041 783 36
1040 784 36
1040 784 36
1040 785 33
1039 785 37
1039 785 37
1039 786 34
1038 786 38
1038 787 35
1038 787 35
1037 787 40
1037 788 37
1037 788 37
1036 789 38
1036 789 38
1036 789 38
1036 790 33
1035 790 35
1035 791 30
1034 791 33
1034 791 33
1033 792 31
1032 792 35
1032 793 31
1031 793 36
1030 794 37
1030 795 34
1029 795 38
1028 796 37
1028 796 37
1028 796 37
1027 796 40
1026 796 43
1025 796 45
1025 796 45
1024 796 46
1024 796 46
1024 797 41
1023 797 42
1023 797 42
1023 797 42
1022 797 44
1022 798 40
1022 798 40
1022 799 38
1022 799 38
1022 799 38
1022 800 37
1022 801 38
1023 802 35
1023 802 35
1024 803 34
1024 803 34
1025 804 34
1025 804 34
1025 805 39
1026 805 35
1026 805 35
1027 806 34
1027 806 34
1028 806 31
1029 807 35
1030 807 34
1031 807 33
1031 807 33
1032 807 32
1032 807 32
1033 807 33
1034 807 34
1035 807 37
1036 806 35
1037 806 38
1038 806 42
1038 805 34
1039 805 37
1039 804 31
1040 804 34
1041 803 31
1041 803 31
1042 802 29
1043 801 25
1044 801 27
1044 800 22
1045 800 25
1047 799 27
1048 798 26
1049 798 30
1050 798 34
1050 798 34
1051 797 32
1051 797 32
1053 796 36
1054 796 40
1054 795 35
1055 795 40
1056 794 41
1056 793 37
1057 793 41
1057 792 37
1058 792 42
1058 791 38
1059 791 42
1059 790 38
1060 789 40
1060 789 40
1061 788 42
1061 787 39
1062 786 40
1062 785 38
1062 785 38
1062 784 36
1063 783 38
1063 782 37
1063 782 37
1063 781 35
1062 781 33
1062 781 33
1062 780 32
1061 779 32
1061 779 32
1060 778 32
1060 778 32
1060 778 32
1059 777 33
1059 777 33
1059 777 33
1058 777 30
1058 776 34
1058 776 34
1057 776 31
1057 776 31
1057 776 31
1057 776 31
1056 775 34
1056 775 34
1056 775 34
1056 775 34
Stop
