New Slice
Start
567 275 22
566 275 22
565 275 28
565 275 28
564 275 28
563 275 24
563 275 24
562 275 19
561 275 19
561 275 19
560 275 18
559 275 18
559 275 18
558 275 21
557 275 17
557 275 17
556 275 17
555 275 5
555 275 5
554 275 5
553 275 0
553 275 0
552 275 0
551 275 0
551 275 0
551 274 0
550 273 0
549 273 0
549 273 0
548 272 0
547 272 0
547 271 0
547 271 0
547 270 0
547 270 0
547 269 0
547 269 0
547 268 0
547 267 0
547 267 0
547 266 0
547 265 0
547 265 0
547 264 0
546 263 0
546 263 0
546 262 0
546 261 0
546 261 0
546 260 0
546 259 0
546 259 0
546 258 0
546 257 0
546 257 0
546 256 0
546 255 0
546 255 0
546 254 0
546 253 0
546 253 0
546 252 0
546 251 0
546 251 0
546 250 0
547 249 0
547 249 0
547 248 0
547 247 0
548 247 0
549 246 0
549 245 0
550 245 0
551 244 0
551 244 0
551 243 0
552 243 0
553 242 9
553 242 9
554 242 0
555 241 0
555 241 0
556 241 0
556 240 0
557 240 0
557 240 0
558 240 0
559 240 0
559 240 0
560 240 0
561 240 0
561 240 0
562 240 0
563 240 0
564 239 0
565 239 0
565 239 0
566 239 0
567 239 0
567 239 0
568 239 0
569 239 0
569 239 0
570 239 0
571 239 0
571 239 0
572 239 0
573 239 0
573 239 0
574 239 0
575 239 7
575 240 7
576 240 23
577 241 0
578 241 19
579 242 19
579 243 0
580 243 2
580 243 2
581 243 2
581 244 0
582 245 0
583 245 20
583 247 0
584 247 0
584 247 0
585 248 10
585 249 10
585 249 10
585 250 3
586 250 3
586 251 0
586 251 0
586 252 0
586 253 0
586 253 0
587 253 14
587 254 14
587 255 10
587 255 10
587 256 2
587 257 2
587 257 2
587 258 5
587 258 5
587 259 5
587 259 5
587 260 0
587 261 0
587 261 0
588 261 25
588 262 17
588 263 14
589 264 14
589 265 10
589 265 10
589 266 10
589 267 6
589 267 6
589 267 6
589 268 7
590 269 23
590 269 23
590 270 27
590 271 27
590 271 27
590 272 26
590 273 16
590 273 16
590 274 16
591 275 13
591 275 13
591 276 13
591 277 22
591 277 22
591 278 22
591 279 22
591 279 22
591 280 17
591 281 17
591 281 17
591 282 25
591 283 25
591 283 25
591 284 23
591 285 22
590 285 22
590 286 22
589 287 0
589 287 0
589 288 0
589 289 1
589 289 1
589 290 1
589 291 12
588 291 12
588 292 12
588 293 12
588 294 4
588 295 4
588 295 4
588 296 0
588 297 0
588 297 0
588 298 0
588 299 9
588 299 9
588 300 9
588 301 15
588 301 15
588 302 15
588 303 12
588 303 12
588 304 17
588 305 17
588 305 17
588 306 13
588 307 13
588 307 13
588 308 18
588 309 20
588 309 20
588 310 20
588 311 25
588 311 25
588 312 25
588 313 31
588 313 31
588 314 31
588 315 36
587 315 27
587 316 42
587 317 42
586 318 33
585 319 33
585 319 33
585 320 41
585 321 44
584 322 31
583 323 37
583 323 37
583 324 37
583 325 43
582 325 27
582 326 44
582 327 44
581 327 28
581 327 28
581 328 43
580 329 43
579 329 29
579 330 33
579 331 33
578 331 33
578 331 33
577 331 20
577 332 39
577 333 61
576 333 61
576 333 61
575 333 39
575 334 39
575 334 39
574 334 13
573 335 35
573 335 35
572 335 22
571 335 22
571 336 22
570 336 8
569 336 0
569 337 28
568 337 28
567 337 20
567 337 20
566 338 36
565 338 21
565 339 21
564 339 21
564 339 21
563 339 23
562 340 43
561 340 43
561 340 43
560 340 41
559 340 41
559 341 41
558 341 34
557 341 27
557 341 27
556 341 27
555 341 21
555 341 21
554 341 21
553 341 13
553 341 13
553 342 57
552 342 57
551 342 46
551 342 46
550 342 39
549 342 39
549 342 39
548 342 40
547 343 40
547 343 40
546 343 43
545 343 51
545 343 51
544 343 51
543 343 58
543 343 58
542 343 58
541 343 60
541 343 60
540 343 60
539 343 57
539 343 57
538 342 52
537 341 16
537 341 16
536 341 21
536 341 21
535 341 21
535 340 21
534 340 37
533 339 41
533 339 41
533 339 41
532 338 41
531 338 52
531 337 36
530 337 36
529 337 33
529 336 19
529 336 19
528 335 19
527 335 26
527 335 26
527 335 26
526 334 29
525 333 29
525 333 29
525 333 29
524 332 36
523 331 14
523 330 14
523 329 2
522 329 36
521 328 60
521 327 53
521 327 53
521 326 53
520 325 53
520 325 53
520 324 51
520 323 51
520 323 51
520 322 44
520 321 44
520 321 44
520 320 40
520 319 36
520 319 36
520 318 36
520 317 23
520 317 23
520 316 23
519 315 35
519 314 38
519 313 38
519 313 38
519 312 32
519 311 32
519 311 32
519 310 16
519 309 16
519 309 16
519 308 15
519 307 12
519 307 12
519 306 12
519 305 7
519 305 7
519 304 7
519 303 13
519 303 13
519 302 21
519 301 21
519 301 21
519 300 16
519 299 16
519 299 16
519 298 17
519 297 17
518 297 17
518 296 6
518 295 19
518 295 19
518 294 19
518 293 16
518 293 16
518 292 16
518 291 13
518 291 13
517 290 28
517 289 28
517 289 28
517 288 38
517 287 38
517 287 38
517 286 33
517 285 33
517 285 33
517 284 32
517 283 40
517 283 40
517 282 40
517 281 42
517 281 42
517 280 42
517 279 36
517 279 36
518 278 7
518 277 7
518 276 3
518 275 3
518 275 3
519 274 8
519 273 8
519 273 8
519 272 10
519 271 0
519 271 0
519 270 0
519 269 0
519 269 0
519 268 0
519 267 0
519 267 0
519 266 0
519 265 0
519 265 0
519 264 0
519 263 0
519 263 0
519 263 0
519 262 0
519 261 0
519 261 0
519 260 0
519 259 0
519 259 0
519 258 0
519 257 0
519 257 0
519 256 0
519 255 0
519 255 0
519 254 0
519 253 0
519 253 0
519 252 0
519 251 0
519 251 0
519 250 0
519 249 0
519 249 0
519 248 0
519 247 0
519 247 0
519 246 0
519 245 0
519 245 0
519 244 0
519 243 5
519 243 5
519 242 0
519 241 0
519 241 0
519 240 0
519 239 0
519 239 0
519 238 0
519 237 7
519 237 7
519 236 7
519 235 1
519 235 1
519 234 1
519 233 12
520 233 0
520 232 0
520 231 0
521 231 0
521 230 0
521 229 0
521 229 0
521 228 0
521 227 0
522 227 0
522 227 0
522 226 0
522 225 2
523 225 0
523 225 0
523 225 0
523 224 0
523 223 0
524 222 0
524 221 0
524 221 0
524 220 0
524 219 18
524 219 18
525 218 0
525 217 0
525 217 0
525 216 0
525 215 0
525 215 0
525 214 1
525 213 0
525 213 0
525 212 0
525 211 0
525 211 0
524 210 25
523 209 0
523 209 0
523 209 0
522 208 23
522 207 23
521 207 35
521 207 35
521 206 28
521 205 28
520 204 22
520 203 22
520 203 22
520 202 12
519 201 12
519 201 12
519 200 12
519 199 5
519 199 5
519 198 5
518 198 5
518 197 0
518 196 0
518 195 0
517 195 7
517 195 7
517 194 7
517 193 7
517 193 7
517 192 6
517 191 6
516 191 19
516 190 16
516 189 20
516 189 20
516 188 20
516 187 23
515 187 23
515 186 23
515 185 30
515 185 30
515 184 30
515 183 30
514 182 14
514 181 14
514 181 14
514 180 17
513 179 17
513 177 0
512 177 0
512 176 0
511 176 0
511 175 0
511 175 0
511 174 0
511 173 0
511 173 0
511 172 0
511 171 0
511 171 0
511 170 0
511 169 0
511 169 0
511 168 0
511 167 0
511 167 0
511 166 0
511 165 0
511 165 0
511 164 0
511 163 0
511 163 0
511 162 0
511 161 0
511 161 0
511 160 0
511 159 0
510 159 1
510 159 1
510 158 0
510 157 0
509 157 13
509 156 23
509 155 17
509 155 17
509 154 17
509 153 11
509 153 11
509 152 11
509 151 9
509 151 9
510 151 0
511 151 0
511 151 0
512 151 0
513 151 11
513 151 11
514 151 11
515 151 38
515 152 10
516 153 10
517 153 36
517 153 36
517 154 15
518 155 41
519 155 41
519 155 41
519 156 27
520 157 39
520 157 39
521 158 39
521 159 24
521 159 24
521 160 24
521 161 19
521 161 19
521 162 20
521 163 20
521 163 20
520 163 20
520 164 33
519 165 0
519 165 0
519 166 0
518 166 0
518 167 0
517 168 0
517 168 0
517 169 0
517 169 0
517 170 0
516 171 0
516 171 0
516 172 0
516 173 0
516 173 0
516 174 0
516 175 0
516 175 0
516 176 6
516 177 6
516 177 6
516 178 16
516 179 25
516 179 25
516 180 25
516 181 33
517 181 46
517 182 46
517 183 37
517 183 37
517 183 37
517 185 41
518 185 51
519 186 39
519 187 39
519 187 39
519 187 39
519 188 26
520 189 46
521 189 46
521 189 46
521 189 46
521 191 18
522 191 29
523 192 32
523 193 22
523 194 22
524 194 22
525 195 22
525 195 22
526 196 22
527 197 22
527 197 22
528 197 42
528 197 42
529 197 42
529 197 42
530 197 54
531 197 54
531 197 54
532 197 50
533 197 50
533 197 50
534 197 33
535 197 17
535 197 17
536 197 17
537 197 0
537 197 0
538 197 0
539 197 0
539 197 0
540 197 0
541 197 0
541 197 0
542 197 4
543 197 4
543 198 0
543 199 0
544 199 0
544 199 0
545 199 0
545 200 0
545 201 0
546 201 12
547 202 23
547 203 26
547 203 26
547 203 26
547 204 26
548 205 8
548 205 8
548 206 8
548 207 6
548 207 6
548 208 6
549 209 18
549 210 26
549 211 26
549 211 26
549 212 16
549 213 16
549 213 16
549 214 20
549 215 26
549 215 26
548 216 18
547 217 29
547 217 29
547 218 29
546 218 34
546 219 37
545 219 40
545 219 40
544 219 40
544 220 39
543 220 34
543 221 34
542 221 34
541 222 32
541 223 32
540 223 32
540 223 32
539 224 34
539 225 34
539 225 34
539 226 31
538 227 38
538 227 38
538 228 38
537 229 42
537 229 42
537 230 42
537 231 32
536 231 37
536 231 37
536 232 28
536 233 28
536 233 28
536 235 34
536 235 34
536 236 50
536 237 50
536 237 50
536 238 41
536 239 40
536 239 40
536 240 40
535 240 40
535 241 35
535 241 35
535 242 35
535 243 45
535 243 45
535 244 35
535 245 35
535 245 35
535 246 25
535 247 25
534 247 22
534 248 20
534 249 20
534 249 20
534 250 23
534 251 24
534 251 24
534 253 18
533 253 10
533 254 10
533 255 3
533 256 6
533 257 6
533 257 6
533 258 6
533 259 6
533 259 6
533 260 7
533 261 7
533 262 1
533 263 2
533 263 2
533 264 2
532 265 7
532 265 7
532 266 7
532 267 7
532 267 7
531 268 0
531 269 0
531 269 0
531 270 0
531 271 0
531 271 0
531 272 0
531 273 0
531 273 0
531 274 0
531 275 0
531 275 0
531 276 0
531 277 0
531 277 0
531 278 0
531 279 0
531 279 0
531 280 0
531 281 0
531 282 0
531 283 0
531 283 0
531 284 0
531 285 1
531 285 1
531 286 1
531 287 0
531 287 0
531 288 0
532 288 20
532 289 21
532 289 21
532 290 21
532 291 22
532 291 22
532 292 24
532 293 24
532 293 24
533 294 24
533 295 24
533 295 24
533 296 13
533 297 15
533 297 15
533 298 15
533 299 20
533 299 20
533 300 20
533 301 22
533 301 22
533 302 22
533 303 15
533 303 15
533 304 10
533 305 10
534 305 31
534 306 40
534 307 40
534 307 40
534 308 36
534 309 28
534 309 28
535 310 35
535 311 32
535 311 32
535 313 33
535 313 33
535 314 33
535 315 40
535 315 40
535 316 27
535 317 27
535 317 27
535 318 33
536 319 33
536 319 33
536 320 23
536 321 12
537 321 28
537 322 28
537 322 28
537 323 28
537 324 28
538 324 28
538 325 22
539 325 33
539 326 13
539 327 13
540 327 32
541 328 1
541 329 1
542 329 19
543 329 19
543 329 19
544 329 30
545 329 30
545 329 30
546 329 36
547 329 35
547 329 35
548 329 35
549 329 31
549 329 31
550 329 31
551 329 36
551 329 36
552 329 36
553 329 36
553 329 36
554 329 31
555 329 31
555 329 31
556 329 21
557 329 21
557 329 21
558 329 10
559 329 0
559 329 0
560 329 0
561 329 0
561 329 0
562 329 0
563 328 0
563 328 0
564 328 0
564 327 0
565 327 0
565 327 0
565 327 0
565 326 0
567 325 0
567 325 0
568 325 0
568 324 0
569 324 0
569 323 0
569 323 0
570 323 0
570 322 0
570 321 0
571 321 0
571 321 0
571 319 0
572 319 0
572 319 0
573 318 0
573 317 0
573 317 0
574 316 0
575 315 0
575 315 0
575 315 0
575 314 0
576 313 0
576 313 0
577 312 0
577 311 0
577 311 0
577 310 0
577 309 0
577 309 0
578 308 0
578 307 0
578 307 0
578 306 0
578 305 0
578 305 0
578 304 0
578 303 0
578 303 0
578 302 0
578 301 0
578 301 0
578 300 0
578 299 0
578 299 0
578 298 0
578 297 0
578 297 0
578 296 0
578 295 0
578 295 0
578 294 0
578 293 0
578 293 0
578 292 0
578 291 0
578 291 0
578 290 0
578 289 0
578 289 0
578 288 0
578 287 0
578 287 0
578 286 0
578 285 0
578 285 0
578 284 0
578 283 0
578 283 0
578 282 0
577 281 0
577 281 0
577 280 0
577 279 0
576 279 0
575 279 0
575 278 0
575 277 0
574 277 2
573 276 0
573 276 0
572 276 0
571 276 0
571 276 0
570 276 1
569 276 12
569 276 12
568 276 12
567 276 22
567 276 22
566 276 22
565 276 28
565 276 28
564 276 28
564 276 28
Stop
New Slice
Start
564 275 28
563 276 24
563 276 24
562 276 19
561 276 19
561 276 19
560 276 18
559 276 18
559 276 18
558 276 21
557 276 17
557 276 17
556 276 17
555 276 5
555 276 5
554 276 5
553 276 0
553 276 0
552 276 0
551 276 0
551 275 0
551 275 0
550 274 0
549 274 0
549 273 0
549 273 0
548 272 0
547 272 0
547 271 0
547 271 0
547 270 0
547 269 0
547 269 0
547 268 0
546 268 0
546 267 0
546 267 0
546 266 0
546 265 0
546 265 0
546 264 0
545 263 0
545 263 0
545 262 0
545 261 0
545 261 0
545 260 0
545 259 0
545 259 0
545 258 0
545 257 0
545 257 0
545 256 0
545 255 0
545 255 0
545 254 0
545 253 0
545 253 0
545 252 0
545 251 0
545 251 0
545 250 2
545 249 18
546 249 0
546 248 0
546 247 0
546 247 0
547 246 0
547 245 0
548 245 0
549 244 0
549 244 0
549 243 0
550 243 0
551 243 0
551 242 22
552 242 9
553 242 9
553 241 9
555 241 0
555 241 0
556 241 0
557 241 0
557 241 0
558 241 0
559 241 0
559 241 0
560 241 0
561 241 0
561 241 0
562 241 0
563 241 0
563 241 0
564 241 0
565 241 0
565 241 0
566 241 0
567 241 0
567 241 0
568 241 0
569 241 0
569 241 0
570 241 0
571 241 0
571 241 0
572 241 0
573 241 0
573 241 0
574 241 0
575 241 0
575 241 0
576 241 0
577 241 0
577 242 0
579 242 19
579 243 0
579 243 0
580 243 2
581 243 2
581 244 0
581 244 0
581 245 0
582 245 0
583 245 20
583 246 0
584 247 0
585 247 36
585 248 10
585 248 10
585 249 10
585 249 10
586 250 3
587 251 29
587 251 29
587 252 29
587 252 29
587 253 14
587 253 14
588 253 33
588 254 33
588 255 39
588 255 39
588 256 29
588 257 29
588 257 29
588 258 34
588 259 34
588 260 25
588 261 25
588 261 25
588 262 17
588 263 14
588 263 14
588 264 14
588 265 10
588 265 10
588 266 10
588 267 6
589 267 6
589 267 6
589 268 7
589 269 7
589 270 6
589 271 6
589 271 6
589 272 0
589 273 0
589 273 0
589 274 0
589 275 0
589 275 0
589 276 0
589 277 4
589 277 4
589 279 4
589 279 4
589 280 0
589 281 0
589 281 0
589 282 10
589 283 10
589 283 10
589 284 4
589 285 3
589 285 3
589 286 3
589 287 0
589 287 0
589 288 0
589 289 1
589 289 1
589 290 1
589 291 12
589 291 12
589 292 12
589 293 12
589 293 12
589 294 4
589 295 4
589 295 4
589 296 0
589 297 0
589 297 0
589 298 0
589 299 9
589 299 9
589 300 9
589 301 15
589 301 15
589 302 15
589 303 12
589 303 12
589 304 17
589 305 17
589 305 17
589 306 13
589 307 13
589 307 13
589 308 18
589 309 20
589 309 20
589 310 20
589 311 25
589 311 25
589 312 25
589 313 31
589 313 31
589 314 31
589 315 36
589 315 36
588 316 48
588 317 48
588 317 48
588 318 44
587 319 46
587 319 46
587 320 51
587 321 48
586 321 44
586 322 44
585 323 46
585 323 46
585 324 46
585 325 51
584 325 43
584 326 55
583 326 55
583 327 55
583 327 55
582 328 60
582 329 60
581 329 43
581 329 43
581 330 48
581 330 48
581 331 48
580 331 48
580 331 48
579 332 55
579 333 61
578 333 61
577 334 61
577 335 75
577 335 75
577 335 75
576 335 75
576 336 75
575 337 77
574 337 67
573 337 67
573 337 67
572 337 51
572 337 51
571 337 51
571 337 51
570 338 60
569 338 51
569 338 51
568 338 51
567 339 36
566 339 36
565 339 21
565 339 21
564 339 21
563 339 23
563 339 23
562 340 43
561 340 43
561 340 43
560 340 41
559 340 41
559 341 41
559 341 41
558 341 34
557 341 27
557 341 27
556 341 27
555 341 21
555 342 58
554 342 58
553 342 57
553 342 57
552 342 57
551 342 46
551 343 46
550 343 39
549 343 39
549 343 39
548 343 40
547 343 40
547 343 40
546 343 43
545 343 51
545 343 51
544 343 51
543 343 58
543 343 58
542 343 58
541 343 60
541 343 60
539 343 57
539 343 57
538 343 52
537 343 52
537 343 52
536 343 49
535 343 49
534 343 52
534 342 52
533 342 57
533 342 57
532 342 57
532 341 50
531 341 55
531 341 55
531 341 55
530 341 55
530 340 55
529 340 53
529 339 52
529 339 52
528 339 52
527 338 47
527 337 31
527 337 31
527 337 31
526 337 46
525 336 36
525 335 36
525 335 36
524 334 44
523 334 44
523 333 44
523 332 36
523 331 14
523 331 14
522 330 42
521 330 61
521 329 60
521 329 60
521 328 60
521 327 53
521 327 53
521 326 53
521 325 53
521 325 53
521 324 51
520 323 51
519 322 60
519 321 60
519 320 61
519 319 55
519 319 55
519 318 55
518 317 38
518 316 38
518 315 35
517 314 43
517 313 43
517 313 43
517 312 33
517 311 33
517 311 33
516 310 40
516 309 40
516 308 45
516 307 41
516 307 41
516 306 41
516 305 42
515 304 42
515 303 35
515 303 35
515 302 38
515 301 38
515 301 38
515 300 38
515 299 38
515 299 38
515 298 39
515 297 39
515 297 39
515 296 41
515 295 36
515 295 36
515 294 36
515 293 40
515 293 40
515 292 40
515 291 46
515 291 46
515 290 34
515 289 34
515 289 34
515 289 34
515 288 42
515 287 42
515 287 42
515 285 44
515 285 44
515 284 48
516 283 53
516 282 53
517 281 42
517 281 42
517 280 42
517 279 36
517 279 36
517 278 26
517 277 26
517 276 20
517 275 20
517 275 20
517 274 16
517 273 16
517 273 16
517 272 21
517 271 16
517 271 16
517 270 16
517 269 14
516 269 27
516 268 27
516 267 20
516 267 20
516 266 24
516 265 24
516 265 24
516 264 23
516 263 23
515 263 23
515 263 23
515 262 28
515 261 23
515 261 23
515 260 23
515 259 25
515 259 25
515 258 25
515 257 19
515 257 19
515 256 19
515 255 14
515 255 14
515 254 28
515 253 28
515 253 28
515 252 25
515 251 25
515 250 27
515 249 32
515 249 32
515 248 32
515 247 41
515 247 41
515 246 41
515 245 36
516 245 36
516 244 36
517 243 29
517 243 29
517 242 23
517 241 23
517 241 23
517 240 17
517 239 17
518 239 0
518 238 0
518 237 7
519 237 7
519 236 7
519 235 1
519 235 1
519 234 1
519 233 12
519 233 12
519 232 12
519 231 8
519 231 8
519 230 8
519 229 8
520 229 0
521 228 0
521 227 0
521 227 0
521 226 9
522 225 2
522 225 2
522 224 2
523 224 0
523 223 0
523 223 0
523 222 0
523 221 0
523 221 0
523 220 0
523 219 18
523 219 18
523 218 16
523 217 16
523 217 16
523 216 19
523 215 19
523 215 19
523 214 33
523 213 33
524 213 33
524 213 33
524 212 33
524 211 25
524 211 25
524 210 25
524 209 0
524 209 0
524 208 0
524 207 0
524 207 0
524 206 0
524 205 0
524 205 0
524 204 0
524 203 0
524 203 0
524 202 0
523 202 0
523 201 0
523 201 0
523 201 0
523 200 0
523 199 0
522 199 0
522 199 0
521 199 0
521 198 0
521 197 0
521 197 0
520 197 0
519 196 0
518 195 0
518 195 0
517 194 7
517 193 7
517 193 7
516 193 33
516 192 19
516 191 19
515 191 19
515 191 19
515 191 19
515 190 16
514 189 24
514 189 24
513 187 19
513 187 19
513 185 22
512 184 23
511 183 23
511 181 14
511 180 16
511 179 16
510 177 11
509 176 31
509 175 30
509 175 30
509 174 30
509 173 26
509 173 26
509 172 22
509 171 22
509 171 22
509 170 27
509 169 27
509 169 27
509 168 25
509 167 27
509 167 27
509 166 27
509 165 20
509 165 20
509 164 20
509 163 25
509 163 25
509 162 25
509 161 29
508 161 29
508 160 28
507 159 38
507 157 39
507 156 47
506 154 45
506 153 39
506 152 39
506 151 36
506 151 36
506 150 36
507 149 42
507 149 42
508 149 25
509 149 25
509 149 25
510 149 18
511 149 26
511 149 26
512 150 0
512 151 0
513 151 11
513 151 11
513 152 0
514 153 0
514 154 0
515 155 0
515 155 0
515 156 0
516 156 0
516 157 0
516 157 0
517 158 0
517 159 0
517 159 0
517 160 0
518 160 0
518 161 0
518 161 0
518 162 0
518 163 0
519 163 0
519 164 0
519 165 0
519 165 0
519 166 0
519 167 0
519 167 0
519 168 0
519 169 0
519 169 0
519 170 0
519 171 8
519 171 8
519 172 8
519 173 26
519 173 26
519 174 35
519 175 35
519 175 35
519 176 42
519 177 42
519 177 42
519 178 51
518 179 50
518 179 50
518 180 50
518 181 47
518 181 47
518 182 47
518 183 44
518 183 44
518 184 44
518 185 51
518 185 51
518 186 39
518 187 39
518 187 39
518 188 26
518 189 26
518 189 26
518 190 16
518 191 6
518 191 6
518 192 6
519 193 0
519 193 0
519 194 0
519 195 0
520 195 0
520 195 0
521 196 0
521 197 0
521 197 0
522 197 0
523 198 0
523 199 0
524 199 0
525 199 0
525 199 0
526 199 0
527 199 0
527 199 0
528 199 19
529 199 19
529 199 19
530 199 27
531 199 27
531 199 27
532 199 23
533 199 23
533 199 23
534 198 11
535 197 17
535 197 17
535 197 17
536 197 17
537 197 0
538 196 29
539 196 20
539 196 20
540 196 19
541 196 19
541 196 19
542 196 32
543 196 32
543 196 32
544 196 47
545 197 18
545 197 18
545 197 18
546 197 25
546 198 18
546 199 18
547 199 34
547 200 21
547 201 21
547 201 21
547 202 23
548 203 26
548 203 26
548 204 26
548 205 8
548 205 8
548 206 8
548 207 6
548 207 6
548 208 6
548 209 6
548 209 6
548 210 6
548 211 6
548 211 6
548 212 6
547 212 6
547 213 6
547 213 6
547 214 11
546 214 0
546 215 14
545 215 11
545 215 11
545 216 11
544 216 11
544 217 31
543 217 15
543 217 15
542 217 15
542 218 15
541 219 15
541 219 15
541 219 15
540 219 15
540 220 23
539 221 10
539 221 10
538 221 1
538 222 24
537 223 24
537 223 24
537 225 29
537 225 29
536 226 23
536 227 27
536 228 27
536 229 34
535 230 34
535 231 37
535 231 37
535 233 28
535 233 28
535 234 34
535 235 34
535 235 34
535 236 50
535 237 50
535 237 50
535 238 41
535 239 40
535 239 40
535 240 40
535 241 35
535 241 35
535 242 35
535 243 45
535 243 45
535 244 35
535 245 35
535 245 35
535 246 25
535 247 25
535 247 25
535 248 17
535 249 17
535 249 17
535 250 23
535 251 24
535 251 24
535 252 24
535 253 13
535 253 13
535 254 13
535 255 14
535 255 14
535 256 9
535 257 9
534 257 15
534 258 11
534 259 11
534 259 11
534 260 10
534 261 10
534 261 10
534 262 3
534 263 7
534 263 7
534 264 7
534 265 12
534 265 12
534 266 12
533 267 7
533 267 7
533 268 7
533 269 7
533 269 7
533 270 13
533 271 13
533 272 12
533 273 6
533 273 6
533 274 6
533 275 8
533 276 8
533 277 4
533 277 4
533 278 4
533 279 9
533 279 9
533 280 15
533 281 15
533 281 15
533 282 17
533 283 17
533 283 17
533 284 17
533 285 23
533 285 23
533 287 20
533 287 20
533 289 21
533 289 21
533 291 22
533 291 22
533 292 24
533 293 24
533 294 24
533 295 24
533 295 24
533 296 13
533 297 15
533 297 15
533 298 15
533 299 20
533 299 20
533 300 20
533 301 22
533 301 22
533 302 22
533 303 15
533 303 15
533 304 10
533 305 10
533 305 10
534 306 40
534 307 40
534 307 40
534 308 36
535 309 35
535 310 35
535 311 32
535 312 32
535 313 33
535 313 33
535 315 40
535 315 40
535 316 27
536 317 27
536 317 27
536 318 33
536 319 33
536 319 33
536 320 23
537 321 28
537 321 28
537 322 28
537 323 28
537 323 28
538 324 28
538 325 22
538 325 22
538 326 0
539 327 13
539 327 13
539 328 0
539 329 0
540 329 1
541 330 0
541 330 0
542 330 0
543 330 0
543 330 0
544 330 0
545 330 0
545 330 0
546 330 0
547 330 0
547 330 0
548 330 0
549 330 0
549 330 0
551 330 0
551 330 0
552 330 0
553 330 0
553 330 0
554 330 0
555 330 0
555 330 0
556 330 0
557 330 0
557 330 0
558 330 0
559 330 0
559 330 0
560 330 0
561 329 0
562 329 0
563 329 0
563 328 0
563 327 5
564 327 0
565 327 0
565 326 0
565 325 16
566 325 0
566 325 0
567 324 15
567 323 15
567 323 15
567 323 15
567 322 30
568 322 2
569 321 2
569 320 20
569 319 28
569 319 28
569 318 28
569 317 38
570 317 21
570 316 21
570 315 31
570 315 31
571 314 23
571 313 23
571 313 23
572 312 24
572 311 24
572 311 24
573 311 7
573 310 17
573 309 17
573 309 17
573 308 17
574 307 20
574 307 20
575 306 2
575 305 4
575 305 4
575 304 4
575 303 13
575 303 13
576 302 0
576 301 0
576 301 0
576 300 3
576 299 3
576 299 3
576 298 2
577 297 2
577 297 2
577 296 0
577 295 0
577 295 0
577 294 0
577 293 7
577 292 7
577 291 5
577 291 5
577 290 15
577 289 15
577 289 15
577 288 8
577 287 8
577 287 8
577 286 15
577 285 15
577 285 15
577 284 16
577 283 2
577 283 2
577 282 2
577 281 0
577 281 0
577 280 0
577 279 0
577 279 0
577 278 0
576 277 0
575 277 0
575 276 0
575 276 0
575 275 0
574 275 0
573 275 0
573 275 0
572 275 0
572 274 0
571 274 0
571 274 0
570 274 0
569 274 0
569 274 0
568 274 0
567 274 0
567 274 0
567 275 22
566 275 22
565 275 28
564 276 28
563 277 35
563 277 35
563 277 35
Stop
New Slice
Start
555 277 41
555 277 41
554 276 5
553 276 0
553 276 0
552 276 0
552 275 0
551 275 0
551 275 0
551 274 0
550 274 0
550 273 0
549 273 0
549 272 0
548 271 0
548 271 0
548 270 0
548 269 0
547 269 0
547 269 0
547 268 0
547 267 0
546 267 0
546 266 0
546 265 0
546 265 0
546 264 0
546 263 0
546 263 0
546 262 0
546 261 0
546 261 0
546 260 0
546 259 0
546 259 0
546 258 0
546 257 0
546 257 0
546 256 0
546 255 0
546 254 0
546 253 0
546 253 0
546 252 0
546 251 0
547 251 0
547 250 0
547 249 0
547 249 0
547 248 0
547 247 0
548 247 0
549 246 0
549 245 0
549 245 0
549 245 0
550 244 0
551 244 0
551 243 0
551 243 0
551 243 0
552 243 0
553 243 0
553 243 0
554 242 0
555 241 0
555 241 0
556 241 0
557 241 0
557 241 0
558 241 0
559 241 0
559 241 0
560 241 0
561 241 0
562 240 0
563 240 0
563 240 0
564 240 0
565 240 0
565 240 0
566 240 0
567 240 0
567 240 0
568 240 0
569 240 0
569 240 0
570 240 0
571 240 0
571 240 0
572 240 0
573 240 0
573 240 0
574 240 0
575 240 7
575 240 7
576 240 23
577 241 0
577 241 0
578 241 19
579 241 19
579 242 19
579 243 0
580 243 2
581 243 2
581 243 2
582 243 36
582 244 0
583 245 20
583 245 20
584 246 0
584 247 0
585 247 36
585 248 10
585 249 10
585 249 10
586 249 10
586 250 3
586 251 0
586 252 0
587 253 14
587 253 14
587 254 14
587 255 10
587 255 10
587 256 2
587 257 2
587 257 2
587 258 5
587 259 5
587 259 5
588 261 25
588 261 25
588 262 17
588 263 14
588 263 14
588 264 14
588 265 10
588 265 10
589 266 10
589 267 6
589 267 6
589 268 7
589 269 7
589 269 7
589 270 6
589 271 6
589 271 6
589 272 0
589 273 0
590 273 16
590 274 16
590 275 13
590 275 13
590 276 13
590 277 22
590 277 22
590 278 22
590 279 22
590 279 22
590 280 17
590 281 17
590 281 17
590 282 25
590 283 25
590 284 23
590 285 22
590 285 22
590 286 22
589 286 3
589 287 0
589 287 0
589 288 0
589 289 1
589 289 1
589 289 1
589 290 1
589 291 12
589 291 12
589 292 12
589 293 12
589 293 12
588 294 4
588 295 4
588 295 4
588 296 0
588 297 0
588 297 0
588 298 0
588 299 9
588 299 9
588 300 9
588 301 15
588 301 15
588 302 15
588 303 12
588 303 12
588 304 17
588 305 17
588 305 17
588 306 13
588 307 13
587 307 0
587 308 0
587 309 7
587 309 7
587 309 7
587 310 7
587 311 16
587 311 16
587 312 16
587 313 17
587 313 17
587 314 17
586 314 4
586 315 9
586 315 9
586 316 19
586 317 19
586 317 19
586 318 33
586 319 33
586 319 33
586 320 41
586 321 44
585 321 44
585 321 44
585 322 44
585 323 46
585 323 46
585 323 46
585 324 46
585 325 51
584 325 43
584 326 55
583 327 55
583 327 55
583 328 67
582 329 60
582 329 60
581 329 43
581 330 48
581 331 48
581 331 48
580 331 48
580 332 58
579 333 61
579 333 61
578 333 61
577 333 61
577 334 61
576 335 75
575 335 54
575 335 54
574 335 35
573 335 35
573 336 35
573 336 35
572 336 22
571 337 51
571 337 51
570 337 37
569 337 28
569 337 28
568 337 28
567 337 20
567 337 20
566 337 20
565 337 13
565 337 13
564 337 13
563 337 0
563 337 0
562 337 0
561 338 22
561 338 22
560 339 15
559 339 15
559 339 15
558 339 3
557 339 0
557 339 0
556 339 0
555 339 0
555 340 21
555 340 21
553 341 13
553 341 13
552 341 13
551 341 6
551 341 6
550 341 0
549 341 0
549 341 0
548 341 0
547 341 0
547 341 0
546 341 3
545 341 10
545 341 10
544 341 10
543 341 18
543 341 18
542 341 18
541 341 22
541 341 22
540 341 22
539 341 20
539 341 20
538 341 16
537 341 16
536 341 21
535 341 21
535 340 21
534 340 37
534 339 16
533 339 41
533 339 41
533 339 41
532 338 41
532 337 22
531 337 36
531 337 36
531 336 10
531 335 10
530 335 10
529 335 19
529 335 19
529 334 0
528 334 0
528 333 0
527 333 9
527 333 9
527 332 0
526 331 0
525 331 0
525 330 0
525 330 0
525 329 0
524 328 2
524 327 12
523 327 12
523 326 12
523 325 11
523 325 11
522 324 32
522 323 32
521 323 51
521 322 44
521 322 44
521 321 44
521 321 44
521 320 40
520 320 40
520 319 36
520 319 36
519 318 55
519 317 38
519 316 38
519 315 35
519 314 38
519 313 38
519 313 38
519 312 32
519 311 32
519 311 32
518 311 32
518 310 16
518 309 16
518 309 16
518 308 15
518 307 12
518 307 12
518 306 12
518 305 7
518 305 7
518 304 7
518 303 13
518 302 21
518 301 21
518 301 21
518 300 16
518 299 16
518 299 16
518 298 17
518 297 17
518 297 17
518 296 6
518 295 19
518 295 19
518 294 19
518 293 16
518 293 16
518 292 16
518 291 13
518 291 13
518 290 25
518 289 25
518 289 25
518 288 23
518 287 23
518 287 23
518 286 15
518 285 15
518 285 15
518 284 14
518 283 20
518 283 20
518 282 20
518 281 27
518 281 27
518 280 27
518 279 16
518 279 16
518 278 7
518 277 7
518 277 7
518 276 3
518 275 3
518 275 3
518 274 8
518 273 8
518 273 8
518 272 10
519 271 0
519 271 0
519 270 0
519 269 0
519 269 0
519 268 0
519 267 0
519 267 0
519 266 0
519 265 0
519 265 0
519 264 0
519 263 0
519 263 0
519 262 0
519 261 0
519 261 0
519 260 0
519 259 0
519 259 0
519 258 0
519 257 0
519 257 0
519 256 0
519 255 0
519 254 0
519 253 0
519 253 0
518 252 0
518 251 0
518 251 0
518 250 0
518 249 0
518 249 0
518 248 0
518 247 0
518 247 0
518 246 0
518 245 0
518 245 0
518 244 0
518 243 5
518 243 5
518 242 0
518 241 0
518 240 0
518 239 0
518 239 0
518 238 0
518 237 7
518 237 7
518 236 7
518 235 1
518 235 1
518 234 1
518 233 12
518 233 12
518 232 12
518 231 8
518 231 8
518 230 8
518 229 8
518 229 8
518 228 15
518 227 15
519 227 15
519 226 19
519 225 25
519 225 25
519 224 25
520 224 17
520 223 34
521 223 34
521 223 34
521 222 34
521 221 40
522 221 28
522 221 28
523 221 0
523 220 0
523 219 18
523 219 18
524 219 18
524 218 16
524 217 16
525 217 0
525 215 0
525 215 0
525 214 1
525 213 0
525 213 0
525 212 0
525 211 0
525 211 0
525 210 0
525 210 0
525 209 0
525 209 0
524 208 0
524 207 0
523 207 0
523 206 0
523 206 0
523 205 0
523 205 0
522 205 15
522 203 7
521 203 22
521 203 22
521 202 12
521 201 0
520 201 0
520 200 0
520 199 0
519 198 5
519 197 0
519 197 0
519 196 0
519 195 0
519 195 0
518 195 0
518 194 0
518 193 0
518 193 0
517 192 6
517 191 6
517 191 6
517 191 6
516 189 20
515 189 20
515 188 20
515 188 20
515 187 23
515 187 23
514 187 19
513 185 22
513 185 22
513 183 23
512 183 23
512 183 23
511 181 14
511 181 14
511 180 16
511 179 16
510 179 18
510 178 21
510 177 11
510 177 11
510 176 11
510 175 1
510 175 1
510 174 1
510 173 0
510 173 0
510 172 0
510 171 0
510 171 0
510 170 13
510 169 13
510 168 8
510 167 4
510 167 4
510 166 4
510 165 0
510 165 0
509 164 20
509 163 25
509 163 25
509 162 25
509 161 29
509 161 29
509 160 28
509 159 28
509 159 28
509 158 13
509 157 13
509 157 13
509 156 23
509 155 17
509 155 17
509 154 17
509 153 11
510 152 0
511 152 0
511 152 0
512 152 0
513 152 0
513 153 0
514 153 0
514 154 0
514 155 0
515 155 0
515 156 0
515 156 0
515 157 0
515 157 0
516 158 0
516 159 0
516 159 0
516 160 0
517 160 0
517 161 0
517 161 0
517 162 0
517 163 0
517 163 0
517 164 0
517 165 0
517 165 0
517 166 0
517 167 0
518 167 0
518 168 0
518 169 0
518 169 0
518 170 0
518 171 8
518 171 8
518 172 8
518 173 26
518 173 26
518 174 35
518 175 35
518 175 35
518 176 42
518 177 42
518 177 42
518 178 51
518 179 50
518 179 50
518 180 50
518 181 47
518 181 47
518 182 47
518 183 44
518 183 44
518 184 44
518 185 51
518 185 51
518 186 39
518 187 39
518 187 39
518 188 26
519 189 26
519 189 26
519 190 16
519 191 6
520 191 18
520 192 18
520 193 0
520 193 0
521 193 0
521 194 0
521 195 0
521 195 0
521 195 0
521 196 0
522 197 0
522 197 0
523 197 0
523 198 0
523 199 0
524 199 0
525 200 0
525 200 0
526 200 0
527 200 0
527 200 0
528 200 0
529 200 0
529 200 0
530 200 0
531 200 0
531 200 0
532 200 0
533 200 0
533 200 0
535 199 0
535 199 0
535 199 0
536 199 0
537 199 0
537 198 0
537 198 0
538 198 0
539 198 0
539 198 0
540 198 0
541 198 0
541 198 0
542 198 0
543 198 0
543 199 0
544 199 0
544 199 0
545 200 0
545 201 0
546 201 12
546 201 12
547 201 21
547 202 23
547 203 26
547 203 26
547 204 26
547 205 8
547 205 8
547 206 8
547 207 6
547 207 6
547 208 6
547 209 6
547 209 6
547 210 6
547 211 6
547 211 6
547 212 6
547 213 6
547 213 6
547 214 11
547 215 18
545 215 11
545 216 11
544 217 31
543 217 15
543 217 15
543 218 15
542 218 15
541 218 0
541 219 15
541 219 15
541 219 15
540 220 23
539 220 10
539 221 10
539 221 10
539 221 10
538 222 24
538 223 24
537 223 24
537 224 29
537 225 29
537 225 29
537 225 29
537 226 34
537 227 38
536 227 27
536 227 27
536 229 34
535 229 34
535 229 34
535 230 34
535 231 37
535 231 37
535 232 28
535 233 28
535 233 28
535 234 34
535 235 34
534 235 28
534 236 35
534 237 35
534 238 29
534 239 34
534 239 34
534 240 34
534 241 36
533 241 25
533 242 25
533 243 16
533 243 16
533 244 15
533 245 15
533 245 15
533 246 16
533 247 16
533 247 16
533 248 16
533 249 16
532 249 16
532 250 14
532 251 8
532 251 8
532 252 8
532 253 10
531 253 0
531 254 0
531 255 0
531 255 0
531 256 0
531 257 0
531 257 0
531 258 0
531 259 0
531 259 0
531 260 0
531 261 0
531 261 0
531 262 0
531 263 0
531 263 0
531 264 0
531 265 0
531 265 0
531 266 0
531 267 0
531 269 0
531 269 0
531 270 0
531 271 0
531 271 0
531 272 0
531 273 0
531 273 0
531 274 0
531 275 0
531 276 0
531 277 0
531 277 0
531 278 0
531 279 0
531 280 0
531 281 0
531 281 0
531 282 0
531 283 0
531 283 0
531 284 0
531 285 1
531 285 1
531 286 1
531 287 0
531 287 0
531 288 0
531 289 0
531 290 0
531 291 0
531 292 0
531 293 0
531 293 0
531 294 0
531 295 0
531 295 0
531 296 0
531 297 0
531 297 0
531 298 0
531 299 0
531 299 0
531 300 0
531 301 0
531 301 0
531 302 0
531 303 0
531 304 0
531 305 0
531 305 0
532 305 10
532 306 23
532 307 23
533 307 23
533 308 14
533 309 9
533 309 9
533 310 9
533 310 9
533 311 4
534 311 27
534 312 27
534 313 22
535 313 33
535 313 33
535 314 33
535 315 40
535 315 40
535 315 40
536 316 27
536 317 27
536 317 27
537 318 44
537 319 44
537 319 44
537 319 44
537 320 34
538 321 28
538 321 28
538 322 28
538 323 28
539 323 41
539 323 41
539 324 41
539 325 33
539 325 33
540 325 44
541 326 32
541 327 32
541 327 32
542 327 43
542 328 19
543 328 19
543 329 19
544 329 30
545 329 30
545 330 0
546 330 0
547 330 0
547 330 0
548 330 0
549 330 0
549 330 0
550 330 0
551 330 0
551 330 0
552 330 0
553 330 0
553 330 0
554 330 0
555 330 0
556 330 0
557 330 0
558 330 0
559 330 0
559 330 0
560 329 0
561 329 0
561 329 0
562 329 0
563 329 0
563 328 0
563 327 5
564 327 0
565 327 0
565 327 0
566 326 0
566 325 0
567 325 0
567 325 0
568 325 0
568 324 0
569 323 0
569 323 0
569 323 0
570 322 0
570 321 0
571 321 0
571 320 0
571 319 0
571 319 0
572 318 0
572 317 0
573 317 0
573 316 0
573 315 0
573 315 0
573 314 1
573 313 1
573 313 1
573 311 7
573 311 7
574 310 17
574 309 17
574 309 17
574 308 17
575 307 2
575 306 2
575 305 4
575 305 4
575 304 4
575 303 13
575 303 13
575 302 18
575 301 18
575 301 18
575 301 18
575 300 19
575 299 19
575 298 15
575 297 15
575 297 15
575 296 19
575 295 15
576 295 0
576 295 0
576 294 0
576 293 7
576 293 7
576 292 7
576 291 5
576 291 5
576 290 15
576 289 15
576 289 15
576 288 8
576 287 8
576 287 8
576 286 15
576 285 15
576 285 15
576 283 2
576 283 2
576 282 2
576 281 0
576 281 0
576 280 0
576 279 0
575 279 0
575 279 0
575 277 0
574 277 2
574 277 2
573 277 2
572 276 0
572 275 0
571 275 0
570 275 1
569 275 12
569 275 12
569 275 12
568 275 12
567 275 22
567 275 22
566 275 22
565 275 28
565 275 28
564 275 28
563 275 24
563 275 24
562 275 19
561 275 19
561 275 19
560 275 18
559 275 18
559 275 18
558 275 21
557 275 17
557 275 17
556 275 17
555 275 5
555 275 5
555 275 5
Stop
