New Layer
Start
566 409 44
566 410 32
565 410 34
565 410 34
565 410 34
565 410 34
565 410 34
565 410 34
565 410 34
564 410 37
564 411 30
564 411 30
564 411 30
564 411 30
564 411 30
564 411 30
563 411 36
563 411 36
563 412 28
563 412 28
563 412 28
562 412 32
562 412 32
562 412 32
562 412 32
562 412 32
561 412 37
561 412 37
561 413 27
561 413 27
561 413 27
560 413 32
560 413 32
560 414 25
560 414 25
560 414 25
560 414 25
560 414 25
560 415 20
560 415 20
560 415 20
560 415 20
560 416 16
560 416 16
560 416 16
560 416 16
559 416 27
559 416 27
559 416 27
559 417 22
559 417 22
559 417 22
558 417 33
558 417 33
558 417 33
558 418 24
558 418 24
558 418 24
557 418 31
557 418 31
557 418 31
557 418 31
557 418 31
556 418 35
556 418 35
556 418 35
556 419 26
556 419 26
555 419 32
555 419 32
555 419 32
555 419 32
555 419 32
555 419 32
554 419 39
554 420 28
554 420 28
554 420 28
553 420 36
553 420 36
553 420 36
553 421 26
552 421 35
552 421 35
552 421 35
552 421 35
552 421 35
552 421 35
552 422 27
552 422 27
551 422 39
551 422 39
551 422 39
551 422 39
551 422 39
551 422 39
551 423 33
551 423 33
551 423 33
551 423 33
551 424 27
551 424 27
550 424 38
550 424 38
550 424 38
550 425 31
550 425 31
550 425 31
550 426 23
550 426 23
550 426 23
550 426 23
550 426 23
550 427 16
550 427 16
550 427 16
549 427 22
549 427 22
549 427 22
549 427 22
548 428 18
548 428 18
548 428 18
548 428 18
548 428 18
547 428 25
547 428 25
547 428 25
547 428 25
547 428 25
546 428 32
546 428 32
546 428 32
546 428 32
546 428 32
545 429 30
545 429 30
545 429 30
545 429 30
544 429 37
544 429 37
544 429 37
544 429 37
544 430 27
544 430 27
543 430 34
543 430 34
543 430 34
543 430 34
543 430 34
543 430 34
542 430 42
542 430 42
542 431 35
542 431 35
542 431 35
542 431 35
542 431 35
541 431 45
541 432 34
541 432 34
541 432 34
541 432 34
541 432 34
541 432 34
540 432 44
540 432 44
540 432 44
540 433 31
540 433 31
540 433 31
539 433 42
539 434 30
539 434 30
539 434 30
539 434 30
539 435 21
539 435 21
539 435 21
538 435 33
538 436 27
538 436 27
538 436 27
538 436 27
538 436 27
538 437 25
538 437 25
538 437 25
538 437 25
538 438 23
538 438 23
538 438 23
538 438 23
538 438 23
538 438 23
538 439 21
538 439 21
538 439 21
538 439 21
537 440 25
537 440 25
537 440 25
537 440 25
537 440 25
537 440 25
537 441 20
536 441 28
536 441 28
536 441 28
536 442 20
536 442 20
536 442 20
536 442 20
536 442 20
536 442 20
535 443 24
535 443 24
535 443 24
535 443 24
535 444 16
535 444 16
534 444 25
534 444 25
534 444 25
534 444 25
534 444 25
533 445 24
533 445 24
533 445 24
533 445 24
532 445 30
532 445 30
532 445 30
532 445 30
532 445 30
532 446 19
531 446 27
531 446 27
531 446 27
531 446 27
531 447 20
531 447 20
531 447 20
531 447 20
531 447 20
531 448 15
531 448 15
531 448 15
532 448 7
532 448 7
532 449 8
532 449 8
532 449 8
532 449 8
532 449 8
533 449 2
533 450 4
533 450 4
533 450 4
533 450 4
533 450 4
533 450 4
534 451 7
534 451 7
534 451 7
534 451 7
534 451 7
534 451 7
534 452 17
534 452 17
535 452 15
535 452 15
535 452 15
535 452 15
535 452 15
535 452 15
536 453 22
536 453 22
536 453 22
536 453 22
536 453 22
536 453 22
536 453 22
536 454 36
537 454 29
537 454 29
537 454 29
537 454 29
538 454 23
538 454 23
538 454 23
538 454 23
538 454 23
539 454 20
539 454 20
539 455 34
539 455 34
540 455 34
540 455 34
540 455 34
540 455 34
540 455 34
541 455 36
541 455 36
541 455 36
541 454 22
542 454 28
542 454 28
542 454 28
542 454 28
542 454 28
542 454 28
542 454 28
543 454 34
543 454 34
543 454 34
543 454 34
543 453 17
544 453 26
544 453 26
544 453 26
544 453 26
544 453 26
544 453 26
545 453 31
545 453 31
545 453 31
545 453 31
545 453 31
546 453 34
546 453 34
546 453 34
546 453 34
546 453 34
547 453 33
547 453 33
547 453 33
548 453 30
548 453 30
548 453 30
548 453 30
548 453 30
548 453 30
549 453 27
549 453 27
549 453 27
549 453 27
549 453 27
550 453 27
550 453 27
550 453 27
550 453 27
550 453 27
551 453 28
551 453 28
551 453 28
551 453 28
552 453 33
552 453 33
552 453 33
552 453 33
552 453 33
553 453 34
553 453 34
553 453 34
553 453 34
554 453 33
554 453 33
554 453 33
554 453 33
554 453 33
555 453 27
555 453 27
555 453 27
555 453 27
556 453 20
556 453 20
556 453 20
556 453 20
557 453 13
557 453 13
557 453 13
558 453 8
558 453 8
558 453 8
558 454 19
559 454 14
559 454 14
559 454 14
559 454 14
559 454 14
559 454 14
560 454 9
560 454 9
560 454 9
560 455 19
560 455 19
560 455 19
561 455 15
561 455 15
561 455 15
561 456 30
562 456 24
562 456 24
562 456 24
562 456 24
563 456 23
563 456 23
563 456 23
563 456 23
564 456 22
564 456 22
564 456 22
564 457 38
564 457 38
565 457 38
565 457 38
565 457 38
565 457 38
566 457 39
566 457 39
566 457 39
566 457 39
566 457 39
567 457 34
567 457 34
567 457 34
567 457 34
568 457 27
568 457 27
568 457 27
568 457 27
568 457 27
569 457 21
569 457 21
569 457 21
569 458 39
570 458 32
570 458 32
570 458 32
570 458 32
571 458 26
571 458 26
571 458 26
572 458 21
572 458 21
572 459 37
572 459 37
572 459 37
572 459 37
573 459 38
573 459 38
573 459 38
574 459 41
574 459 41
574 459 41
574 459 41
574 459 41
575 459 43
575 459 43
575 459 43
576 459 42
576 459 42
576 458 26
577 458 25
577 458 25
577 458 25
577 458 25
578 458 25
578 458 25
578 458 25
579 458 26
579 458 26
579 458 26
580 458 29
580 458 29
580 458 29
580 458 29
580 458 29
581 458 31
581 458 31
581 458 31
582 458 31
582 458 31
582 458 31
582 458 31
583 458 30
583 458 30
583 458 30
584 458 26
584 458 26
584 458 26
584 458 26
585 458 24
585 458 24
585 458 24
585 458 24
586 458 22
586 458 22
586 458 22
586 458 22
586 458 22
587 458 23
587 458 23
588 458 26
588 458 26
588 458 26
588 458 26
589 458 30
589 458 30
589 458 30
589 458 30
590 458 34
590 458 34
590 458 34
591 458 35
591 458 35
591 458 35
591 458 35
592 458 38
592 458 38
592 458 38
592 458 38
592 458 38
593 458 38
593 458 38
593 458 38
593 458 38
594 458 39
594 458 39
594 458 39
594 458 39
595 458 40
595 458 40
595 458 40
595 458 40
596 458 39
596 458 39
596 458 39
596 458 39
596 458 39
597 458 37
597 458 37
597 458 37
598 458 36
598 458 36
598 458 36
598 458 36
598 458 36
599 458 36
599 458 36
599 458 36
600 458 37
600 458 37
600 458 37
601 458 37
601 458 37
602 458 37
602 458 37
602 458 37
602 458 37
602 458 37
603 458 34
603 458 34
603 458 34
603 458 34
604 458 29
604 458 29
604 458 29
604 458 29
604 458 29
605 458 27
605 458 27
606 458 28
606 458 28
606 458 28
606 458 28
606 458 28
607 458 31
607 458 31
607 458 31
608 458 34
608 458 34
608 458 34
608 458 34
609 458 37
609 458 37
610 458 39
610 458 39
610 458 39
610 458 39
610 458 39
611 458 41
611 458 41
611 458 41
611 458 41
612 458 44
612 458 44
612 458 44
612 458 44
612 458 44
613 458 47
613 458 47
613 458 47
613 457 28
614 457 29
614 457 29
614 457 29
614 457 29
615 457 28
615 457 28
615 457 28
615 457 28
616 457 25
616 457 25
616 457 25
616 457 25
617 457 24
617 457 24
617 457 24
618 456 12
618 456 12
618 456 12
618 456 12
619 456 17
619 456 17
619 456 17
619 456 17
620 456 22
620 456 22
620 456 22
620 456 22
620 456 22
620 456 22
621 456 25
621 456 25
621 456 25
621 456 25
622 456 28
622 456 28
622 456 28
622 456 28
623 455 15
623 455 15
624 455 20
624 455 20
624 455 20
624 455 20
624 455 20
625 455 27
625 455 27
625 455 27
625 455 27
626 455 34
626 455 34
626 455 34
626 455 34
626 455 34
626 455 34
627 455 42
627 455 42
627 455 42
627 455 42
628 455 50
628 455 50
628 455 50
628 455 50
628 455 50
629 454 42
629 454 42
629 454 42
629 454 42
630 454 47
630 454 47
630 454 47
630 454 47
630 454 47
631 454 52
631 454 52
631 454 52
631 453 40
632 453 46
632 453 46
632 453 46
632 453 46
632 453 46
633 453 52
633 453 52
633 453 52
633 453 52
633 452 40
634 452 47
634 452 47
634 452 47
634 452 47
634 452 47
634 451 36
634 451 36
634 451 36
634 451 36
634 451 36
634 450 29
634 450 29
634 450 29
634 450 29
634 450 29
634 449 25
634 449 25
634 449 25
634 449 25
634 448 24
634 448 24
634 448 24
634 448 24
634 448 24
634 447 25
634 447 25
634 447 25
634 446 25
634 446 25
634 446 25
634 446 25
634 446 25
634 445 25
634 445 25
634 445 25
634 445 25
634 444 26
635 444 36
635 444 36
635 444 36
635 444 36
635 443 38
635 443 38
635 443 38
635 443 38
635 442 39
635 442 39
635 442 39
635 442 39
635 442 39
635 441 39
635 441 39
635 441 39
635 441 39
635 440 39
635 440 39
635 440 39
635 440 39
635 439 38
635 439 38
635 439 38
635 439 38
635 438 35
634 438 27
634 438 27
634 438 27
634 438 27
634 437 23
634 437 23
634 437 23
634 437 23
634 436 20
634 436 20
634 436 20
634 436 20
634 436 20
634 436 20
634 435 21
634 435 21
634 435 21
633 435 11
633 434 13
633 434 13
633 434 13
633 434 13
633 434 13
633 434 13
632 433 12
632 433 12
632 433 12
632 433 12
632 433 12
632 432 21
631 432 16
631 432 16
631 432 16
631 432 16
631 432 16
631 431 28
631 431 28
631 431 28
630 431 23
630 431 23
630 430 31
630 430 31
630 430 31
630 430 31
630 429 39
630 429 39
630 429 39
629 429 31
629 428 36
629 428 36
629 428 36
629 428 36
629 428 36
629 428 36
628 428 27
628 428 27
628 428 27
628 428 27
628 427 33
628 427 33
627 427 24
627 427 24
627 427 24
627 426 31
626 426 25
626 426 25
626 426 25
626 426 25
626 426 25
625 426 22
625 426 22
625 426 22
625 426 22
624 426 20
624 426 20
624 426 20
624 426 20
624 426 20
623 425 32
623 425 32
623 425 32
623 425 32
623 425 32
622 425 26
622 425 26
622 424 38
622 424 38
622 424 38
622 424 38
621 424 29
621 424 29
621 423 39
620 423 33
620 423 33
620 423 33
620 423 33
620 423 33
620 422 39
620 422 39
620 422 39
619 422 35
619 422 35
619 421 45
619 421 45
618 421 43
618 421 43
618 421 43
618 421 43
617 420 49
617 420 49
617 420 49
617 420 49
616 420 44
616 420 44
616 420 44
616 420 44
616 420 44
616 420 44
615 420 38
615 420 38
615 420 38
614 420 33
614 420 33
614 420 33
614 420 33
614 419 46
613 419 41
613 419 41
613 419 41
612 419 37
612 419 37
612 419 37
611 419 31
611 418 43
610 418 33
610 418 33
610 418 33
610 418 33
610 418 33
609 418 22
609 418 22
609 418 22
608 418 15
608 418 15
608 418 15
608 418 15
608 417 25
608 417 25
607 417 17
607 417 17
607 417 17
607 416 24
607 416 24
607 416 24
607 416 24
607 416 24
606 416 19
606 415 29
606 415 29
606 415 29
606 415 29
606 414 37
606 414 37
606 414 37
606 414 37
606 414 37
605 414 29
605 414 29
605 413 37
605 413 37
604 413 28
604 413 28
604 413 28
604 412 34
604 412 34
604 412 34
603 412 23
603 412 23
603 412 23
603 412 23
603 412 23
603 411 29
602 411 19
602 411 19
602 411 19
602 411 19
602 411 19
601 411 15
601 411 15
601 411 15
601 411 15
601 411 15
600 411 16
600 411 16
600 411 16
600 410 23
600 410 23
600 410 23
599 410 26
599 410 26
599 410 26
599 410 26
598 410 25
598 410 25
598 410 25
598 410 25
597 410 25
597 410 25
597 410 25
597 410 25
596 410 28
596 410 28
596 410 28
595 410 32
595 410 32
595 410 32
594 410 38
594 410 38
594 410 38
594 410 38
593 410 43
593 410 43
593 410 43
592 410 46
592 410 46
592 410 46
592 410 46
592 410 46
591 410 44
591 410 44
591 410 44
590 410 44
590 410 44
590 410 44
590 410 44
590 410 44
589 410 45
589 410 45
589 410 45
589 410 45
589 410 45
588 411 35
588 411 35
588 411 35
588 411 35
588 411 35
588 411 35
587 411 41
587 411 41
587 411 41
587 411 41
586 411 45
586 411 45
586 412 30
586 412 30
586 412 30
585 412 29
585 412 29
585 412 29
585 412 29
584 412 27
584 412 27
584 412 27
584 412 27
583 412 23
583 412 23
583 412 23
583 412 23
582 412 23
582 412 23
582 412 23
582 412 23
582 412 23
581 412 26
581 412 26
580 412 31
580 412 31
580 412 31
580 412 31
580 412 31
579 412 34
579 412 34
579 412 34
579 412 34
578 412 34
578 412 34
578 412 34
578 412 34
578 412 34
577 412 30
577 412 30
577 412 30
576 412 24
576 412 24
576 412 24
576 412 24
576 412 24
575 412 20
575 412 20
575 412 20
575 412 20
574 412 18
574 412 18
574 412 18
574 412 18
573 412 16
572 411 28
572 411 28
572 411 28
571 411 27
571 411 27
571 411 27
571 411 27
570 411 25
570 411 25
570 411 25
570 411 25
570 411 25
570 411 25
569 411 24
569 411 24
569 410 33
569 410 33
569 410 33
568 410 32
568 410 32
568 410 32
568 410 32
568 410 32
568 410 32
568 410 32
567 410 31
567 409 43
567 409 43
567 409 43
567 409 43
567 409 43
566 409 44
566 409 44
566 409 44
Stop
New Layer
Start
601 409 38
601 409 38
601 409 38
600 409 38
600 409 38
600 409 38
600 409 38
599 409 42
599 409 42
599 409 42
599 409 42
598 409 42
598 409 42
598 409 42
598 409 42
598 409 42
597 409 43
597 409 43
597 409 43
597 410 25
596 410 28
596 410 28
596 410 28
596 410 28
596 410 28
596 410 28
596 410 28
595 410 32
595 410 32
595 410 32
595 410 32
595 410 32
595 411 19
594 411 26
594 411 26
594 411 26
594 411 26
594 411 26
593 411 32
593 411 32
593 411 32
593 411 32
592 411 34
592 411 34
592 411 34
592 411 34
592 411 34
591 411 32
591 411 32
591 411 32
591 411 32
590 412 20
590 412 20
590 412 20
590 412 20
589 412 20
589 412 20
589 412 20
589 412 20
589 412 20
588 412 22
588 412 22
588 412 22
588 412 22
588 412 22
587 412 26
587 412 26
587 412 26
587 412 26
586 412 30
586 412 30
586 412 30
586 412 30
585 412 29
585 412 29
584 412 27
584 412 27
584 412 27
584 412 27
584 412 27
583 412 23
583 412 23
583 412 23
583 412 23
582 412 23
582 412 23
582 412 23
582 412 23
581 412 26
581 412 26
581 412 26
581 412 26
580 412 31
580 412 31
580 412 31
580 412 31
579 412 34
579 412 34
579 412 34
579 412 34
578 412 34
578 412 34
578 412 34
578 412 34
578 412 34
577 412 30
577 412 30
577 412 30
576 412 24
576 412 24
576 412 24
576 412 24
575 412 20
575 412 20
575 412 20
575 412 20
574 412 18
574 412 18
574 412 18
574 412 18
574 412 18
573 411 29
573 411 29
573 411 29
572 411 28
572 411 28
572 411 28
572 411 28
572 411 28
572 410 43
571 410 40
571 410 40
571 410 40
570 410 35
570 410 35
570 410 35
570 410 35
570 410 35
569 410 33
569 410 33
569 410 33
569 410 33
569 410 33
568 410 32
568 410 32
568 410 32
568 410 32
568 410 32
567 410 31
567 410 31
567 410 31
567 410 31
566 410 32
566 410 32
566 410 32
566 410 32
566 410 32
565 410 34
565 410 34
565 410 34
565 410 34
565 410 34
564 410 37
564 411 30
564 411 30
564 411 30
564 411 30
564 411 30
564 411 30
564 411 30
563 412 28
563 412 28
563 412 28
563 412 28
563 412 28
563 412 28
562 413 23
562 413 23
562 413 23
562 413 23
562 413 23
562 414 15
562 414 15
561 414 19
561 414 19
561 414 19
561 414 19
561 414 19
561 415 14
560 415 20
560 415 20
560 416 16
560 416 16
560 416 16
560 416 16
560 416 16
560 417 15
560 417 15
559 417 22
559 417 22
559 418 16
559 418 16
558 418 24
558 418 24
558 418 24
558 418 24
558 418 24
558 418 24
557 418 31
557 418 31
557 418 31
557 418 31
556 419 26
556 419 26
556 419 26
556 419 26
556 419 26
555 420 23
555 420 23
555 420 23
555 420 23
555 420 23
555 420 23
555 420 23
554 420 28
554 420 28
554 421 19
554 421 19
554 421 19
554 421 19
554 421 19
554 422 13
554 422 13
553 422 19
553 422 19
553 422 19
553 423 15
553 423 15
553 423 15
553 423 15
553 424 13
553 424 13
553 424 13
553 424 13
553 424 13
553 424 13
553 425 9
552 425 13
552 425 13
552 425 13
552 425 13
552 425 13
552 425 13
552 426 9
552 426 9
552 426 9
551 426 14
551 426 14
551 426 14
551 426 14
550 426 23
550 426 23
550 426 23
550 427 16
550 427 16
550 427 16
549 427 22
549 427 22
549 427 22
549 427 22
549 427 22
548 427 28
548 427 28
548 427 28
548 427 28
548 428 18
548 428 18
547 428 25
547 428 25
547 428 25
547 428 25
547 428 25
547 428 25
546 428 32
546 428 32
546 429 22
546 429 22
546 429 22
546 429 22
545 430 20
545 430 20
545 430 20
544 430 27
544 430 27
544 431 19
544 431 19
544 431 19
544 431 19
544 431 19
544 432 10
543 432 17
543 432 17
543 432 17
543 432 17
542 432 25
542 432 25
542 433 14
542 433 14
542 433 14
542 433 14
542 433 14
541 433 22
541 434 10
541 434 10
541 434 10
540 434 18
540 434 18
540 434 18
540 435 10
540 435 10
540 435 10
539 435 21
539 435 21
539 436 16
539 436 16
539 436 16
539 436 16
539 436 16
539 437 14
539 437 14
539 437 14
539 437 14
539 438 14
539 438 14
539 438 14
539 438 14
539 439 13
539 439 13
539 439 13
539 439 13
539 439 13
538 440 15
538 440 15
538 440 15
538 440 15
538 440 15
538 440 15
538 441 11
537 441 20
537 441 20
537 441 20
537 442 13
536 442 20
536 442 20
536 442 20
536 442 20
536 442 20
535 442 32
535 443 24
535 443 24
535 443 24
535 443 24
535 443 24
535 443 24
534 444 25
534 444 25
534 444 25
534 444 25
534 444 25
534 444 25
534 445 17
534 445 17
534 445 17
533 445 24
533 445 24
533 445 24
533 446 14
533 446 14
533 446 14
532 446 19
532 446 19
532 446 19
532 447 11
532 447 11
532 447 11
Stop
Start
563 456 23
563 456 23
563 456 23
564 456 22
564 456 22
564 456 22
564 456 22
564 456 22
565 456 22
565 456 22
565 456 22
565 456 22
566 456 23
566 456 23
566 456 23
566 456 23
567 456 19
567 456 19
567 456 19
567 456 19
568 456 15
568 456 15
568 456 15
568 456 15
568 457 27
569 457 21
569 457 21
569 457 21
570 457 15
570 457 15
570 457 15
570 457 15
570 457 15
571 457 11
571 457 11
571 457 11
571 457 11
571 457 11
572 457 8
572 457 8
572 457 8
572 457 8
572 457 8
573 457 8
573 457 8
573 457 8
573 457 8
574 457 11
574 457 11
574 457 11
574 457 11
574 457 11
575 457 13
575 458 26
575 458 26
575 458 26
576 458 26
576 458 26
576 458 26
576 458 26
576 458 26
577 458 25
577 458 25
577 458 25
577 458 25
578 458 25
578 458 25
578 458 25
578 458 25
579 458 26
579 458 26
579 458 26
579 458 26
580 458 29
580 458 29
580 458 29
581 458 31
581 458 31
582 458 31
582 458 31
582 458 31
582 458 31
582 458 31
583 458 30
583 458 30
583 459 45
584 459 44
584 459 44
584 459 44
584 459 44
584 459 44
585 459 43
585 459 43
585 459 43
585 459 43
586 459 42
586 459 42
586 459 42
586 459 42
587 459 42
587 459 42
587 459 42
588 459 43
588 459 43
589 458 30
589 458 30
590 458 34
590 458 34
590 458 34
590 458 34
591 458 35
591 458 35
591 458 35
592 458 38
592 458 38
592 458 38
592 458 38
593 458 38
593 458 38
593 457 25
593 457 25
593 457 25
594 457 24
594 457 24
594 457 24
594 457 24
595 457 24
595 457 24
595 457 24
595 457 24
596 457 24
596 457 24
596 457 24
596 457 24
597 457 23
597 457 23
597 457 23
597 457 23
598 457 22
598 457 22
598 457 22
598 457 22
599 457 21
599 457 21
599 457 21
599 457 21
600 457 20
600 457 20
600 457 20
600 457 20
600 457 20
601 457 20
601 457 20
601 457 20
602 457 19
602 457 19
602 457 19
602 457 19
602 457 19
603 457 17
603 457 17
603 457 17
603 457 17
604 457 15
604 457 15
604 457 15
604 457 15
605 457 14
605 457 14
605 457 14
605 457 14
606 457 15
606 457 15
606 457 15
606 457 15
606 457 15
607 457 18
607 457 18
607 457 18
607 457 18
608 457 20
608 457 20
608 457 20
608 457 20
608 457 20
609 457 22
609 457 22
609 457 22
610 457 24
610 457 24
610 457 24
610 457 24
611 457 25
611 457 25
612 457 26
612 457 26
612 457 26
613 457 28
613 457 28
614 457 29
614 457 29
614 457 29
615 457 28
615 457 28
616 457 25
616 457 25
616 457 25
616 457 25
617 457 24
617 457 24
617 457 24
617 457 24
618 457 26
618 457 26
618 457 26
618 457 26
619 457 31
619 457 31
619 457 31
619 457 31
619 457 31
620 457 36
620 457 36
620 457 36
620 457 36
620 457 36
621 457 39
621 457 39
621 457 39
622 457 41
622 456 28
622 456 28
623 456 30
623 456 30
623 456 30
624 456 34
624 456 34
624 456 34
624 456 34
624 456 34
625 456 40
625 456 40
625 456 40
625 456 40
625 456 40
626 456 47
626 456 47
626 456 47
626 456 47
626 455 34
627 455 42
627 455 42
627 455 42
628 455 50
628 455 50
628 455 50
628 455 50
628 454 35
629 454 42
629 454 42
629 454 42
630 454 47
630 454 47
630 454 47
630 454 47
630 454 47
630 454 47
631 454 52
631 453 40
631 453 40
631 453 40
631 453 40
631 453 40
632 453 46
632 453 46
632 452 34
632 452 34
632 452 34
632 452 34
633 452 40
633 452 40
633 452 40
633 452 40
633 451 29
634 451 36
634 451 36
634 451 36
634 451 36
634 451 36
634 450 29
634 450 29
634 450 29
634 450 29
634 449 25
634 449 25
634 449 25
634 449 25
634 448 24
634 448 24
634 448 24
634 448 24
634 448 24
634 447 25
634 447 25
634 447 25
634 447 25
634 446 25
634 446 25
635 446 33
635 446 33
635 446 33
635 445 34
635 445 34
635 445 34
635 445 34
635 444 36
635 444 36
635 444 36
635 444 36
635 444 36
635 443 38
635 443 38
635 443 38
635 443 38
635 442 39
634 442 29
634 442 29
634 442 29
634 441 29
634 441 29
634 441 29
634 441 29
634 441 29
634 440 29
634 440 29
634 440 29
634 440 29
634 440 29
634 439 29
634 439 29
634 439 29
634 438 27
633 438 15
633 438 15
633 438 15
633 438 15
633 437 12
633 437 12
633 437 12
633 437 12
633 436 10
633 436 10
633 436 10
633 436 10
633 436 10
633 435 11
633 435 11
633 435 11
633 435 11
633 434 13
632 434 5
632 434 5
632 434 5
632 434 5
632 433 12
632 433 12
632 433 12
632 433 12
631 433 8
631 432 16
631 432 16
631 432 16
631 432 16
631 432 16
631 432 16
631 432 16
630 432 13
630 431 23
630 431 23
630 431 23
630 431 23
630 430 31
630 430 31
629 429 31
629 429 31
629 429 31
628 428 27
628 428 27
628 428 27
628 428 27
628 428 27
628 428 27
628 427 33
627 427 24
627 427 24
627 427 24
627 427 24
627 427 24
627 426 31
626 426 25
626 426 25
626 426 25
626 426 25
626 426 25
626 426 25
625 426 22
625 426 22
625 426 22
625 426 22
624 426 20
624 426 20
624 426 20
624 425 34
623 425 32
623 425 32
623 425 32
622 425 26
622 425 26
622 425 26
622 425 26
622 424 38
621 424 29
621 424 29
621 424 29
621 424 29
620 424 22
620 424 22
620 424 22
620 423 33
620 423 33
619 423 27
619 423 27
619 423 27
619 422 35
619 422 35
618 422 31
618 422 31
618 422 31
618 422 31
617 422 26
617 421 38
617 421 38
617 421 38
616 421 32
616 421 32
616 421 32
616 421 32
616 421 32
615 420 38
615 420 38
615 420 38
614 420 33
614 420 33
614 420 33
614 420 33
614 420 33
613 420 28
613 420 28
613 420 28
612 420 23
612 420 23
612 420 23
612 420 23
612 420 23
611 420 18
611 420 18
611 420 18
611 419 31
610 419 22
610 419 22
610 419 22
610 419 22
610 419 22
610 419 22
609 419 13
609 418 22
609 418 22
609 418 22
608 418 15
608 418 15
608 418 15
608 418 15
608 418 15
608 417 25
608 417 25
608 417 25
607 417 17
607 417 17
607 417 17
607 416 24
607 416 24
607 416 24
606 416 19
606 416 19
606 416 19
606 415 29
606 415 29
606 415 29
605 415 21
605 415 21
605 414 29
605 414 29
605 414 29
605 414 29
604 414 21
604 414 21
604 413 28
604 413 28
604 413 28
604 413 28
604 412 34
603 412 23
603 412 23
603 412 23
603 412 23
603 412 23
603 411 29
602 411 19
602 411 19
602 411 19
602 411 19
602 411 19
602 410 27
602 410 27
602 410 27
602 410 27
601 410 23
601 410 23
601 410 23
601 410 23
601 409 38
601 409 38
Stop
Start
554 453 33
Stop
Start
562 456 24
562 456 24
562 456 24
562 456 24
562 456 24
562 455 10
562 455 10
562 455 10
562 455 10
561 455 15
561 455 15
561 455 15
561 454 6
560 454 9
560 454 9
560 454 9
560 454 9
560 454 9
560 454 9
559 454 14
559 454 14
559 454 14
559 454 14
558 454 19
558 454 19
558 454 19
558 454 19
558 454 19
558 454 19
558 454 19
557 454 27
557 454 27
557 453 13
557 453 13
556 453 20
556 453 20
556 453 20
556 453 20
555 453 27
555 453 27
555 453 27
555 453 27
555 453 27
554 453 33
554 453 33
554 453 33
554 453 33
554 453 33
553 453 34
553 452 19
553 452 19
553 452 19
553 452 19
552 452 18
552 452 18
552 452 18
552 452 18
552 452 18
551 452 16
551 452 16
551 452 16
551 452 16
550 452 15
550 452 15
550 452 15
550 452 15
550 452 15
549 452 15
549 452 15
549 452 15
549 452 15
548 452 17
548 452 17
548 452 17
548 452 17
547 452 20
547 452 20
547 452 20
547 452 20
546 452 21
546 452 21
546 452 21
546 452 21
546 452 21
545 452 17
545 452 17
545 452 17
544 452 13
544 452 13
544 452 13
544 452 13
544 453 26
544 453 26
543 453 17
543 453 17
543 453 17
543 453 17
542 453 12
542 453 12
542 454 28
542 454 28
542 454 28
541 454 22
541 454 22
541 454 22
541 454 22
540 454 19
540 454 19
540 454 19
540 454 19
540 454 19
539 454 20
539 454 20
539 454 20
539 454 20
538 454 23
538 454 23
538 454 23
538 454 23
538 454 23
537 454 29
537 453 16
537 453 16
537 453 16
536 453 22
536 453 22
536 453 22
536 453 22
535 453 26
535 452 15
535 452 15
535 452 15
534 452 17
534 452 17
534 452 17
534 452 17
533 452 21
533 451 10
533 451 10
533 451 10
533 451 10
532 451 18
532 451 18
532 450 10
532 450 10
532 450 10
532 450 10
532 450 10
532 450 10
532 450 10
532 449 8
532 449 8
532 449 8
532 448 7
532 448 7
532 448 7
532 448 7
532 448 7
532 447 11
532 447 11
532 447 11
Stop
New Layer
Start
627 426 31
627 426 31
627 426 31
626 426 25
626 426 25
626 426 25
625 426 22
625 426 22
624 426 20
624 426 20
623 426 19
623 426 19
Stop
Start
599 410 26
599 410 26
599 410 26
599 410 26
598 410 25
598 410 25
598 410 25
598 410 25
598 410 25
597 410 25
597 410 25
597 410 25
597 410 25
596 410 28
596 410 28
596 410 28
596 410 28
596 410 28
595 410 32
595 410 32
595 410 32
595 410 32
594 410 38
594 410 38
594 410 38
594 410 38
594 410 38
593 410 43
593 410 43
593 411 32
593 411 32
592 411 34
592 411 34
592 411 34
592 411 34
592 411 34
591 411 32
591 411 32
591 411 32
591 411 32
591 411 32
590 411 31
590 411 31
590 411 31
590 411 31
590 411 31
589 411 32
589 411 32
589 411 32
589 411 32
588 411 35
588 411 35
588 411 35
588 411 35
587 411 41
587 411 41
587 411 41
587 411 41
586 411 45
586 411 45
586 411 45
586 412 30
585 412 29
585 412 29
585 412 29
585 412 29
584 412 27
584 412 27
584 412 27
584 412 27
583 412 23
583 412 23
583 412 23
583 412 23
582 412 23
582 412 23
582 412 23
582 412 23
582 412 23
581 412 26
581 412 26
581 412 26
581 412 26
580 412 31
580 412 31
580 412 31
580 412 31
580 412 31
579 412 34
579 412 34
579 412 34
578 412 34
578 412 34
578 412 34
578 412 34
578 412 34
577 412 30
577 412 30
577 412 30
577 412 30
576 412 24
576 412 24
576 412 24
576 412 24
576 412 24
575 412 20
575 412 20
574 412 18
574 412 18
574 411 30
573 411 29
573 411 29
573 411 29
573 411 29
572 411 28
572 410 43
572 410 43
572 410 43
572 410 43
571 410 40
571 410 40
571 410 40
571 410 40
570 410 35
570 410 35
570 410 35
569 410 33
569 410 33
569 410 33
569 410 33
569 410 33
568 410 32
568 410 32
568 410 32
568 410 32
568 410 32
567 410 31
567 410 31
567 410 31
567 410 31
566 410 32
566 410 32
566 410 32
566 410 32
566 410 32
566 410 32
566 410 32
565 410 34
565 411 26
565 411 26
565 411 26
564 411 30
564 411 30
564 411 30
564 412 24
564 412 24
563 412 28
563 412 28
562 412 32
562 412 32
562 412 32
562 413 23
562 413 23
561 413 27
561 413 27
561 413 27
561 413 27
561 414 19
560 414 25
560 414 25
560 414 25
560 414 25
560 414 25
560 414 25
560 415 20
560 415 20
560 415 20
560 416 16
560 416 16
560 416 16
559 416 27
559 416 27
559 416 27
559 417 22
559 417 22
558 417 33
558 417 33
558 417 33
558 418 24
558 418 24
558 418 24
557 418 31
557 418 31
557 418 31
557 418 31
556 418 35
556 418 35
556 418 35
556 418 35
556 419 26
556 419 26
555 419 32
555 419 32
555 419 32
555 419 32
555 420 23
555 420 23
555 420 23
555 420 23
554 420 28
554 421 19
554 421 19
554 421 19
554 421 19
554 421 19
554 422 13
553 422 19
553 422 19
553 422 19
553 422 19
553 422 19
553 423 15
553 423 15
552 423 23
552 423 23
552 423 23
552 424 18
552 424 18
552 424 18
552 424 18
552 424 18
552 424 18
552 425 13
552 425 13
551 425 20
551 425 20
551 426 14
551 426 14
551 426 14
551 426 14
551 426 14
550 426 23
550 426 23
550 427 16
550 427 16
550 427 16
549 427 22
549 427 22
549 427 22
549 427 22
548 427 28
548 427 28
548 427 28
548 427 28
548 428 18
547 428 25
547 428 25
547 428 25
547 428 25
547 428 25
547 428 25
546 428 32
546 428 32
546 428 32
546 429 22
546 429 22
545 429 30
545 429 30
545 430 20
544 430 27
544 430 27
544 430 27
544 430 27
543 430 34
543 431 26
543 431 26
543 431 26
543 431 26
543 431 26
543 431 26
542 432 25
542 432 25
542 432 25
542 432 25
542 432 25
542 433 14
542 433 14
542 433 14
542 433 14
542 434 5
541 434 10
541 434 10
541 434 10
541 435 4
541 435 4
541 435 4
541 436 2
540 436 7
540 436 7
540 436 7
540 436 7
540 436 7
540 436 7
540 437 7
540 437 7
539 437 14
539 437 14
539 437 14
539 437 14
539 438 14
539 438 14
539 438 14
538 438 23
538 438 23
538 438 23
538 439 21
538 439 21
538 439 21
538 439 21
538 440 15
538 440 15
538 440 15
537 440 25
537 440 25
537 441 20
537 441 20
537 441 20
537 441 20
536 442 20
536 442 20
536 442 20
536 442 20
536 442 20
536 442 20
536 442 20
535 442 32
535 443 24
535 443 24
535 443 24
535 443 24
535 443 24
534 443 34
534 443 34
534 444 25
534 444 25
534 444 25
534 444 25
534 444 25
534 444 25
534 444 25
533 445 24
533 445 24
533 445 24
533 445 24
533 446 14
533 446 14
533 446 14
532 446 19
532 446 19
532 446 19
532 446 19
532 446 19
532 447 11
532 447 11
532 447 11
532 447 11
532 447 11
531 448 15
531 448 15
531 448 15
531 448 15
531 448 15
531 449 17
531 449 17
531 449 17
531 450 21
531 450 21
531 450 21
532 450 10
532 450 10
532 450 10
532 451 18
532 451 18
532 451 18
533 451 10
533 451 10
533 451 10
533 451 10
534 451 7
534 451 7
534 452 17
534 452 17
534 452 17
534 452 17
535 452 15
535 452 15
535 452 15
535 452 15
535 453 26
536 453 22
536 453 22
536 453 22
536 453 22
536 453 22
537 453 16
537 453 16
537 454 29
537 454 29
538 454 23
538 454 23
538 454 23
538 454 23
538 454 23
539 454 20
539 454 20
539 454 20
540 454 19
540 454 19
540 454 19
540 454 19
540 454 19
541 454 22
541 454 22
541 454 22
541 454 22
542 454 28
542 454 28
542 454 28
542 454 28
542 454 28
543 454 34
543 454 34
543 454 34
543 453 17
544 453 26
544 453 26
544 453 26
544 453 26
544 453 26
544 453 26
544 453 26
544 453 26
545 453 31
545 452 17
545 452 17
546 452 21
546 452 21
546 452 21
546 452 21
546 452 21
547 452 20
547 452 20
547 452 20
548 452 17
548 452 17
548 452 17
548 452 17
548 452 17
549 452 15
549 452 15
549 452 15
549 452 15
550 452 15
550 452 15
550 452 15
550 452 15
550 452 15
551 452 16
551 452 16
551 452 16
551 452 16
552 452 18
552 452 18
552 452 18
552 452 18
553 452 19
553 452 19
553 452 19
553 452 19
554 452 17
554 452 17
554 452 17
554 452 17
554 452 17
555 453 27
555 453 27
555 453 27
555 453 27
555 453 27
555 453 27
556 453 20
556 454 35
556 454 35
556 454 35
556 454 35
556 454 35
557 454 27
557 454 27
557 454 27
557 454 27
557 455 41
558 455 32
558 455 32
558 455 32
558 455 32
558 455 32
559 455 25
559 455 25
559 455 25
559 455 25
559 455 25
560 455 19
560 455 19
560 455 19
560 456 35
560 456 35
561 456 30
561 456 30
561 456 30
561 456 30
562 456 24
562 456 24
562 456 24
562 456 24
562 456 24
563 456 23
563 456 23
563 456 23
563 456 23
564 456 22
564 456 22
564 456 22
565 456 22
565 456 22
565 456 22
566 456 23
566 456 23
566 456 23
566 456 23
566 456 23
567 456 19
567 456 19
567 456 19
567 457 34
567 457 34
568 457 27
568 457 27
568 457 27
568 457 27
568 457 27
568 457 27
569 457 21
569 457 21
569 457 21
569 457 21
570 457 15
570 457 15
570 457 15
570 457 15
571 457 11
571 458 26
571 458 26
571 458 26
572 458 21
572 458 21
572 458 21
572 458 21
573 458 21
573 458 21
573 458 21
573 458 21
574 458 24
574 458 24
574 458 24
574 458 24
574 458 24
575 458 26
575 458 26
575 458 26
575 458 26
576 458 26
576 458 26
576 458 26
576 458 26
577 458 25
577 458 25
577 458 25
578 458 25
578 458 25
578 458 25
578 458 25
579 458 26
579 458 26
579 458 26
580 458 29
580 458 29
581 458 31
581 458 31
581 458 31
582 458 31
582 458 31
582 458 31
582 458 31
583 458 30
583 458 30
583 458 30
583 458 30
583 458 30
584 458 26
584 458 26
584 458 26
584 458 26
584 458 26
585 458 24
585 458 24
585 458 24
586 458 22
586 458 22
586 458 22
586 458 22
587 458 23
587 458 23
587 458 23
587 458 23
588 458 26
588 458 26
588 458 26
588 458 26
588 458 26
589 458 30
589 458 30
589 458 30
589 458 30
590 458 34
590 457 23
590 457 23
590 457 23
591 457 25
591 457 25
591 457 25
591 457 25
592 457 25
592 457 25
592 457 25
592 457 25
592 457 25
593 457 25
593 457 25
593 457 25
594 457 24
594 457 24
594 457 24
594 457 24
594 457 24
595 457 24
595 457 24
595 457 24
596 457 24
596 457 24
596 457 24
596 457 24
597 457 23
597 457 23
597 457 23
597 457 23
598 457 22
598 457 22
598 457 22
598 457 22
599 457 21
599 457 21
599 457 21
599 457 21
600 457 20
600 457 20
600 457 20
600 457 20
600 457 20
601 457 20
601 457 20
601 457 20
602 457 19
602 457 19
602 457 19
602 457 19
602 457 19
603 457 17
603 457 17
604 457 15
604 457 15
604 457 15
604 457 15
605 457 14
605 457 14
605 457 14
605 457 14
606 457 15
606 457 15
606 457 15
606 457 15
607 457 18
607 457 18
608 457 20
608 457 20
608 457 20
608 457 20
608 457 20
609 457 22
609 457 22
609 457 22
609 457 22
610 457 24
610 457 24
610 457 24
610 457 24
610 457 24
611 457 25
611 457 25
611 457 25
612 457 26
612 457 26
612 457 26
612 457 26
612 457 26
613 457 28
613 457 28
613 457 28
613 457 28
614 457 29
614 457 29
614 457 29
614 457 29
614 457 29
615 457 28
615 457 28
615 457 28
615 457 28
616 457 25
616 457 25
616 457 25
616 457 25
617 457 24
617 457 24
617 457 24
617 457 24
618 457 26
618 457 26
618 457 26
618 457 26
618 457 26
619 457 31
619 457 31
619 457 31
620 457 36
620 457 36
620 457 36
621 457 39
621 457 39
621 457 39
622 457 41
622 457 41
622 457 41
622 457 41
623 457 42
623 457 42
623 457 42
623 457 42
624 457 46
624 457 46
624 457 46
624 457 46
625 457 50
625 456 40
625 456 40
625 456 40
626 456 47
626 456 47
626 456 47
626 456 47
626 456 47
627 456 53
627 456 53
627 456 53
627 455 42
627 455 42
628 455 50
628 455 50
628 455 50
628 455 50
628 455 50
628 454 35
629 454 42
629 454 42
629 454 42
629 454 42
630 454 47
630 454 47
630 454 47
631 453 40
631 453 40
631 453 40
631 453 40
631 453 40
632 453 46
632 453 46
632 452 34
632 452 34
632 452 34
633 452 40
633 452 40
633 452 40
633 451 29
633 451 29
633 451 29
633 451 29
633 450 20
633 450 20
633 450 20
633 450 20
633 450 20
633 449 16
633 449 16
633 449 16
634 449 25
634 448 24
634 448 24
634 448 24
634 448 24
634 448 24
634 447 25
634 447 25
634 447 25
634 446 25
634 446 25
634 446 25
634 446 25
634 445 25
634 445 25
634 445 25
634 445 25
634 444 26
634 444 26
634 444 26
634 444 26
634 444 26
634 443 28
634 443 28
634 443 28
634 443 28
634 442 29
634 442 29
634 442 29
634 442 29
634 441 29
634 441 29
634 441 29
634 441 29
634 440 29
634 440 29
634 440 29
634 440 29
634 439 29
634 439 29
634 439 29
634 439 29
634 438 27
634 438 27
634 438 27
634 438 27
634 437 23
634 437 23
634 437 23
634 437 23
634 436 20
634 436 20
634 436 20
634 436 20
634 435 21
634 435 21
634 435 21
634 435 21
634 434 23
634 434 23
634 434 23
633 434 13
633 434 13
633 434 13
633 434 13
633 433 20
633 433 20
633 433 20
632 433 12
632 433 12
632 432 21
632 432 21
632 432 21
632 432 21
631 432 16
631 432 16
631 432 16
631 431 28
630 431 23
630 431 23
630 430 31
630 430 31
630 430 31
629 430 24
629 429 31
629 429 31
629 429 31
629 429 31
629 429 31
629 428 36
629 428 36
629 428 36
629 428 36
628 428 27
628 428 27
628 427 33
628 427 33
628 427 33
628 427 33
628 427 33
Stop
Start
620 424 22
620 424 22
620 424 22
620 424 22
620 424 22
620 424 22
620 423 33
619 423 27
619 423 27
619 423 27
619 423 27
619 422 35
618 422 31
618 422 31
618 422 31
618 422 31
618 422 31
618 422 31
617 421 38
617 421 38
617 421 38
617 421 38
617 421 38
617 420 49
616 420 44
616 420 44
616 420 44
616 420 44
615 420 38
615 420 38
615 420 38
615 420 38
614 419 46
614 419 46
613 419 41
613 419 41
613 419 41
612 419 37
612 419 37
612 419 37
612 419 37
611 418 43
611 418 43
611 418 43
611 418 43
611 418 43
610 418 33
610 418 33
610 418 33
610 418 33
610 417 43
609 417 32
609 417 32
609 417 32
609 417 32
608 417 25
608 416 31
608 416 31
608 416 31
608 416 31
607 416 24
607 416 24
607 416 24
607 415 34
607 415 34
606 415 29
606 415 29
606 415 29
606 414 37
606 414 37
606 414 37
605 414 29
605 413 37
605 413 37
604 413 28
604 412 34
604 412 34
604 412 34
604 412 34
604 412 34
603 412 23
603 411 29
603 411 29
603 411 29
603 411 29
Stop
Start
623 426 19
623 426 19
623 425 32
623 425 32
623 425 32
623 425 32
623 425 32
622 425 26
622 424 38
622 424 38
622 424 38
622 424 38
621 424 29
621 424 29
621 424 29
Stop
Start
603 411 29
603 411 29
603 411 29
603 411 29
603 411 29
602 411 19
602 410 27
602 410 27
602 410 27
602 410 27
602 410 27
601 410 23
601 410 23
601 410 23
600 410 23
600 410 23
600 410 23
600 410 23
Stop
