New Slice
Start
567 337 31
567 337 31
566 336 0
565 336 0
565 336 0
564 336 0
563 336 0
563 335 0
563 335 0
562 335 0
561 335 0
561 335 0
561 335 0
560 335 0
559 334 0
558 334 0
557 334 0
557 333 0
556 333 0
555 333 0
555 333 0
554 332 0
553 332 0
553 331 0
552 331 0
551 331 0
551 331 0
551 330 0
550 329 0
549 329 0
549 329 0
549 328 0
549 327 0
548 327 0
548 327 0
548 326 0
547 325 0
547 325 0
547 324 0
547 323 0
546 323 0
546 322 0
546 321 0
545 321 0
545 320 0
545 319 0
545 319 0
545 318 0
545 317 0
544 317 0
544 315 0
543 315 0
543 314 0
543 313 0
543 313 0
543 312 0
543 311 0
543 311 0
543 310 0
543 309 0
543 309 0
543 308 0
542 307 0
542 307 0
541 307 0
541 306 0
541 305 0
541 305 0
541 304 0
541 303 0
541 303 0
541 302 0
541 301 0
541 301 0
541 300 0
541 299 0
541 299 0
541 298 0
541 297 0
541 297 0
541 296 0
541 295 0
541 295 0
540 293 0
540 293 0
540 292 0
539 292 8
539 291 3
539 291 3
539 290 0
539 289 0
539 289 0
539 288 6
539 287 6
539 287 6
539 287 6
539 286 9
539 285 9
539 285 9
539 284 12
539 283 13
539 283 13
539 282 13
539 281 2
538 281 25
538 280 25
538 279 15
538 279 15
538 278 12
538 277 12
538 277 12
538 276 9
538 275 9
537 275 9
537 274 6
537 273 6
537 273 6
537 272 12
537 271 15
537 271 15
537 269 19
537 269 19
537 268 19
537 267 10
537 266 17
536 265 26
536 265 26
536 264 21
536 263 21
536 263 21
535 262 14
535 261 9
535 260 9
535 259 0
535 259 0
535 257 0
535 257 0
535 256 0
535 255 0
535 255 0
535 254 4
535 253 4
534 253 20
534 252 24
534 251 24
534 251 24
534 250 9
534 249 3
534 249 3
533 248 27
533 247 18
533 246 18
533 245 14
533 245 14
533 244 14
533 243 11
533 243 11
533 242 26
533 241 26
533 241 26
533 240 17
533 239 17
533 239 17
533 238 14
533 237 26
533 237 26
533 236 26
533 235 19
533 235 19
533 234 19
533 233 28
533 233 28
533 232 28
533 231 28
533 230 37
534 229 15
534 229 15
534 228 21
535 228 0
535 227 0
535 227 0
535 226 12
535 225 44
536 225 44
537 225 9
537 224 9
537 224 9
537 223 27
538 223 27
539 223 19
539 222 19
540 222 12
541 222 12
541 223 12
541 223 12
541 223 12
542 223 18
542 224 5
543 224 5
543 225 5
543 225 5
544 225 32
544 227 1
545 227 1
545 227 1
545 227 1
545 228 1
546 228 10
546 229 8
546 229 8
547 230 30
547 231 23
547 231 23
547 232 0
547 233 0
548 233 0
548 233 0
548 234 0
549 235 0
549 235 0
549 236 8
549 237 8
550 237 8
550 237 8
550 238 2
551 239 19
551 239 19
551 240 19
551 241 14
552 241 19
552 241 19
552 242 19
552 243 15
553 243 15
553 243 15
553 244 14
553 245 14
553 245 14
554 247 19
554 247 19
555 248 26
555 249 26
555 249 26
555 251 26
555 251 26
555 252 26
555 253 19
555 253 19
555 254 19
556 255 23
556 255 23
557 255 23
557 256 32
557 257 32
557 257 32
557 257 32
557 258 39
557 259 39
558 259 54
558 260 38
559 260 41
559 261 41
559 262 44
559 263 51
560 263 51
560 264 51
561 265 48
561 265 48
561 266 48
561 267 46
561 267 46
562 268 35
562 269 35
563 270 32
563 270 32
563 271 32
564 271 49
564 272 36
565 272 36
565 273 32
565 273 32
565 274 32
565 275 10
565 275 10
566 276 41
566 277 14
567 277 14
567 279 0
567 279 0
567 279 0
567 280 0
567 281 0
568 281 20
568 282 9
569 283 9
569 283 9
569 284 0
569 285 0
569 285 0
570 286 4
570 287 3
570 287 3
570 288 3
570 289 3
571 289 7
571 289 7
571 290 7
571 291 23
571 291 23
571 292 20
571 293 20
572 293 20
573 294 32
573 295 32
573 295 32
573 295 32
573 296 28
574 297 10
575 298 32
575 299 22
576 300 36
577 301 30
577 301 30
578 302 38
578 303 24
579 303 24
579 303 24
580 304 12
581 304 12
581 305 12
582 305 27
583 305 30
583 305 30
583 306 7
584 306 7
585 306 8
585 307 8
586 307 8
587 307 15
587 308 12
588 309 22
589 309 22
589 309 22
589 310 22
589 311 15
590 311 38
590 311 38
590 312 38
591 313 31
591 313 31
591 313 31
591 314 31
591 315 27
591 315 27
591 316 21
591 317 21
591 317 21
591 318 33
591 319 33
591 319 33
591 320 29
591 321 19
591 321 19
591 323 13
591 323 13
590 323 13
590 324 13
589 325 0
589 325 0
588 326 4
587 327 0
587 327 0
587 327 0
586 328 0
585 329 0
585 329 0
584 329 0
584 330 0
583 330 0
583 331 0
582 331 0
581 331 0
581 332 0
581 332 0
579 333 0
579 333 0
578 333 0
577 333 0
577 334 0
577 334 0
576 334 0
575 334 0
574 335 17
573 335 17
573 335 17
572 335 3
571 335 3
571 335 3
570 336 0
569 336 0
569 336 0
568 336 0
567 336 0
567 337 31
567 337 31
567 337 31
Stop
New Slice
Start
561 337 52
560 337 61
559 337 61
559 337 61
558 337 63
557 337 58
557 336 28
556 336 28
556 335 28
555 335 30
555 335 30
554 334 0
553 333 16
553 333 16
551 332 0
551 331 0
551 331 0
551 331 0
550 331 0
549 330 0
549 329 0
549 329 0
548 329 0
548 328 0
547 328 0
547 327 0
547 327 0
546 327 0
546 326 0
545 325 24
545 325 24
545 324 4
545 323 4
544 323 4
544 323 4
544 322 0
543 321 21
543 321 21
543 320 5
543 319 0
543 319 0
543 318 0
543 317 0
542 317 0
542 317 0
542 315 0
542 315 0
541 315 0
541 314 3
541 313 3
541 313 3
541 312 0
541 311 0
541 311 0
541 310 0
541 309 0
540 309 0
540 308 0
540 307 0
540 307 0
539 307 6
539 306 6
539 305 8
539 305 8
539 304 8
539 303 12
539 303 12
539 302 8
539 301 8
539 301 8
539 300 6
539 299 6
539 299 6
539 298 3
539 297 3
539 297 3
539 296 6
539 295 9
539 295 9
539 294 9
539 293 8
539 293 8
539 292 8
539 291 3
539 291 3
539 290 0
539 289 0
539 289 0
539 288 6
539 287 6
539 287 6
539 286 9
539 285 9
539 285 9
539 284 12
539 283 13
539 283 13
539 282 13
539 281 2
539 281 2
539 280 2
539 279 0
539 279 0
539 278 0
539 277 0
539 277 0
539 276 0
539 275 0
539 275 0
539 274 0
539 273 0
539 273 0
539 272 0
539 271 0
539 271 0
539 270 0
539 269 0
539 269 0
539 268 0
539 267 0
538 267 10
538 266 17
538 265 17
538 265 17
538 264 4
538 263 4
537 263 4
537 262 0
537 261 0
537 261 0
537 260 0
537 259 0
536 259 0
536 258 0
536 257 0
536 257 0
536 256 0
535 255 0
535 255 0
535 254 4
535 253 4
535 253 4
535 252 13
535 251 13
535 251 13
535 250 1
535 249 0
535 249 0
535 248 0
535 247 0
535 247 0
535 246 0
535 245 0
535 245 0
535 244 0
535 243 0
535 243 0
535 242 0
535 241 0
535 241 0
535 240 0
535 239 0
535 239 0
535 238 0
535 237 0
535 237 0
535 236 0
535 235 0
535 235 0
535 234 0
535 233 0
535 233 0
535 232 0
535 231 0
535 231 0
535 230 0
535 229 0
535 229 0
536 229 0
536 228 0
537 227 0
537 227 0
537 226 0
538 226 0
538 225 9
539 225 0
539 225 0
539 224 0
540 224 0
541 223 12
541 223 12
542 224 5
542 225 5
542 225 5
543 226 3
543 227 0
543 227 0
544 228 1
544 229 0
545 230 0
545 231 0
545 231 0
546 232 0
546 233 0
547 234 0
547 234 0
547 235 0
547 235 0
548 236 0
548 237 0
549 237 8
549 238 2
549 239 0
549 240 0
550 241 0
551 241 14
551 242 14
551 243 0
551 243 0
551 244 0
551 245 0
552 245 14
552 245 14
552 246 8
552 247 8
552 247 8
553 247 8
553 248 9
553 249 9
553 249 9
553 249 9
553 250 14
553 251 9
553 251 9
553 252 9
553 253 0
553 253 0
554 254 19
554 255 11
554 255 11
554 256 8
555 257 8
555 257 8
555 258 9
555 259 9
556 259 39
556 260 35
556 261 35
557 262 33
557 262 33
557 263 24
558 263 38
558 264 38
559 264 51
559 265 48
559 266 48
560 266 48
560 267 30
561 267 46
561 268 35
561 269 35
562 269 35
562 269 35
563 270 32
563 271 32
563 271 32
564 272 36
565 273 32
565 273 32
565 273 32
566 275 41
566 275 41
567 276 41
567 277 14
567 277 14
568 278 37
569 279 24
569 279 24
569 280 20
569 280 20
570 281 41
570 281 41
571 282 39
571 283 39
571 283 39
571 283 39
571 284 25
572 285 21
572 285 21
573 286 31
573 287 22
573 288 22
573 289 18
573 289 18
574 290 18
574 291 25
574 291 25
574 292 26
575 293 33
575 295 33
575 295 33
575 295 33
576 296 29
576 297 43
576 297 43
576 298 43
577 298 43
577 299 36
577 299 36
578 300 34
579 300 34
579 301 38
579 301 38
580 302 40
581 302 40
581 303 31
581 303 31
582 303 36
583 304 30
583 304 30
583 305 30
584 305 30
585 305 25
585 305 25
585 306 8
586 306 8
587 306 15
587 307 15
588 308 27
589 308 27
589 309 22
589 309 22
590 311 38
590 311 38
590 312 38
591 313 31
591 313 31
591 314 31
591 315 27
591 315 27
591 316 21
591 317 21
591 317 21
591 318 33
591 319 33
591 319 33
591 320 29
591 321 19
591 321 19
590 321 19
590 322 19
589 323 0
589 323 0
589 324 0
589 325 0
589 325 0
588 325 0
588 326 4
587 326 0
587 327 0
587 327 0
587 327 0
587 328 0
585 328 0
585 329 0
585 329 0
584 329 0
583 329 0
583 330 0
582 331 0
581 331 0
581 331 0
580 331 0
580 331 0
579 331 0
579 331 0
578 331 0
578 332 0
577 332 0
577 333 0
577 333 0
576 333 0
575 333 0
575 333 0
574 333 0
573 333 0
573 333 0
572 333 0
571 333 0
571 334 0
571 334 0
570 334 0
569 334 0
569 334 0
568 335 0
567 335 0
567 335 0
566 335 0
566 335 0
565 335 0
565 335 0
564 335 0
563 335 0
563 336 0
562 336 0
561 336 0
561 336 0
560 336 0
560 336 0
Stop
New Slice
Start
575 337 59
574 337 57
573 337 57
573 337 57
572 337 47
571 337 47
571 337 47
570 337 35
569 337 29
569 337 29
568 337 29
567 337 31
566 337 31
565 337 36
565 337 36
564 337 36
563 336 0
562 336 0
561 335 0
561 335 0
560 335 0
559 335 0
559 335 0
558 335 18
557 335 28
556 335 28
555 334 0
554 334 0
553 333 16
553 333 16
552 333 16
551 333 43
551 333 43
551 333 43
550 333 56
550 332 14
549 331 0
548 331 5
548 331 5
547 331 5
547 330 5
547 329 0
546 329 1
545 329 25
545 327 26
544 327 26
544 326 26
544 325 24
543 325 41
543 324 34
543 323 34
543 323 34
543 322 21
542 321 21
542 321 21
542 320 5
542 319 0
541 318 22
541 317 10
541 317 10
541 316 10
541 315 0
541 315 0
541 314 3
541 313 3
541 313 3
541 312 0
541 311 0
541 311 0
541 310 0
541 309 0
541 309 0
540 308 0
540 307 0
540 307 0
540 306 0
540 305 0
540 305 0
540 304 0
540 303 0
540 303 0
540 302 0
540 301 0
539 300 6
539 299 6
539 299 6
539 298 3
539 297 3
539 297 3
539 296 6
539 295 9
539 295 9
539 294 9
539 293 8
538 293 35
538 293 35
538 292 35
538 291 28
538 291 28
537 290 22
537 289 22
537 289 22
537 288 30
537 287 30
537 287 30
537 286 35
537 285 35
537 285 35
537 284 29
537 283 32
537 283 32
537 282 32
537 281 25
537 281 25
537 280 25
537 279 15
537 279 15
537 278 12
537 277 12
537 277 12
536 276 25
536 275 25
536 275 25
536 274 15
536 273 15
535 273 15
535 272 22
535 271 27
535 271 27
535 270 27
535 269 34
535 269 34
535 268 34
535 267 29
535 267 29
535 266 26
535 265 26
535 265 26
535 264 21
535 263 21
535 263 21
535 262 14
535 261 9
535 260 9
535 259 0
535 258 0
535 257 0
535 257 0
535 256 0
535 255 0
535 255 0
535 254 4
535 253 4
535 253 4
535 252 13
535 251 13
535 251 13
535 250 1
535 249 0
535 249 0
535 248 0
535 247 0
535 247 0
535 246 0
535 245 0
534 245 0
534 244 0
534 243 0
534 243 0
533 241 26
533 241 26
533 239 17
533 239 17
533 238 14
533 237 26
533 237 26
533 237 26
533 236 26
533 235 19
533 235 19
533 234 19
533 233 28
533 233 28
533 232 28
533 231 28
533 231 28
533 230 37
533 229 37
533 229 37
533 228 49
534 228 21
534 227 21
535 227 0
535 226 12
535 225 44
536 225 44
537 224 9
537 224 9
538 223 27
539 223 19
539 223 19
540 223 12
541 223 12
541 223 12
542 223 18
543 223 18
543 223 18
544 223 40
545 223 40
545 224 32
546 225 51
547 225 55
547 225 55
547 225 55
547 226 38
548 226 38
549 227 52
549 227 52
549 227 52
549 228 52
550 229 47
550 229 47
551 230 47
551 231 49
551 231 49
551 232 36
551 233 36
551 233 36
551 233 36
551 234 15
551 235 15
551 235 15
551 236 12
551 237 12
551 237 12
551 238 23
551 239 19
552 239 30
552 240 30
552 241 19
553 242 19
553 243 15
553 243 15
553 244 14
553 245 14
553 245 14
553 246 8
553 247 8
553 247 8
553 248 9
553 249 9
553 249 9
553 250 14
553 251 9
553 251 9
553 252 9
553 253 0
553 253 0
553 254 0
553 255 0
553 255 0
554 256 8
554 257 8
554 258 9
554 259 9
555 259 9
555 260 24
555 261 24
555 261 24
555 262 25
555 263 12
555 263 12
555 264 12
555 265 1
556 265 21
556 266 21
556 267 0
557 267 0
557 268 0
557 269 0
557 269 0
557 270 0
558 271 2
559 271 11
559 273 0
560 273 0
560 273 0
561 274 0
561 275 0
561 275 0
561 275 0
562 275 0
563 276 0
563 277 0
564 277 0
565 277 0
565 278 0
565 278 0
565 279 0
566 279 0
567 279 0
567 280 0
567 281 0
567 281 0
567 282 0
568 282 9
568 283 9
568 283 9
569 284 0
569 284 0
569 285 0
569 285 0
570 286 4
570 287 3
570 287 3
570 288 3
571 289 7
571 289 7
571 289 7
571 290 7
571 291 23
572 291 23
572 291 23
572 292 20
572 293 20
573 293 26
573 293 26
573 293 26
573 294 32
573 295 32
573 295 32
574 295 32
574 296 28
574 297 10
575 297 32
575 297 32
575 298 32
575 298 32
575 299 22
576 299 36
576 300 36
577 301 30
577 301 30
577 301 30
578 302 38
578 303 24
579 303 24
579 303 24
579 303 24
580 304 12
581 304 12
581 305 12
582 305 27
583 305 30
584 305 30
585 305 25
585 306 8
586 307 8
587 307 15
587 308 12
588 309 22
588 309 22
588 310 22
588 311 15
588 311 15
589 311 15
589 312 15
589 313 9
589 313 9
589 314 9
589 315 4
589 315 4
589 316 1
589 317 1
589 317 1
589 318 0
589 319 0
589 319 0
589 320 0
589 321 0
588 321 0
587 322 0
587 323 0
587 323 0
587 324 0
586 325 0
585 325 0
585 326 0
585 327 0
585 327 0
584 328 0
583 329 0
583 330 0
583 330 0
583 331 0
583 331 0
582 332 0
581 332 0
581 333 17
581 333 17
581 333 17
581 334 17
580 334 17
579 335 47
579 335 47
579 335 47
579 336 47
578 336 47
578 337 55
577 337 57
577 337 57
576 337 57
575 338 65
575 338 65
Stop
