New Slice
Start
475 360 26
476 360 26
477 360 25
477 360 25
478 360 25
479 360 25
479 360 25
480 360 25
481 360 26
482 360 31
483 361 16
483 361 16
484 361 9
484 361 9
485 361 9
486 361 0
487 361 0
487 362 11
488 362 11
489 362 5
489 362 5
490 362 5
491 362 0
491 362 0
492 362 0
493 362 0
493 362 0
494 362 0
495 362 0
495 362 0
496 362 8
497 362 8
497 362 8
498 362 8
499 362 8
499 362 8
500 362 8
501 362 17
501 362 17
502 362 17
503 362 30
503 361 0
503 361 0
504 361 0
505 361 0
505 361 0
506 360 0
507 360 0
507 360 0
508 359 0
509 359 0
510 359 0
511 359 12
511 359 12
512 358 0
513 358 7
513 357 7
513 357 7
514 357 7
515 356 33
515 355 16
515 355 16
515 354 16
515 353 3
515 353 3
516 352 3
516 351 0
517 351 1
517 350 1
517 349 6
517 349 6
517 348 0
517 347 0
517 347 0
517 346 0
517 345 0
517 345 0
517 344 0
517 343 0
517 343 0
517 342 0
517 341 3
517 340 3
517 339 0
517 339 0
517 338 0
517 337 0
517 337 0
517 336 5
517 335 5
517 335 5
517 334 7
517 333 7
517 333 7
517 332 3
517 331 2
517 331 2
517 330 2
517 329 16
517 329 16
516 329 0
516 328 0
516 327 3
515 327 3
515 326 3
515 325 21
515 325 21
515 324 27
514 323 2
514 323 2
514 322 18
514 321 18
513 321 18
513 320 21
513 319 27
513 319 27
513 318 27
513 317 36
513 317 36
513 316 36
512 316 9
512 315 11
512 315 11
512 314 14
512 313 14
512 313 14
512 312 23
512 311 23
512 310 24
511 310 24
511 309 24
511 309 24
511 308 27
511 307 26
511 307 26
511 306 26
511 305 33
511 305 33
511 304 33
511 303 39
511 303 39
510 302 20
510 301 20
510 301 20
510 300 23
510 299 23
510 299 23
510 298 28
510 297 28
510 297 28
509 296 14
509 295 27
509 295 27
509 294 27
509 293 43
509 293 43
509 293 43
509 292 43
509 291 44
508 291 44
508 290 45
508 289 45
508 289 45
507 288 46
507 287 46
507 287 46
507 286 44
506 286 44
506 285 44
506 285 44
505 284 20
505 283 25
505 282 25
505 281 38
504 281 27
504 280 27
504 279 31
503 279 31
503 278 30
503 277 30
502 277 32
502 277 32
502 276 47
501 275 47
501 275 47
501 274 46
500 274 41
499 273 41
499 273 41
498 271 55
497 271 54
497 271 54
497 270 54
497 269 53
497 268 53
496 267 54
496 267 54
495 266 29
495 265 29
495 265 29
495 264 27
495 263 27
495 263 27
495 262 33
495 261 23
495 261 23
495 260 23
495 259 17
495 259 17
495 258 17
495 257 0
495 257 0
495 256 0
495 255 0
495 255 0
495 254 8
495 253 8
495 253 8
495 252 7
495 251 7
495 251 7
495 250 0
495 249 0
495 249 0
495 248 0
495 247 3
495 247 3
495 246 3
495 245 9
495 245 9
495 244 9
495 243 8
495 243 8
495 242 5
495 241 5
495 241 5
495 240 2
495 239 2
495 239 2
495 238 12
495 237 8
495 237 8
495 236 8
495 235 11
495 235 11
495 234 11
495 233 4
495 233 4
495 232 4
495 231 11
495 231 11
495 230 8
495 229 8
495 229 8
495 228 12
495 227 12
495 227 12
495 226 16
495 225 4
496 225 1
496 224 1
496 223 0
496 223 0
496 222 0
496 221 0
496 221 0
496 220 0
496 219 0
497 219 0
497 219 0
497 218 0
497 217 0
497 216 0
497 215 0
497 215 0
497 214 0
497 213 0
497 213 0
497 212 0
497 211 0
498 211 20
498 210 20
498 209 13
498 209 13
498 208 17
498 207 17
498 207 17
497 205 1
497 205 1
496 205 1
495 205 0
495 205 0
495 205 0
495 206 0
495 207 0
494 207 0
494 208 0
494 209 0
494 209 0
494 210 0
494 211 0
494 211 0
494 212 0
494 213 0
494 213 0
494 214 0
494 215 0
494 215 0
494 216 0
494 217 0
494 217 0
494 218 0
494 219 0
494 219 0
494 220 1
494 221 1
494 221 1
494 222 9
494 223 9
494 223 9
494 224 4
494 225 4
494 225 4
494 226 16
494 227 12
494 227 12
494 228 12
494 229 8
494 229 8
494 230 8
494 231 11
494 231 11
494 232 4
494 233 4
494 233 4
494 234 11
494 235 11
494 235 11
494 236 8
494 237 8
494 238 12
494 239 2
494 240 2
494 241 5
494 241 5
494 242 5
494 243 8
494 243 8
494 244 9
494 245 9
494 245 9
494 246 3
494 247 3
494 247 3
493 248 1
493 249 1
493 249 1
493 250 0
493 251 0
492 251 3
491 252 3
490 253 15
490 254 15
490 255 3
489 255 3
489 256 0
488 257 10
488 257 10
487 258 0
487 259 0
487 259 0
486 259 17
486 260 0
485 261 16
485 261 16
485 262 9
484 262 9
483 262 14
483 263 0
483 263 0
482 263 0
481 263 0
481 263 0
479 263 0
479 263 0
478 263 4
477 263 4
477 263 4
476 263 0
475 263 0
475 262 27
474 261 31
473 261 6
473 261 6
472 261 6
471 260 0
471 259 3
470 259 3
469 258 0
469 257 0
469 257 0
469 255 10
469 255 10
469 254 16
469 253 16
469 253 16
469 252 35
469 251 35
469 251 35
469 250 29
469 249 8
469 249 8
469 248 8
469 247 1
469 247 1
469 246 1
469 245 0
470 244 21
470 243 16
470 243 16
471 242 13
471 241 13
471 241 13
472 240 16
472 239 16
473 239 16
473 238 6
473 237 0
474 237 9
474 236 9
475 235 0
475 235 0
475 234 0
476 233 0
476 233 0
477 232 0
477 231 0
477 231 0
478 230 0
478 229 0
478 229 0
478 228 0
478 227 0
478 227 0
478 226 0
478 225 9
478 225 9
478 224 9
477 224 9
477 223 9
476 223 25
475 223 25
475 223 25
474 224 39
474 225 39
473 225 63
473 226 51
473 226 51
473 227 30
473 227 30
473 228 30
473 229 15
472 229 15
472 230 15
472 231 1
471 231 31
471 231 31
471 231 31
471 232 11
471 233 11
471 233 11
470 233 11
470 234 0
470 235 0
469 235 17
469 236 0
469 237 0
469 237 0
468 238 35
468 239 14
467 239 14
467 240 14
467 241 3
467 241 3
466 241 22
466 242 22
466 243 15
466 243 15
465 244 14
465 245 14
465 245 14
465 245 14
465 246 5
465 247 5
464 247 31
464 248 26
464 249 26
464 249 26
464 250 24
464 251 22
464 251 22
464 252 22
464 253 17
464 253 17
464 254 17
464 255 28
464 255 28
464 256 18
464 257 18
464 257 18
464 258 9
464 259 9
464 259 9
465 260 0
465 261 0
465 261 0
465 262 0
465 263 0
465 263 0
465 263 0
465 264 0
466 265 0
466 265 0
467 266 0
467 267 0
467 267 0
467 267 0
468 267 0
469 268 0
469 269 0
469 269 0
469 270 13
470 270 2
471 271 2
473 271 0
473 272 15
473 272 15
474 272 4
475 272 0
475 273 31
475 273 31
476 273 31
477 273 26
477 273 26
478 273 26
479 274 18
479 274 18
480 275 44
481 275 38
481 275 38
482 275 33
483 275 33
483 276 33
484 276 17
485 276 17
485 277 49
485 277 49
486 277 26
487 277 0
488 278 0
488 279 19
489 279 0
489 279 0
490 279 0
490 280 31
491 281 7
491 281 7
491 281 7
492 281 7
492 282 7
493 283 0
493 283 0
494 285 0
495 285 0
495 286 0
495 287 22
495 287 22
496 287 0
496 288 0
496 289 4
496 289 4
497 289 4
497 291 19
498 291 4
498 293 15
499 293 0
499 293 0
499 294 2
499 295 2
499 295 2
499 296 13
500 297 31
500 297 31
500 298 31
501 298 0
501 299 15
501 299 15
501 300 15
501 301 12
502 301 12
502 302 12
502 303 14
502 303 14
502 304 20
503 305 7
503 305 7
503 306 12
503 307 12
503 307 12
503 308 29
503 309 26
504 309 26
504 309 26
504 310 26
504 311 22
504 311 22
504 312 22
504 313 24
504 313 24
504 314 24
504 315 27
505 315 7
505 316 14
505 317 14
505 317 14
505 318 23
505 319 23
505 319 23
505 320 31
505 321 25
505 321 25
505 322 25
505 323 23
505 323 23
505 324 23
505 325 25
505 325 25
505 326 14
505 327 14
505 327 14
505 328 10
505 329 10
505 329 10
505 330 20
505 331 20
505 331 20
505 332 8
505 333 6
505 334 6
505 335 7
505 335 7
505 336 7
505 337 0
505 337 0
505 339 0
504 339 2
504 339 2
504 340 0
503 341 0
503 341 0
503 341 0
503 342 0
502 343 0
502 343 0
501 344 0
501 345 0
501 345 0
501 345 0
500 346 0
500 347 0
500 347 0
499 347 0
499 348 0
499 349 0
498 349 0
498 350 0
497 351 13
497 351 13
497 351 13
496 351 13
496 352 10
495 353 23
495 353 23
494 353 23
494 353 23
493 353 40
492 354 48
492 355 48
491 355 48
491 355 48
490 355 58
489 355 58
489 355 58
488 355 66
488 356 54
487 356 54
487 356 54
486 357 48
485 357 54
485 357 54
485 357 54
484 358 54
483 358 60
483 358 60
483 359 31
482 359 31
481 359 26
481 359 26
481 360 26
480 360 25
479 360 25
479 360 25
Stop
New Slice
Start
475 361 27
475 360 26
476 360 26
477 360 25
477 360 25
478 360 25
479 360 25
479 360 25
479 361 18
480 361 18
481 361 13
481 361 13
481 361 13
482 361 16
483 361 16
483 362 36
484 362 23
484 363 23
485 363 23
485 363 23
486 363 13
486 364 48
487 364 48
487 364 48
488 364 48
489 364 42
489 364 42
490 364 42
491 364 33
491 364 33
492 364 33
493 364 33
493 364 33
494 364 38
495 364 38
495 364 38
496 364 41
497 364 41
497 364 41
498 364 50
499 364 54
499 364 54
500 364 54
501 364 49
501 363 17
501 363 17
502 363 17
503 363 30
504 363 30
505 363 36
505 363 36
506 363 44
507 363 44
507 362 44
508 361 18
509 361 18
509 361 18
510 361 31
511 361 42
511 361 42
511 360 12
512 359 12
513 359 32
513 359 32
513 359 32
514 359 32
514 358 7
515 358 25
515 357 25
516 357 25
517 356 51
517 355 31
517 355 31
517 354 31
518 354 29
518 353 20
518 353 20
518 352 20
518 351 17
518 351 17
518 350 17
518 349 22
518 349 22
518 348 11
518 347 11
518 346 16
518 345 16
518 344 19
518 343 15
518 343 15
517 342 0
517 341 3
517 341 3
517 340 3
517 339 0
517 339 0
517 338 0
517 337 0
517 336 5
517 335 5
517 335 5
517 334 7
517 333 7
517 333 7
516 332 0
516 331 0
516 331 0
516 330 0
516 329 0
516 329 0
516 328 0
516 327 3
516 327 3
516 326 3
515 326 3
515 325 21
515 325 21
515 324 27
515 323 27
515 323 27
515 322 40
515 321 40
515 321 40
515 320 44
515 319 50
515 319 50
515 318 50
514 317 36
513 317 36
513 316 36
513 315 39
513 315 39
513 314 34
513 313 34
513 313 34
513 312 42
513 311 42
513 311 42
513 311 42
513 310 50
513 309 50
513 309 50
513 308 44
513 307 38
513 307 38
513 306 38
513 305 43
512 305 33
512 305 33
512 304 33
512 303 39
512 303 39
512 302 40
512 301 40
511 301 40
511 301 40
511 301 40
511 300 48
511 299 48
511 299 48
510 297 28
510 297 28
509 296 14
509 296 14
509 295 27
509 295 27
508 294 27
508 293 43
508 293 43
507 292 28
507 292 28
507 291 29
507 291 29
507 290 31
506 289 31
506 289 31
506 288 46
505 288 30
505 287 30
505 287 30
505 286 32
504 285 10
503 284 14
503 283 12
503 283 12
502 281 17
502 281 17
501 281 17
501 280 17
501 279 34
501 279 34
501 277 32
501 277 32
500 275 42
499 275 42
499 275 42
499 274 41
499 273 41
499 273 41
498 272 43
498 271 55
497 271 54
497 271 54
497 270 54
496 269 53
496 269 53
496 268 53
495 268 44
495 267 39
495 267 39
495 266 29
495 265 29
495 265 29
495 264 27
495 263 27
495 263 27
495 262 33
495 261 23
495 261 23
495 260 23
495 259 17
495 259 17
495 258 17
495 257 0
495 257 0
495 257 0
495 256 0
495 255 0
495 255 0
495 253 8
495 253 8
495 252 7
495 251 7
495 251 7
495 250 0
495 249 0
495 249 0
495 248 0
495 247 3
495 247 3
495 246 3
495 245 9
495 245 9
495 244 9
495 243 8
495 243 8
495 242 5
495 241 5
495 241 5
496 240 12
496 239 12
496 239 12
496 238 10
496 237 13
496 237 13
497 236 13
497 235 21
497 235 21
497 235 21
497 234 21
497 233 14
497 233 14
497 232 14
497 231 6
497 230 4
497 229 4
498 229 14
498 229 14
498 228 25
498 227 25
498 227 25
498 226 21
498 225 16
498 225 16
498 224 16
498 223 12
498 223 12
498 222 12
498 221 10
498 221 10
498 220 10
498 219 13
498 219 13
498 218 10
498 217 10
498 217 10
498 216 14
498 215 14
498 215 14
498 214 18
498 213 18
498 213 18
497 212 0
497 211 0
497 210 0
497 209 0
497 209 0
497 208 0
497 207 0
497 206 1
497 205 1
496 205 1
495 205 0
495 205 0
494 205 0
494 205 0
494 206 0
494 207 0
494 207 0
494 208 0
494 209 0
494 209 0
494 210 0
494 211 0
494 212 0
494 213 0
494 213 0
494 214 0
494 215 0
494 215 0
494 216 0
494 217 0
494 217 0
494 218 0
494 219 0
494 220 1
494 221 1
494 221 1
494 222 9
494 223 9
494 223 9
494 224 4
494 225 4
495 225 4
495 226 16
495 227 12
495 227 12
495 228 12
495 229 8
495 229 8
495 230 8
495 231 11
495 231 11
495 232 4
495 233 4
495 233 4
495 234 11
495 235 11
495 235 11
495 236 8
495 237 8
495 237 8
495 238 12
494 238 12
494 239 2
494 239 2
494 240 2
493 241 10
493 242 10
493 243 6
493 244 6
493 245 6
492 245 26
492 246 20
492 247 20
492 247 20
491 247 20
491 248 28
491 248 28
491 249 28
491 249 28
491 250 14
490 251 25
490 252 25
490 253 15
490 253 15
489 254 15
489 255 3
489 255 3
489 255 3
489 256 0
489 257 0
488 257 10
488 258 0
488 259 0
487 259 0
487 260 0
487 261 0
486 261 0
486 261 0
485 261 16
485 262 9
485 263 0
484 263 0
483 264 0
483 264 0
482 265 0
481 265 0
481 265 0
480 265 0
479 265 0
479 265 0
478 265 0
477 264 4
477 264 4
476 264 0
475 263 0
475 263 0
474 263 0
473 262 0
473 262 0
473 261 6
472 261 6
472 261 6
471 261 0
471 260 0
471 259 3
471 259 3
470 258 3
470 257 16
470 257 16
470 256 16
470 255 24
469 255 10
469 254 16
469 254 16
469 253 16
469 253 16
469 252 35
469 251 35
469 251 35
469 250 29
469 249 8
469 249 8
470 248 35
470 247 26
470 247 26
470 246 26
471 246 26
471 245 21
471 245 21
471 245 21
471 244 21
471 243 16
472 243 33
472 243 33
472 242 31
472 241 31
472 241 31
473 240 16
473 239 16
473 238 6
473 237 0
474 237 9
474 236 9
475 235 0
475 235 0
475 235 0
476 234 0
476 233 0
476 233 0
477 233 0
477 231 0
477 231 0
477 230 0
477 229 0
478 229 0
478 228 0
478 227 0
478 227 0
478 226 0
478 225 9
478 225 9
478 224 9
478 223 9
477 223 9
477 223 9
476 223 25
475 223 25
475 223 25
474 223 48
474 224 39
473 224 63
473 225 63
473 225 63
473 226 51
473 227 30
472 227 30
472 227 30
472 228 30
471 228 59
471 229 47
471 229 47
471 229 47
471 230 47
470 231 31
470 231 31
470 232 11
469 233 28
469 234 17
468 235 46
468 235 46
467 235 46
467 236 40
467 237 40
467 237 40
466 239 33
466 239 33
466 240 33
465 241 22
465 241 22
465 242 22
465 243 15
465 243 15
465 244 14
464 245 33
464 245 33
464 246 31
464 247 31
464 247 31
464 248 26
464 249 26
464 249 26
464 250 24
464 251 22
464 251 22
464 252 22
464 253 17
464 253 17
464 254 17
464 255 28
464 255 28
464 256 18
464 257 18
464 257 18
464 258 9
464 259 9
464 259 9
464 260 9
464 261 9
464 261 9
464 262 18
464 263 9
464 263 9
464 264 9
465 264 0
465 265 0
465 265 0
466 266 0
467 267 0
467 267 0
467 268 7
468 269 7
468 269 7
469 269 0
469 270 13
469 270 13
470 270 2
471 270 2
471 271 2
471 271 2
472 271 0
473 271 0
473 271 0
474 271 0
475 271 0
475 271 0
476 271 0
477 271 0
477 271 0
478 271 0
479 271 0
479 272 0
480 272 0
481 272 0
481 272 0
482 272 0
483 273 0
483 273 0
483 273 0
484 273 0
485 273 0
485 274 0
486 274 0
487 274 0
487 275 0
487 275 0
488 275 0
488 276 0
489 276 0
489 276 0
489 277 0
490 277 0
491 278 0
491 278 0
491 279 0
492 279 0
492 279 0
493 280 0
493 281 0
494 281 0
494 281 0
495 282 0
495 283 0
496 283 0
496 283 0
496 284 0
497 285 0
497 285 0
497 285 0
497 286 0
497 287 0
497 287 0
498 288 0
499 289 0
499 290 0
499 291 0
499 291 0
499 291 0
499 292 0
500 293 0
500 293 0
501 293 0
501 294 0
501 295 0
501 295 0
501 295 0
501 296 0
501 297 0
502 297 0
502 298 0
503 298 0
503 299 0
503 299 0
503 301 0
504 301 0
504 302 0
504 303 0
504 303 0
504 304 7
505 305 0
505 305 0
505 306 0
505 307 0
505 307 0
506 308 0
506 309 0
506 309 0
506 310 0
506 311 0
506 311 0
506 312 0
506 313 0
506 313 0
507 314 0
507 315 0
507 315 0
507 316 0
507 317 0
507 317 0
507 318 1
507 319 1
507 319 1
507 320 13
507 321 7
507 321 7
507 322 7
507 323 1
507 323 1
507 324 1
507 325 0
507 325 0
507 326 0
507 327 0
507 327 0
507 328 0
507 329 0
507 329 0
507 330 0
507 331 0
507 331 0
507 332 0
507 333 0
507 333 0
507 334 0
507 335 0
507 336 0
506 337 0
506 337 0
505 337 0
505 338 0
505 339 0
505 339 0
505 340 0
505 341 0
504 341 0
503 342 0
503 343 0
503 343 0
503 343 0
503 344 0
503 345 0
502 346 0
501 347 0
501 347 0
501 348 0
501 348 0
501 349 0
500 349 0
500 350 0
499 351 0
499 351 0
499 351 0
499 352 0
498 353 0
497 353 10
497 353 10
497 354 0
496 355 0
495 355 5
495 355 5
495 355 5
494 355 5
494 356 0
493 356 0
492 357 0
491 357 0
491 357 0
490 357 5
489 357 5
489 358 5
488 358 32
487 358 32
487 358 32
486 358 48
485 358 54
485 358 54
484 358 54
483 358 60
483 358 60
482 358 60
481 358 59
481 358 59
480 358 55
479 358 55
479 358 55
478 358 55
477 359 25
477 359 25
476 359 26
475 359 26
475 359 26
Stop
New Slice
Start
474 359 30
474 359 30
475 360 26
475 360 26
476 361 27
477 361 23
477 361 23
478 361 23
479 361 18
479 361 18
480 361 18
481 361 13
481 361 13
482 361 16
483 361 16
483 361 16
484 361 9
485 361 9
485 361 9
486 361 0
487 361 0
487 361 0
488 361 0
489 361 0
489 361 0
490 361 0
491 361 0
491 361 0
492 361 0
493 361 0
494 361 0
495 361 0
495 361 0
496 361 0
497 361 0
497 361 0
498 361 0
499 361 0
499 361 0
500 361 0
501 361 0
501 361 0
502 361 0
503 361 0
503 361 0
504 361 0
505 361 0
505 361 0
506 361 9
507 361 9
507 361 9
508 361 18
509 361 18
509 361 18
510 361 31
511 361 42
511 361 42
511 360 12
512 360 12
512 359 12
513 359 32
513 359 32
513 358 7
514 357 7
514 357 7
514 355 0
514 355 0
515 355 16
515 354 16
515 353 3
515 353 3
515 352 3
515 351 0
515 351 0
515 351 0
515 350 0
515 349 0
515 349 0
515 348 0
515 347 0
515 347 0
515 346 0
516 345 0
516 345 0
516 344 0
516 343 0
517 343 0
517 343 0
517 342 0
517 341 3
517 341 3
517 340 3
517 339 0
517 339 0
517 338 0
517 337 0
518 336 21
518 335 21
518 335 21
518 334 20
518 333 20
518 333 20
518 332 25
518 331 31
518 331 31
518 330 31
518 329 46
518 329 46
518 328 46
518 327 48
518 327 48
517 327 31
517 326 31
517 325 41
517 325 41
516 324 27
516 323 27
516 323 27
515 323 27
515 322 40
515 321 40
515 321 40
515 320 44
514 319 27
514 319 27
514 318 27
513 317 36
513 317 36
513 315 39
513 315 39
513 314 34
513 313 34
513 313 34
512 312 23
512 311 23
512 311 23
512 310 24
511 309 24
511 309 24
511 308 27
511 307 26
511 307 26
511 306 26
511 305 33
511 305 33
511 304 33
511 303 39
511 303 39
511 302 40
510 301 20
510 300 23
510 299 23
510 299 23
509 298 0
509 297 0
509 297 0
509 296 14
509 295 27
509 295 27
509 294 27
509 293 43
509 293 43
509 292 43
509 291 44
508 291 44
508 290 45
507 289 31
507 288 46
507 287 46
507 287 46
507 286 44
506 285 44
505 285 32
505 284 20
505 284 20
505 283 25
504 283 12
503 282 12
503 281 27
503 281 27
502 281 17
501 280 17
501 279 34
501 279 34
500 278 31
499 277 31
499 277 31
499 277 31
499 276 42
498 276 25
498 275 25
497 275 6
497 274 23
497 273 23
496 273 23
496 273 23
496 272 44
496 271 54
495 271 29
495 271 29
495 270 29
495 269 44
495 269 44
495 268 44
495 268 44
495 267 39
495 267 39
495 266 29
495 265 29
495 265 29
495 264 27
495 263 27
495 262 33
495 261 23
495 261 23
495 260 23
495 259 17
496 259 51
496 259 51
496 258 51
496 257 28
497 257 28
497 256 28
497 255 20
497 255 20
497 254 22
497 253 22
497 253 22
497 252 38
497 251 38
497 251 38
497 250 30
497 249 20
497 249 20
497 248 20
497 247 22
497 247 22
497 246 22
497 245 24
497 244 24
497 243 25
497 243 25
497 242 19
497 241 19
497 240 12
497 239 12
497 239 12
497 238 10
497 237 13
497 237 13
497 236 13
497 235 21
497 234 21
497 233 14
497 233 14
497 232 14
497 231 6
497 231 6
497 230 4
497 229 4
497 229 4
497 228 10
497 227 10
497 227 10
497 226 3
497 225 1
497 225 1
497 224 1
497 223 0
497 223 0
498 222 12
498 221 10
498 220 10
498 219 13
499 219 38
499 217 37
499 217 37
499 216 39
499 215 39
499 215 39
499 214 46
499 213 48
498 213 18
498 213 18
497 213 0
497 213 0
496 213 0
495 212 0
495 212 0
495 213 0
495 213 0
495 214 0
495 215 0
495 215 0
495 216 0
495 217 0
495 217 0
495 218 0
495 219 0
495 219 0
495 220 1
495 221 1
495 221 1
495 222 9
495 223 9
495 223 9
495 224 4
495 225 4
495 225 4
495 226 16
495 227 12
495 227 12
495 228 12
495 229 8
495 229 8
495 230 8
495 231 11
495 231 11
495 232 4
495 233 4
495 233 4
495 234 11
495 235 11
495 235 11
495 236 8
495 237 8
495 237 8
495 238 12
495 239 2
495 239 2
495 241 5
495 241 5
494 243 8
494 243 8
494 244 9
494 245 9
494 245 9
494 246 3
493 247 0
493 247 0
493 248 1
493 249 1
493 249 1
492 251 3
492 252 3
492 253 0
491 253 0
491 253 0
491 254 0
491 255 0
490 255 3
490 256 0
489 257 0
489 257 0
489 257 0
489 258 0
488 259 0
487 259 0
487 260 0
487 261 0
486 261 0
486 262 0
485 262 9
485 263 0
485 263 0
485 263 0
484 263 0
483 263 0
483 263 0
482 263 0
481 263 0
481 263 0
480 263 0
479 263 0
479 263 0
478 263 4
477 263 4
477 263 4
476 263 0
475 263 0
475 263 0
474 263 0
473 262 0
473 261 6
472 261 6
471 261 0
471 261 0
471 260 0
470 259 3
469 259 0
469 258 0
469 257 0
469 257 0
469 256 0
468 255 10
468 254 2
468 253 2
468 253 2
468 252 11
468 251 11
468 251 11
468 250 7
468 249 0
469 249 8
469 249 8
469 248 8
470 247 26
470 247 26
471 246 26
471 245 21
471 245 21
471 245 21
471 244 21
471 243 16
472 243 33
472 243 33
472 242 31
473 241 31
473 241 31
473 241 31
473 240 16
473 239 16
474 239 39
474 239 39
474 238 30
475 237 23
475 237 23
475 237 23
475 236 23
476 235 0
476 235 0
477 233 0
477 233 0
477 233 0
477 232 0
478 232 0
478 231 0
478 231 0
479 230 5
479 229 5
479 229 5
479 228 7
479 227 7
479 227 7
479 226 8
480 226 8
480 225 19
480 225 19
480 224 19
479 224 19
479 223 11
479 223 11
479 222 11
478 222 9
477 221 24
477 221 24
476 221 41
475 221 41
475 221 41
474 222 48
474 223 48
473 223 68
473 223 68
472 224 63
471 225 82
471 225 82
471 225 82
471 226 80
471 227 59
470 227 59
470 228 59
469 229 69
469 230 69
469 231 58
469 231 58
468 232 61
468 233 61
467 233 61
467 234 46
467 235 46
467 235 46
467 236 40
467 237 40
467 237 40
467 238 35
467 239 14
466 239 33
466 240 33
465 241 22
465 241 22
465 242 22
465 243 15
465 243 15
465 244 14
465 245 14
465 245 14
465 246 5
465 247 5
465 247 5
465 248 3
465 249 3
465 250 9
465 251 9
465 251 9
465 252 9
465 253 1
465 253 1
465 254 1
465 255 14
465 255 14
465 256 8
465 257 8
465 257 8
465 258 0
465 259 0
465 259 0
465 260 0
465 261 0
465 262 0
465 263 0
465 263 0
465 264 0
465 265 0
466 265 0
466 265 0
467 266 0
467 267 0
467 267 0
468 267 0
469 267 0
469 268 0
470 269 0
471 269 0
471 269 0
471 269 0
472 270 0
473 271 0
473 271 0
474 271 0
475 271 0
475 272 0
476 272 0
477 273 26
477 273 26
478 273 26
479 273 18
479 273 18
480 273 18
481 273 10
481 274 10
482 274 0
483 275 33
483 275 33
483 275 33
484 275 17
484 276 17
485 276 17
485 277 49
486 277 26
487 277 0
487 278 0
487 278 0
487 279 19
488 279 19
489 280 31
489 280 31
489 281 31
490 281 31
490 282 34
491 282 7
491 283 7
491 283 7
491 284 14
492 284 14
492 285 26
492 285 26
493 285 9
493 286 9
493 287 30
494 287 22
494 288 22
495 288 22
495 289 22
495 289 22
496 290 4
497 291 19
497 291 19
497 292 32
498 292 15
498 293 15
499 293 0
499 293 0
499 294 2
499 295 2
499 295 2
500 296 13
500 297 31
501 297 0
501 297 0
501 298 0
501 299 15
501 299 15
501 299 15
502 300 15
502 301 12
502 301 12
503 302 0
503 303 0
503 303 0
503 304 7
503 305 7
503 305 7
503 306 12
503 307 12
503 307 12
503 308 29
503 309 26
503 309 26
504 310 26
504 311 22
505 312 4
505 313 6
505 313 6
505 314 6
505 315 7
505 315 7
505 316 14
505 317 14
505 317 14
505 319 23
505 319 23
505 320 31
505 321 25
505 321 25
505 322 25
505 323 23
505 323 23
505 325 25
505 325 25
505 326 14
505 327 14
505 327 14
505 328 10
505 329 10
505 329 10
505 330 20
505 331 20
505 331 20
505 332 8
505 333 6
505 333 6
505 334 6
505 335 7
505 336 7
505 337 0
505 338 0
505 339 0
505 339 0
505 340 0
505 341 0
505 341 0
505 342 0
504 343 0
504 343 0
504 344 0
504 345 0
503 345 0
503 345 0
503 346 0
503 347 0
503 347 0
502 348 0
501 349 0
501 350 0
501 351 0
501 351 0
500 351 0
500 352 0
499 352 0
499 353 0
499 353 0
499 354 0
498 354 0
497 355 0
497 355 0
497 356 0
496 357 0
496 357 0
495 357 0
495 357 0
495 358 0
493 358 0
493 358 0
493 359 0
492 359 0
491 359 0
491 359 0
490 359 0
489 359 0
489 359 0
488 359 0
487 359 0
487 359 0
486 359 15
485 359 27
485 359 27
484 359 27
483 359 31
483 359 31
482 359 31
481 359 26
481 359 26
481 359 26
480 359 25
479 360 25
479 360 25
478 360 25
477 360 25
477 360 25
Stop
