New Slice
Start
577 323 24
577 324 29
576 324 29
575 323 17
575 323 17
575 322 17
575 321 6
574 321 0
573 321 0
573 320 0
573 320 0
573 319 0
572 319 0
572 319 0
571 319 0
571 318 0
570 317 0
569 317 0
569 317 0
568 317 0
567 316 2
567 316 2
566 316 2
565 316 13
565 316 13
565 315 13
564 315 13
563 315 25
563 315 25
562 315 20
561 315 20
561 315 20
561 315 20
560 314 2
559 314 2
559 313 0
558 313 0
557 312 0
557 312 0
557 311 0
555 311 0
555 310 0
554 309 0
554 309 0
553 309 0
553 308 0
553 307 0
553 307 0
553 307 0
553 305 0
552 305 0
551 303 0
551 302 0
551 301 0
551 300 0
551 299 0
550 299 0
550 298 0
550 297 0
550 297 0
549 295 0
549 295 0
549 293 0
549 293 0
549 293 0
549 292 0
549 291 0
549 291 0
549 290 0
549 289 0
549 288 0
549 287 0
548 287 0
548 286 0
548 285 0
548 285 0
548 284 0
548 283 0
548 282 0
547 281 0
547 280 0
547 279 0
547 278 0
547 277 0
547 277 0
547 276 0
547 275 0
547 275 0
547 274 0
547 273 0
546 273 0
546 272 0
546 271 0
545 270 0
545 269 0
545 269 0
545 268 0
545 267 0
545 266 4
545 265 2
545 264 2
545 263 1
545 263 1
545 262 1
545 261 0
544 260 0
544 259 0
544 258 4
544 257 4
544 257 4
544 256 8
544 255 8
544 254 9
544 253 4
544 252 4
544 251 8
544 250 8
544 249 8
544 248 8
544 247 5
544 247 5
544 246 7
544 245 7
543 244 14
543 243 14
543 243 14
543 242 9
543 241 7
543 241 7
543 240 7
543 239 11
543 239 11
543 238 11
543 237 16
542 237 16
542 237 16
542 236 16
542 235 14
542 235 14
542 234 14
542 233 14
541 233 23
541 233 23
541 232 20
541 231 20
541 230 24
541 229 22
541 229 22
541 228 22
541 227 17
541 227 17
541 226 17
540 225 15
540 223 12
539 222 15
539 221 15
539 220 16
539 219 16
539 218 14
539 217 11
539 217 11
539 215 10
539 215 10
539 214 10
539 213 14
538 213 20
538 212 20
538 211 24
538 211 24
538 209 17
538 209 17
538 208 16
538 207 16
538 207 16
538 206 17
538 205 8
538 205 8
538 203 10
538 203 10
538 202 10
538 200 12
538 199 11
538 198 7
538 197 7
538 195 10
538 194 3
538 193 5
538 193 5
538 192 5
538 191 8
538 190 8
538 189 12
538 188 12
538 187 13
538 187 13
538 186 18
538 185 18
538 185 18
538 184 16
538 183 16
539 183 8
539 183 8
539 183 8
540 183 0
541 182 3
541 182 3
542 181 6
543 181 6
543 181 6
544 181 7
545 181 7
545 181 7
546 181 11
547 181 16
547 182 12
547 183 6
547 183 6
547 184 6
548 185 2
548 185 2
549 186 9
549 187 9
549 187 9
549 188 2
549 189 2
549 189 2
550 190 0
550 191 0
550 191 0
551 191 11
551 192 8
551 193 8
551 194 0
551 195 0
551 195 0
552 195 2
552 196 2
552 197 3
552 197 3
552 198 3
552 199 4
552 199 4
553 201 0
553 202 0
553 203 0
553 203 0
553 204 0
553 205 0
553 205 0
553 206 0
553 207 0
553 208 0
553 209 0
553 210 0
553 211 0
553 212 0
553 213 0
553 213 0
553 214 0
553 215 0
553 215 0
553 216 0
553 217 0
553 218 0
553 219 0
554 220 7
554 221 4
554 222 4
555 223 3
555 223 3
555 225 0
555 226 1
555 227 1
555 227 1
555 229 2
555 230 2
555 231 2
555 231 2
556 232 9
556 233 7
556 235 12
556 236 10
557 237 10
557 237 10
557 239 7
557 239 7
557 240 2
557 241 2
557 241 2
557 242 0
557 243 0
557 244 0
558 245 0
558 246 0
558 247 0
559 248 0
559 249 0
559 249 0
559 250 0
559 251 0
560 253 0
560 253 0
561 255 5
561 255 5
561 256 5
561 257 5
561 258 5
562 259 2
562 259 2
562 260 0
563 261 0
563 261 0
563 262 0
563 263 0
564 263 0
564 263 0
565 264 0
565 265 0
565 265 0
565 266 0
566 267 0
566 268 0
567 268 0
567 269 0
567 269 0
568 270 0
568 271 0
569 271 0
569 271 0
569 272 0
570 273 0
571 273 8
571 274 5
571 275 5
572 275 5
572 275 5
573 276 7
574 277 7
574 278 1
575 278 10
575 279 8
575 279 8
576 280 10
577 281 12
577 281 12
577 281 12
578 281 10
578 282 10
579 282 10
579 283 5
579 283 5
580 283 5
580 284 9
581 284 9
581 285 9
581 285 9
582 285 11
582 286 12
583 286 9
583 287 9
583 287 9
584 287 9
584 288 11
585 289 8
585 289 8
585 290 7
586 291 5
587 291 10
587 292 10
587 293 7
587 294 7
588 295 11
589 295 11
589 296 11
589 297 11
589 297 11
589 298 8
589 299 8
589 299 8
589 299 8
589 300 3
589 301 3
589 301 3
589 302 1
589 303 0
589 303 0
589 304 0
589 305 5
589 305 5
589 307 8
588 307 8
588 308 10
588 309 10
587 309 7
587 310 14
587 311 14
587 311 14
586 311 2
586 312 6
585 313 6
585 313 6
585 314 17
584 314 11
584 315 23
583 315 23
583 316 23
583 317 31
583 317 31
582 318 30
582 319 40
581 319 32
581 319 32
581 320 35
581 321 35
580 321 35
580 321 35
579 321 26
579 321 26
578 322 35
577 322 24
577 322 24
Stop
New Slice
Start
572 323 4
572 323 4
571 322 4
571 321 0
571 321 0
571 320 0
571 319 0
570 319 0
569 318 0
569 317 0
569 317 0
569 317 0
569 316 0
568 316 0
567 316 2
567 316 2
566 315 2
565 315 13
565 315 13
564 315 13
563 315 25
563 315 25
562 315 20
561 315 20
561 315 20
560 315 16
559 314 2
559 314 2
558 314 3
557 314 3
557 313 0
556 313 0
555 313 0
555 312 0
554 312 0
554 311 0
553 311 0
552 310 0
551 309 0
551 309 0
551 309 0
551 308 0
550 307 2
549 305 0
549 305 0
549 303 0
549 303 0
549 301 0
549 301 0
549 299 0
549 299 0
549 298 0
549 297 0
549 297 0
549 296 0
549 295 0
548 295 0
548 294 0
547 293 0
547 293 0
547 292 0
547 291 0
547 291 0
547 290 0
547 289 0
547 289 0
547 288 0
547 287 0
547 287 0
547 285 0
547 285 0
547 284 0
547 283 0
547 282 0
547 281 0
547 280 0
547 279 0
547 279 0
547 278 0
547 277 0
547 277 0
547 276 0
546 275 0
546 274 0
545 273 0
545 273 0
545 272 0
545 271 0
545 271 0
545 270 0
545 269 0
545 268 0
545 267 0
545 267 0
545 266 4
545 265 2
545 265 2
545 264 2
545 263 1
545 263 1
545 262 1
545 261 0
545 261 0
545 260 0
545 259 0
545 259 0
545 258 4
545 257 4
545 257 4
545 256 8
545 255 8
545 255 8
545 254 9
545 253 4
545 253 4
545 252 4
545 251 8
545 250 8
545 249 8
545 249 8
545 248 8
545 247 5
545 247 5
544 246 7
544 245 7
544 245 7
544 244 9
544 243 9
544 242 8
543 242 9
543 241 7
543 241 7
543 240 7
543 239 11
543 239 11
543 238 11
543 237 16
543 237 16
543 236 16
543 235 14
543 235 14
543 234 14
543 233 14
542 233 14
542 231 14
542 231 14
542 230 20
542 229 14
542 229 14
542 228 14
541 227 17
541 226 17
541 225 15
541 224 15
541 223 12
541 221 13
541 221 13
541 219 13
541 219 13
541 218 9
541 217 4
541 216 4
541 215 2
541 214 2
541 213 2
541 213 2
541 212 2
540 211 3
540 211 3
540 210 1
540 209 1
540 209 1
540 208 1
540 207 1
539 207 16
539 205 0
539 205 0
539 204 0
539 203 2
539 203 2
539 202 2
539 201 4
539 201 4
539 200 4
539 199 2
539 199 2
539 198 1
538 197 7
538 197 7
537 196 10
537 195 10
537 195 10
537 194 3
537 193 5
537 193 5
537 191 8
537 191 8
537 190 8
537 189 12
537 189 12
537 187 13
537 187 13
537 186 18
537 185 18
538 185 18
538 184 16
538 183 16
539 183 8
539 183 8
539 183 8
540 182 3
541 181 11
541 181 11
541 181 11
542 181 6
543 180 6
543 180 6
544 180 7
545 180 7
545 180 7
546 180 11
547 181 16
547 181 16
547 181 16
547 182 12
548 183 6
548 183 6
548 184 6
549 184 10
549 185 9
549 185 9
549 185 9
549 186 9
549 187 9
550 187 9
550 188 2
550 189 2
551 189 8
551 190 11
551 191 11
551 191 11
551 192 8
551 193 8
552 193 13
552 194 7
552 195 2
552 195 2
553 195 2
553 196 2
553 197 3
553 197 3
553 198 3
553 199 4
553 199 4
553 200 0
553 201 0
553 201 0
553 202 0
553 203 0
553 203 0
553 205 0
553 205 0
553 206 0
554 207 6
554 208 6
555 209 5
555 210 5
555 211 3
555 212 4
555 213 4
555 215 5
555 215 5
555 217 3
555 218 6
555 219 7
556 221 18
557 221 18
557 223 14
557 225 14
557 225 14
557 226 9
557 228 14
557 229 14
557 229 14
557 231 9
557 232 9
558 233 13
558 233 13
558 234 13
558 235 13
558 235 13
558 236 15
558 237 15
558 237 15
559 238 12
559 239 12
559 239 12
559 240 12
559 241 12
559 241 12
559 242 8
559 243 8
559 244 8
560 245 7
561 247 13
561 248 14
561 249 14
561 250 12
561 251 12
562 253 5
562 254 0
563 255 19
563 256 19
563 257 18
563 258 18
564 259 9
565 259 9
565 259 9
565 260 0
565 261 0
565 262 0
566 263 0
566 263 0
567 264 0
567 265 0
567 265 0
567 266 0
568 267 2
569 267 2
570 267 11
571 268 8
572 269 12
572 270 12
573 271 14
573 271 14
573 272 11
574 272 11
574 273 11
574 273 11
575 274 14
575 275 14
575 275 14
576 276 16
576 277 16
577 277 16
577 277 16
578 279 11
578 279 11
579 279 11
579 281 10
579 281 10
579 282 10
580 282 9
580 283 5
580 283 5
581 283 5
581 284 9
581 285 9
581 285 9
581 286 8
582 287 12
582 287 12
583 289 11
583 289 11
583 290 11
583 291 6
583 291 6
584 291 6
584 292 6
585 293 7
585 293 7
585 294 7
585 295 6
585 295 6
586 296 1
586 297 1
586 297 1
586 298 0
586 299 0
586 299 0
586 300 0
586 301 0
586 301 0
586 302 0
586 303 0
586 303 0
586 304 0
586 305 0
585 306 0
585 307 0
585 307 0
585 308 0
585 309 0
585 309 0
585 310 2
585 311 2
585 311 2
584 312 0
584 313 0
584 313 0
583 314 11
583 315 23
583 315 23
582 315 17
582 316 17
581 316 3
581 317 18
581 317 18
581 317 18
581 318 18
580 319 32
579 319 17
579 319 17
579 320 26
579 321 26
579 321 26
578 321 26
578 322 35
577 323 24
577 323 24
577 323 24
577 324 29
576 324 29
576 325 29
575 325 23
575 325 23
573 324 18
573 324 18
Stop
New Slice
Start
576 326 39
575 325 23
575 325 23
574 325 18
573 325 18
573 324 18
573 323 9
572 323 4
572 323 4
571 323 4
571 322 4
571 321 0
570 321 0
570 320 0
569 319 1
569 319 1
569 319 1
569 318 0
569 317 0
568 317 0
568 317 0
567 316 2
567 315 2
566 315 2
565 315 13
565 315 13
564 315 13
564 314 0
563 314 4
563 314 4
562 314 2
561 314 2
561 314 2
560 314 2
559 314 2
559 313 0
558 313 0
557 313 0
557 313 0
557 312 0
556 312 0
555 311 0
555 311 0
555 311 0
554 311 0
554 310 0
553 309 0
553 309 0
553 309 0
552 309 0
552 307 0
551 307 0
551 306 0
551 305 0
550 305 0
550 304 0
550 303 0
549 303 0
549 302 0
549 301 0
549 301 0
549 300 0
549 299 0
548 299 0
548 299 0
548 298 0
548 297 0
548 297 0
548 296 0
548 295 0
548 295 0
548 294 0
548 293 0
548 292 0
548 291 0
548 291 0
548 290 0
547 289 0
547 289 0
547 288 0
547 287 0
547 287 0
547 286 0
547 285 0
547 284 0
547 283 0
547 282 0
547 281 0
547 281 0
547 279 0
547 278 0
547 277 0
547 276 0
547 275 0
547 274 0
547 273 0
547 271 0
546 271 0
546 270 0
545 269 0
545 269 0
545 268 0
545 267 0
545 266 4
545 265 2
545 265 2
545 264 2
545 263 1
545 262 1
545 261 0
544 260 0
544 259 0
544 259 0
544 258 4
544 257 4
543 257 14
543 256 5
543 255 5
543 254 12
543 253 12
543 253 12
543 252 12
543 251 17
543 251 17
543 250 17
543 249 14
543 249 14
543 248 14
543 247 9
543 247 9
543 246 14
543 245 14
543 245 14
543 244 14
543 243 14
543 243 14
543 242 9
543 241 7
543 241 7
543 240 7
543 239 11
543 239 11
543 238 11
543 237 16
543 237 16
543 236 16
543 235 14
543 235 14
543 234 14
543 233 14
543 233 14
543 232 14
543 231 14
543 231 14
543 230 20
543 229 14
543 229 14
543 228 14
543 227 11
543 227 11
543 226 11
543 225 17
543 225 17
543 224 17
543 223 10
543 223 10
543 222 10
542 221 10
542 220 9
542 219 9
542 219 9
542 218 4
542 217 0
542 217 0
542 216 0
541 216 4
541 215 2
541 215 2
541 214 2
541 213 2
541 213 2
541 212 2
541 211 3
541 211 3
540 211 3
540 210 1
540 209 1
540 209 1
540 207 1
540 207 1
540 206 0
540 205 0
540 205 0
539 203 2
539 202 2
539 201 4
539 200 4
539 199 2
539 199 2
539 198 1
539 197 1
539 197 1
539 196 2
539 195 2
539 195 2
539 194 0
539 193 0
539 193 0
539 192 0
539 191 0
539 191 0
539 190 0
539 189 0
539 189 0
539 188 0
539 187 0
539 187 0
539 186 3
540 186 0
540 185 0
540 185 0
540 184 0
540 183 0
540 183 0
541 182 3
541 181 11
541 181 11
541 180 11
541 180 11
542 179 17
543 179 17
543 179 17
544 179 12
545 179 12
545 179 12
546 179 14
547 179 17
547 180 16
548 181 16
549 181 19
549 181 19
549 182 11
549 183 10
549 184 10
550 184 10
550 185 9
551 185 16
551 186 16
551 187 14
551 187 14
551 187 14
552 189 16
552 189 16
552 190 14
553 191 14
553 191 14
553 192 13
553 193 13
553 193 13
553 194 7
554 195 15
554 196 15
554 197 19
555 197 19
555 198 19
555 199 19
555 199 19
555 200 11
555 201 11
555 201 11
555 202 4
555 203 4
555 203 4
555 204 4
555 205 4
555 205 4
555 206 4
555 207 6
555 207 6
555 209 5
555 209 5
555 210 5
555 211 3
555 211 3
555 213 4
555 213 4
555 214 5
555 215 5
555 215 5
555 216 3
555 217 3
555 218 6
555 219 7
555 219 7
555 220 7
555 221 4
555 221 4
555 222 4
555 223 3
555 224 0
555 225 0
555 226 1
555 227 1
555 228 2
555 229 2
555 229 2
556 230 11
556 231 9
556 232 9
556 233 7
556 234 7
556 235 12
557 235 12
557 237 10
557 237 10
557 238 7
557 239 7
557 239 7
557 240 2
557 241 2
557 242 0
557 243 0
558 243 5
558 244 5
559 244 8
559 245 7
559 245 7
559 246 7
559 247 0
560 248 0
560 249 0
560 250 0
561 251 12
561 251 12
561 253 5
561 253 5
561 254 0
562 255 5
563 256 19
563 257 18
563 258 18
564 259 9
564 259 9
564 260 0
565 261 0
565 262 0
565 263 0
565 263 0
566 263 0
566 264 0
566 265 0
567 265 0
567 266 0
567 267 0
568 267 2
568 268 2
568 269 0
569 269 0
569 269 0
569 270 0
569 271 0
570 272 0
571 273 8
571 275 5
572 275 5
572 276 0
573 277 7
573 277 7
573 277 7
573 278 1
574 279 0
574 279 0
574 280 0
575 280 8
575 281 5
576 281 12
576 282 12
577 283 6
577 283 6
577 283 6
578 284 5
578 285 5
579 285 5
579 285 5
579 285 5
579 286 0
580 286 8
581 287 8
581 287 8
581 288 12
581 289 12
582 289 17
583 289 11
583 290 11
584 291 6
585 291 5
585 292 5
585 292 5
585 293 7
586 293 7
587 293 7
587 294 7
587 295 10
587 295 10
587 296 8
587 297 8
587 297 8
588 298 8
588 299 8
588 299 8
588 300 3
588 301 3
588 301 3
588 302 1
588 303 0
588 303 0
588 304 0
588 305 5
588 305 5
588 306 5
588 307 8
588 307 8
588 308 10
587 309 7
587 309 7
587 310 14
586 311 2
586 311 2
586 312 6
585 313 6
585 313 6
585 314 17
585 315 25
584 315 23
584 315 23
584 316 23
584 317 31
583 317 31
583 317 31
583 318 31
583 319 35
582 319 40
582 320 41
581 321 35
581 321 35
581 322 38
580 323 38
580 323 38
579 323 35
579 324 35
579 324 35
578 325 35
578 325 35
577 325 29
577 326 39
577 326 39
576 326 39
575 326 35
575 326 35
574 326 32
573 326 32
573 326 32
Stop
