New Slice
Start
460 243 26
459 243 17
459 243 17
458 244 0
458 245 0
457 245 9
457 245 9
457 245 9
456 246 0
456 247 0
455 247 0
455 247 0
455 247 0
455 248 0
454 248 0
453 249 0
453 249 0
453 249 0
453 250 0
452 250 0
451 251 1
451 251 1
451 252 1
450 252 1
450 253 0
449 253 10
449 253 10
449 254 10
448 255 0
448 255 0
448 256 0
447 256 6
447 257 6
447 257 6
447 258 3
447 259 3
446 259 3
446 260 0
446 261 0
445 261 15
445 262 14
445 262 14
445 263 4
445 263 4
445 264 4
444 264 20
444 265 9
444 265 9
444 266 9
444 267 4
444 267 4
444 268 2
444 269 2
444 269 2
443 270 0
443 271 0
443 271 0
443 272 0
443 273 0
443 273 0
443 274 0
443 275 0
443 275 0
443 276 0
443 277 0
443 278 0
443 279 0
443 279 0
443 280 0
442 281 4
442 281 4
442 282 4
442 283 4
442 283 4
441 284 13
441 285 18
441 285 18
441 286 18
441 287 12
441 287 12
441 288 12
441 289 1
441 289 1
441 290 1
441 291 7
440 291 22
440 292 14
440 293 14
440 293 14
439 294 20
439 295 20
439 295 20
439 296 21
439 297 29
439 297 29
439 298 29
439 299 29
439 299 29
439 300 29
439 301 27
439 301 27
439 302 27
439 303 22
439 303 22
439 304 24
439 305 24
439 305 24
439 306 29
439 307 29
439 307 29
439 308 27
439 309 19
439 309 19
439 310 19
439 311 20
439 311 20
440 312 12
440 313 14
440 313 14
440 314 14
441 314 0
441 315 4
441 315 4
441 316 14
441 317 14
441 317 14
442 318 12
442 319 12
442 319 12
442 320 25
443 321 16
443 321 16
443 322 16
443 322 16
443 323 20
443 323 20
443 324 20
443 325 13
444 325 13
444 325 13
444 326 20
444 327 20
445 327 6
445 328 17
445 329 17
445 329 17
446 330 12
446 331 12
447 332 17
447 332 17
447 333 23
447 333 23
448 333 2
448 334 2
448 335 21
448 335 21
449 335 21
449 336 21
449 337 36
449 337 36
450 337 20
450 338 43
451 339 43
451 339 43
451 339 43
452 340 45
453 341 33
453 341 33
454 341 33
455 341 23
455 342 50
455 342 50
456 342 50
457 343 37
457 343 37
458 343 30
459 343 30
459 344 48
460 344 36
461 344 36
461 344 36
461 345 82
462 345 69
463 345 69
463 345 69
464 345 57
465 345 47
465 345 47
466 345 47
467 345 47
467 345 47
468 345 47
469 345 42
469 345 42
470 345 37
471 345 37
471 345 37
472 345 31
473 345 31
473 345 31
474 345 26
475 345 24
475 345 24
476 345 24
477 345 25
477 345 25
478 345 25
479 345 27
479 345 27
480 345 27
481 345 28
481 345 28
482 345 22
483 345 22
483 345 22
484 345 28
485 345 28
485 345 28
486 345 35
487 345 37
487 345 37
488 345 37
489 345 36
489 345 36
491 345 39
491 345 39
492 345 39
493 345 47
493 345 47
493 345 47
494 345 54
495 345 54
495 344 34
496 343 21
497 343 21
497 343 21
498 343 35
499 343 50
499 343 50
499 342 50
500 342 50
501 342 60
501 341 51
501 341 51
502 341 51
503 340 63
503 339 55
504 339 55
504 338 55
505 338 65
505 337 45
505 337 45
505 336 45
505 335 45
506 334 54
506 333 54
506 333 54
506 332 51
506 331 46
507 331 46
507 331 46
507 330 46
507 329 45
507 329 45
507 328 45
507 327 37
507 327 37
507 326 37
507 325 28
507 325 28
508 324 49
508 323 49
508 323 49
508 322 50
508 321 50
508 321 50
508 320 56
508 319 50
508 319 50
508 318 50
508 317 51
508 317 51
508 316 51
508 315 51
508 315 51
508 314 54
508 313 54
508 313 54
508 312 52
508 311 52
508 311 52
508 310 41
508 309 41
508 309 41
508 308 47
508 307 53
507 306 42
507 305 46
507 305 46
507 304 46
507 303 42
506 303 42
506 303 42
506 302 46
505 301 27
505 301 27
505 301 27
505 300 37
505 299 37
505 299 37
504 299 21
504 298 21
504 297 21
503 297 21
503 296 33
503 295 38
503 295 38
503 294 38
503 293 49
503 293 49
503 292 49
502 292 27
502 291 27
502 291 27
502 290 38
502 289 38
502 289 38
502 288 37
501 288 37
501 287 37
501 286 38
501 285 38
501 285 38
501 284 44
501 283 45
501 283 45
501 282 45
501 281 46
501 281 46
500 281 21
500 280 21
500 279 24
500 279 24
500 278 27
500 277 27
500 277 27
499 275 24
499 275 24
499 274 28
499 273 28
499 273 28
499 272 32
499 271 40
499 271 40
499 270 40
499 269 40
499 269 40
499 268 40
499 267 31
499 266 21
499 265 21
499 265 21
499 264 20
499 263 20
499 263 20
499 262 27
499 261 33
499 261 33
499 260 33
499 259 32
499 259 32
499 258 32
499 257 35
499 257 35
499 256 35
499 255 39
499 255 39
499 254 39
499 253 39
499 253 39
499 252 46
499 251 46
498 251 30
498 251 30
498 250 24
498 249 29
498 249 29
498 248 29
498 247 27
498 247 27
498 246 27
498 245 21
498 245 21
497 244 3
497 243 23
497 243 23
497 242 28
497 241 28
497 241 28
497 239 23
496 239 23
496 238 20
496 237 22
495 237 12
495 236 12
495 235 25
495 235 25
495 234 25
494 233 30
493 232 23
493 231 24
493 231 24
493 230 24
492 229 15
492 229 15
492 228 16
491 227 16
491 226 14
491 225 22
490 224 1
490 223 5
490 223 5
490 222 5
490 221 10
490 221 10
489 221 10
489 220 10
489 219 23
489 219 23
489 218 17
489 217 17
489 217 17
489 216 26
489 215 26
489 215 26
489 214 23
489 213 26
489 213 26
489 212 26
489 211 26
489 211 26
489 210 26
489 209 34
489 209 34
489 208 26
489 207 26
489 207 26
489 206 23
489 205 23
489 205 23
489 204 10
489 203 10
489 203 10
489 202 6
490 202 6
490 201 0
490 201 0
491 200 11
491 199 0
491 199 0
491 198 0
491 198 0
492 197 0
492 195 0
492 194 0
493 193 0
493 193 0
493 192 0
493 191 0
493 191 0
494 191 0
494 190 0
495 189 0
495 189 0
495 189 0
496 189 0
496 188 0
497 188 0
497 187 0
497 187 0
498 186 0
498 185 0
499 185 8
499 184 0
499 183 0
499 183 0
500 182 0
500 181 0
500 181 0
500 180 0
500 179 0
500 179 0
501 179 20
501 178 13
501 177 15
501 177 15
501 177 15
501 176 15
501 175 16
501 174 16
501 173 24
502 172 30
503 171 37
503 171 37
503 170 35
503 169 35
503 168 43
503 167 39
503 166 39
503 165 33
503 165 33
503 164 33
503 163 28
503 163 28
503 162 28
503 161 34
503 160 37
503 159 37
503 159 37
503 158 47
503 157 47
503 157 47
503 156 44
503 155 57
502 155 34
502 154 34
501 154 34
501 153 40
501 153 40
500 153 23
500 152 23
499 152 23
499 152 23
498 152 10
497 152 8
497 152 8
496 152 8
495 153 20
495 153 20
495 154 0
495 155 0
495 155 0
495 156 0
495 157 0
494 157 0
494 158 0
494 159 0
494 159 0
494 160 0
493 161 0
493 161 0
493 162 0
493 163 0
493 163 0
493 164 0
493 165 0
493 165 0
493 166 2
493 167 2
493 167 2
493 168 0
493 169 0
493 169 0
493 170 0
493 171 6
493 171 6
493 172 6
493 173 0
493 173 0
493 174 0
493 175 0
493 175 0
493 176 0
493 177 0
493 177 0
493 178 0
493 179 0
493 179 0
493 180 0
493 181 0
493 181 0
493 182 0
493 183 0
493 183 0
493 184 0
493 185 0
493 185 0
493 186 0
493 187 0
493 187 0
493 189 0
493 189 0
493 190 0
493 191 0
492 191 0
492 191 0
491 192 0
491 193 0
491 193 0
491 193 0
491 194 0
490 194 0
490 195 0
489 195 0
489 195 0
489 196 0
488 196 0
487 196 0
487 197 0
486 197 0
485 197 0
485 197 0
484 197 0
483 197 0
483 197 0
482 197 0
482 196 31
481 196 21
481 196 21
480 196 2
479 195 2
479 195 2
478 195 0
477 195 0
477 195 0
477 194 11
476 194 0
475 194 0
475 193 0
475 193 0
474 192 0
474 191 0
474 191 0
474 190 0
473 190 0
473 189 0
473 189 0
473 188 0
473 187 7
473 187 7
473 186 7
473 185 17
473 185 17
473 184 8
473 183 8
473 183 8
473 182 12
473 181 12
473 181 12
474 180 14
475 179 18
475 179 18
475 179 18
475 178 2
476 177 0
476 177 0
476 176 0
477 176 5
477 175 0
477 175 0
477 175 0
478 174 0
478 173 0
478 173 0
478 172 0
479 171 4
479 171 4
479 170 2
479 170 2
479 169 2
480 169 2
480 168 0
480 167 0
480 167 0
480 166 0
481 166 0
481 165 0
481 165 0
481 164 0
481 163 0
482 163 8
482 163 8
482 162 8
482 161 0
482 161 0
483 160 2
483 159 2
483 159 2
483 158 0
483 157 0
483 157 0
483 157 0
483 156 0
483 155 0
484 155 0
484 155 0
485 154 0
485 153 0
485 153 0
485 152 0
484 151 4
483 151 15
483 151 15
483 151 15
482 151 15
481 151 35
481 151 35
481 152 28
481 153 28
480 153 49
480 154 30
480 155 30
480 155 30
479 156 17
479 157 19
479 157 19
479 158 19
479 159 11
479 159 11
478 159 39
478 160 39
478 161 29
478 161 29
477 161 29
477 162 20
477 163 20
477 163 20
477 164 5
477 165 5
476 165 26
476 166 22
476 167 22
475 167 22
475 168 15
475 169 0
475 169 0
474 170 2
474 171 0
474 171 0
473 172 20
473 173 15
473 173 15
473 175 3
473 175 3
472 175 3
472 176 12
472 177 12
472 177 12
472 178 16
472 179 18
472 179 18
472 180 18
472 181 12
472 181 12
472 182 12
472 183 8
472 183 8
472 184 8
472 185 17
472 185 17
472 186 7
472 187 7
472 187 7
472 188 0
472 189 0
472 189 0
472 190 0
472 191 0
472 191 0
472 192 0
472 193 0
472 193 0
472 194 0
473 195 0
473 195 0
473 196 0
473 197 0
473 197 0
473 198 0
473 199 0
473 199 0
473 199 0
473 200 0
473 201 0
473 201 0
473 202 0
473 203 13
473 203 13
474 203 0
474 204 0
474 205 1
474 205 1
475 206 0
475 207 0
475 207 0
475 208 0
475 209 13
475 209 13
476 210 28
477 211 6
477 211 6
477 211 6
477 212 19
477 213 19
477 213 19
478 214 24
478 215 27
478 215 27
479 215 13
479 216 13
479 217 28
479 217 28
479 218 28
480 218 28
480 219 41
480 219 41
480 220 44
481 221 22
481 221 22
481 222 34
481 222 34
481 223 34
481 223 34
482 224 24
482 225 24
482 225 24
483 225 24
483 226 31
483 227 35
483 227 35
484 229 22
484 229 22
485 231 19
485 231 19
485 232 25
485 233 25
486 233 19
486 235 24
487 235 6
487 237 11
487 237 11
487 238 17
488 239 17
489 239 0
489 240 0
489 241 0
489 241 0
489 242 0
489 243 0
490 243 0
490 243 0
491 243 0
491 244 0
491 245 0
491 245 0
491 246 0
491 247 0
491 248 9
491 248 9
491 249 9
491 249 9
491 250 5
491 251 5
491 251 5
491 252 5
491 253 8
491 253 8
491 254 8
491 255 4
492 255 4
492 255 4
492 256 7
492 257 7
492 257 7
493 257 0
493 258 0
493 259 0
493 259 0
493 260 0
493 261 0
493 261 0
493 262 0
493 263 0
493 263 0
493 264 0
493 265 0
493 265 0
493 266 0
493 267 0
493 267 0
493 268 0
493 269 0
493 269 0
493 270 0
493 271 0
493 271 0
493 272 0
493 273 0
493 273 0
493 274 0
493 275 0
493 275 0
493 276 0
493 277 0
493 278 0
493 279 0
493 279 0
493 280 1
493 281 1
493 281 1
493 282 0
493 282 0
493 283 0
493 283 0
493 284 12
493 285 19
493 285 19
493 286 19
493 287 25
493 287 25
493 288 25
493 289 39
494 289 14
494 289 14
494 290 14
494 291 15
494 291 15
495 291 15
495 292 30
495 293 30
495 293 30
495 294 26
495 295 26
496 295 5
496 296 7
496 297 19
496 297 19
496 298 19
497 298 19
497 299 31
497 299 31
497 300 31
497 301 27
498 303 15
498 303 15
498 304 20
499 305 0
499 305 0
499 305 0
499 306 0
499 307 0
499 307 0
499 308 2
499 309 4
500 309 4
500 310 4
500 311 10
500 311 10
500 312 10
500 313 4
500 313 4
500 314 4
500 315 7
500 315 7
500 316 8
500 317 8
500 317 8
500 318 3
500 319 3
500 319 3
500 320 0
500 321 14
500 321 14
500 322 14
500 323 8
500 323 8
500 324 8
500 325 0
500 325 0
500 326 0
500 327 0
500 327 0
500 328 0
500 329 0
500 329 0
500 330 0
500 331 0
500 331 0
499 332 0
499 333 0
499 333 0
499 334 0
498 334 0
498 335 0
497 335 0
497 336 0
496 337 0
495 337 0
495 337 0
495 338 0
494 339 0
493 339 0
493 339 0
493 339 0
493 340 0
492 340 0
491 340 0
491 340 0
490 340 0
489 340 0
489 340 0
488 340 0
487 340 0
487 340 0
486 340 0
485 340 7
485 340 7
484 340 7
483 340 6
483 340 6
482 340 6
481 340 13
481 340 13
480 340 16
479 340 16
479 340 16
478 340 19
477 340 19
477 340 19
476 340 16
475 340 16
475 340 16
474 340 7
473 340 0
473 340 0
472 340 0
471 340 0
471 340 0
470 340 0
469 339 26
469 339 26
468 339 8
467 339 8
467 339 8
466 338 0
465 338 0
465 337 26
464 337 16
463 337 0
463 337 0
462 337 0
461 336 0
461 335 0
461 335 0
460 335 0
459 334 12
459 333 12
459 333 12
459 333 12
458 332 20
458 331 26
457 331 25
457 330 25
457 329 32
457 329 32
457 329 32
457 327 31
456 327 32
455 327 32
455 326 32
455 325 42
454 325 38
454 324 38
453 323 38
453 323 38
453 322 37
453 321 37
452 321 23
451 321 0
451 320 6
451 319 4
451 319 4
451 318 4
450 317 15
450 317 15
449 317 0
449 316 0
449 315 0
449 315 0
449 314 6
449 313 6
449 313 6
449 312 8
449 311 8
449 311 8
448 311 8
447 310 0
447 309 0
447 309 0
447 308 0
447 307 0
447 307 0
447 306 0
447 305 0
447 305 0
447 304 0
447 303 0
447 303 0
447 302 0
447 301 0
447 301 0
447 300 0
447 299 0
447 299 0
447 298 0
447 297 0
447 297 0
447 296 0
447 295 0
447 295 0
447 294 0
447 293 0
447 293 0
447 292 0
447 291 0
447 291 0
447 290 0
447 289 0
447 289 0
447 288 0
448 287 0
448 287 0
449 286 0
449 285 0
450 285 0
450 284 0
451 284 0
451 283 0
451 283 0
452 283 0
453 282 0
453 282 0
455 282 2
455 282 2
457 281 0
457 281 0
458 281 0
459 281 0
459 281 0
459 281 0
460 281 8
461 281 8
461 281 8
462 281 17
463 281 17
463 281 17
464 281 24
465 280 27
465 280 27
466 280 27
467 280 27
467 280 27
468 280 27
469 280 22
469 279 12
470 279 10
471 279 10
472 278 8
473 277 8
473 277 8
473 277 8
473 276 19
473 275 19
474 275 29
474 274 35
475 273 45
475 273 45
475 272 37
475 271 30
475 271 30
475 271 30
475 270 30
475 269 23
475 269 23
475 267 20
475 267 20
476 265 27
476 265 27
476 264 34
476 263 34
476 263 34
476 262 35
476 261 29
476 261 29
476 260 29
476 259 31
476 259 31
476 258 31
476 257 26
476 257 26
476 255 35
476 255 35
476 254 41
476 253 41
475 253 41
475 252 46
475 251 46
475 251 46
474 250 38
474 249 45
474 249 45
473 249 32
473 248 32
473 247 32
472 247 32
472 246 32
471 246 22
471 245 34
471 245 34
470 245 34
469 244 32
469 244 32
468 244 26
467 244 26
467 244 26
466 243 34
465 243 34
465 243 34
464 243 37
463 243 36
463 243 36
462 243 36
461 243 26
461 243 26
460 243 26
460 243 26
Stop
New Slice
Start
461 244 0
461 244 0
460 244 0
459 244 0
459 245 0
459 245 0
458 245 0
457 245 9
457 245 9
457 245 9
456 246 0
455 247 0
455 247 0
454 248 0
454 249 0
453 249 0
453 249 0
452 250 0
451 251 1
451 251 1
451 251 1
451 252 1
450 253 0
450 253 0
450 254 0
449 254 10
449 255 0
449 255 0
449 256 0
449 257 0
448 257 0
448 257 0
448 258 0
447 259 3
447 260 0
447 261 0
447 261 0
446 261 0
446 262 0
445 263 4
445 263 4
445 264 4
445 265 0
445 265 0
445 265 0
445 266 0
445 267 0
445 267 0
445 268 0
445 269 0
444 269 2
444 270 0
443 271 0
443 271 0
443 272 0
443 273 0
443 273 0
443 274 0
443 275 0
443 275 0
443 276 0
443 277 0
443 277 0
443 278 0
443 279 0
443 279 0
443 280 0
442 281 4
442 281 4
442 282 4
442 283 4
441 283 4
441 283 4
441 284 13
441 285 18
441 285 18
441 286 18
441 287 12
441 287 12
441 288 12
440 289 15
440 289 15
440 290 15
440 291 22
440 291 22
440 292 14
440 293 14
440 293 14
440 294 13
440 295 13
440 295 13
440 296 8
440 297 21
440 297 21
440 298 21
440 299 25
440 299 25
440 300 25
440 301 16
440 301 16
440 302 16
440 303 2
440 303 2
440 304 8
440 305 8
440 305 8
440 306 21
440 307 21
440 307 21
440 308 19
440 309 15
440 309 15
440 310 15
440 311 12
440 311 12
440 312 12
440 313 14
440 313 14
440 314 14
440 315 27
441 315 4
441 316 14
441 317 14
441 317 14
441 318 12
441 319 12
441 319 12
441 320 25
441 321 31
441 322 31
441 323 31
441 323 31
441 324 31
442 324 31
442 325 26
442 325 26
442 326 30
442 327 30
442 327 30
443 328 29
443 329 29
443 329 29
443 329 29
443 330 36
443 331 36
444 331 36
444 331 36
445 332 33
445 333 41
445 333 41
445 333 41
446 335 43
446 335 43
447 335 43
447 336 43
447 336 43
447 337 55
448 337 36
449 338 54
449 338 54
450 339 43
451 339 43
451 339 43
451 339 43
452 339 32
453 339 17
453 339 17
453 340 33
454 340 33
455 340 23
455 340 23
457 341 12
457 341 12
458 341 0
459 342 30
460 342 23
461 342 23
461 343 23
461 343 23
461 343 23
462 343 5
463 343 5
463 343 5
463 344 29
464 344 23
465 344 16
465 344 16
466 344 16
466 345 47
467 345 47
467 345 47
468 345 47
469 345 42
469 345 42
470 345 37
470 346 37
471 346 37
471 346 37
472 346 31
473 346 31
473 346 31
474 346 26
475 346 24
475 346 24
476 346 24
477 346 25
477 346 25
478 346 25
479 346 27
479 346 27
480 346 27
481 346 28
481 346 28
482 346 22
483 346 22
483 345 22
484 345 28
485 345 28
485 345 28
486 345 35
487 345 37
488 345 37
489 345 36
489 345 36
490 345 36
491 345 39
491 345 39
492 345 39
493 345 47
493 344 17
494 344 34
495 343 2
496 343 21
497 343 21
497 343 21
498 343 35
498 342 35
499 342 50
499 341 39
500 341 39
501 341 51
501 341 51
501 341 51
501 340 51
502 339 48
503 339 55
503 339 55
504 339 55
504 338 55
505 337 45
505 337 45
506 336 61
506 335 61
506 335 61
507 335 61
507 334 54
507 333 54
507 333 54
507 332 51
507 331 46
508 331 65
508 330 65
508 329 65
508 329 65
508 328 65
509 327 49
509 327 49
509 326 49
509 325 44
509 325 44
509 324 49
509 323 49
509 323 49
509 322 50
509 321 50
509 321 50
509 320 56
509 319 50
509 319 50
509 318 50
509 317 51
509 317 51
509 316 51
509 315 51
509 315 51
509 314 54
509 313 54
508 313 54
508 312 52
508 311 52
508 311 52
508 310 41
508 309 41
508 309 41
507 307 42
507 307 42
507 306 42
507 305 46
507 305 46
507 304 46
507 303 42
507 303 42
507 302 46
506 302 46
506 301 46
506 301 46
506 300 49
506 299 49
505 299 37
505 298 36
505 297 36
505 296 45
505 295 46
505 295 46
504 294 38
504 293 49
504 293 49
504 292 49
503 292 49
503 291 34
503 291 34
503 290 46
503 289 46
503 289 46
503 288 45
503 287 45
502 287 37
502 286 38
502 285 38
502 285 38
501 284 44
501 283 45
501 283 45
501 282 45
501 281 46
501 281 46
501 280 46
501 279 49
501 279 49
501 278 48
500 278 27
500 277 27
500 277 27
500 276 24
500 275 24
500 275 24
499 274 28
499 273 28
499 273 28
499 272 32
499 271 40
499 271 40
499 271 40
499 270 40
499 269 40
499 269 40
499 268 40
498 267 18
498 267 18
498 266 8
498 265 8
498 265 8
498 264 12
498 263 12
498 263 12
498 262 15
498 261 14
497 261 0
497 260 0
497 259 0
497 258 0
497 257 0
497 257 0
497 256 0
497 255 3
497 255 3
497 254 7
497 253 7
497 253 7
496 252 3
496 251 3
496 251 3
496 250 2
496 249 3
496 248 3
496 247 5
495 247 0
495 246 0
495 245 0
495 245 0
495 244 0
495 243 8
495 243 8
495 242 24
495 241 24
494 241 24
494 240 12
494 239 12
494 239 12
494 238 9
494 237 12
493 237 0
493 237 0
493 236 0
493 235 13
493 235 13
493 234 13
492 233 0
492 233 0
492 232 0
492 231 8
492 231 8
491 230 15
491 229 15
491 229 15
491 228 16
491 227 16
491 227 16
491 226 14
490 225 1
490 225 1
490 224 1
490 223 5
490 223 5
490 222 5
490 221 10
490 220 10
489 219 23
489 218 17
489 217 17
489 217 17
489 216 26
489 215 26
489 215 26
489 215 26
489 214 23
489 213 26
489 213 26
489 212 26
489 211 26
489 211 26
488 211 6
488 210 6
488 209 21
488 209 21
488 208 5
488 207 5
488 207 5
488 206 6
488 205 6
488 205 6
488 204 0
489 203 10
489 202 6
489 201 0
489 201 0
489 200 0
489 199 0
490 198 0
491 198 0
491 197 0
491 197 0
491 197 0
492 196 0
493 196 0
493 195 0
494 195 23
495 195 23
495 194 0
495 194 0
495 193 0
496 193 22
497 193 22
497 192 0
497 191 0
498 191 24
499 190 40
499 189 28
499 189 28
499 189 28
499 188 28
500 187 20
500 187 20
500 186 20
501 185 41
501 185 41
501 184 28
501 183 28
502 183 28
502 183 28
502 181 26
502 181 26
502 180 20
502 179 20
502 179 20
503 177 30
503 177 30
503 176 30
503 175 31
503 175 31
503 174 31
503 173 36
503 173 36
503 172 37
503 171 37
503 171 37
503 170 35
503 169 35
503 169 35
503 168 43
503 167 39
503 167 39
503 166 39
503 165 33
503 165 33
503 164 33
503 163 28
503 163 28
503 162 28
503 161 34
503 161 34
503 160 37
503 159 37
503 159 37
503 158 47
502 158 27
502 157 27
501 157 27
501 156 27
501 155 34
500 155 4
500 154 4
499 153 23
499 153 23
498 153 10
497 153 8
497 153 8
496 153 8
495 153 20
495 153 20
495 153 20
494 154 0
494 155 0
494 155 0
494 156 0
494 157 0
494 157 0
494 158 0
494 159 0
493 159 0
493 160 0
493 161 0
493 161 0
493 162 0
493 162 0
493 163 0
493 163 0
493 164 0
493 165 0
493 165 0
493 166 2
493 167 2
493 167 2
493 168 0
493 169 0
493 169 0
493 170 0
493 171 6
493 171 6
493 172 6
493 173 0
493 173 0
493 174 0
493 175 0
493 175 0
493 176 0
493 177 0
493 177 0
493 178 0
493 179 0
493 179 0
493 180 0
493 181 0
493 181 0
493 182 0
493 183 0
493 183 0
493 184 0
493 185 0
493 185 0
493 186 0
493 187 0
493 187 0
493 188 0
492 188 0
492 189 0
492 189 0
492 190 0
491 190 0
491 191 0
491 191 0
491 192 0
491 193 0
490 193 0
490 193 0
490 194 0
489 195 0
489 195 0
489 196 0
488 196 0
488 197 0
487 197 0
487 197 0
486 197 0
485 197 0
485 197 0
484 197 0
483 197 0
483 197 0
483 197 0
482 197 0
481 197 0
481 196 21
481 195 21
480 195 2
480 195 2
479 195 2
479 194 28
479 193 28
478 193 11
478 193 11
477 193 11
477 192 21
477 191 21
476 191 6
476 190 15
475 190 15
475 189 19
475 189 19
475 188 19
475 187 24
475 187 24
475 186 24
475 185 29
475 185 29
475 184 32
475 183 32
475 183 32
475 182 26
475 181 26
475 181 26
475 180 18
475 179 18
475 179 18
475 178 2
475 177 0
475 177 0
475 176 0
475 175 0
475 175 0
476 175 0
476 174 0
477 174 0
477 173 0
477 173 0
477 172 0
478 172 0
478 171 0
478 171 0
479 169 2
479 169 2
480 167 0
481 167 0
481 166 0
481 165 0
481 165 0
481 165 0
481 163 0
481 163 0
482 162 8
482 161 0
482 161 0
482 160 2
483 159 2
483 159 2
483 158 0
483 158 0
483 157 0
483 157 0
483 156 0
483 155 0
484 155 0
484 154 0
484 153 0
484 153 0
484 152 0
483 152 0
482 152 0
481 152 28
481 152 28
480 152 49
479 152 49
479 153 49
479 153 49
479 154 30
478 155 51
478 155 51
478 156 47
478 157 52
478 157 52
477 157 52
477 158 52
477 159 39
477 159 39
477 160 39
477 161 29
476 161 56
476 162 45
476 163 45
476 163 45
475 163 45
475 164 26
475 165 26
475 165 26
475 166 22
475 167 22
475 167 22
474 168 27
474 169 2
474 169 2
474 170 2
474 171 0
474 171 0
474 172 0
474 173 0
474 173 0
474 174 0
473 175 3
473 175 3
473 176 12
473 177 12
473 177 12
473 178 16
473 179 18
473 179 18
473 180 18
473 181 12
473 181 12
473 182 12
473 183 8
473 183 8
473 184 8
473 185 17
473 185 17
473 186 7
473 187 7
473 187 7
473 188 0
473 189 0
473 189 0
473 190 0
473 191 0
473 191 0
473 192 0
473 193 0
473 193 0
473 194 0
473 195 0
473 195 0
473 196 0
473 197 0
473 198 0
473 199 0
473 199 0
473 200 0
473 201 0
473 201 0
473 202 0
473 203 13
473 203 13
473 204 13
473 205 15
473 205 15
473 206 15
473 207 26
473 207 26
474 207 16
475 209 13
475 209 13
476 211 28
477 211 6
477 211 6
477 211 6
477 212 19
477 213 19
478 213 19
479 214 1
479 215 13
479 215 13
479 215 13
479 216 13
480 216 13
481 217 13
481 218 13
481 218 13
482 219 0
482 220 0
483 221 0
483 222 13
484 223 0
484 224 4
485 224 4
485 225 4
485 225 4
485 225 4
485 226 16
486 227 0
486 227 0
486 228 0
486 229 2
487 229 0
487 230 0
487 231 10
487 231 10
487 232 5
488 233 5
488 233 5
488 234 6
488 235 6
488 235 6
489 236 0
489 237 0
489 237 0
489 238 0
489 239 0
489 239 0
489 240 0
489 241 0
489 242 0
489 243 0
489 243 0
489 244 13
489 245 13
490 245 13
490 246 26
490 247 26
490 247 26
490 248 45
490 249 45
490 249 45
491 250 5
491 251 5
491 251 5
491 252 5
491 253 8
491 253 8
491 254 8
491 255 4
491 255 4
491 255 4
491 256 7
491 257 7
491 257 7
491 258 24
492 259 24
492 260 13
492 261 13
492 261 13
492 262 7
492 263 9
493 264 0
493 265 0
493 265 0
493 266 0
493 267 0
493 267 0
493 268 0
493 269 0
493 269 0
493 270 0
493 271 0
493 272 0
493 273 0
493 273 0
493 274 0
493 275 0
493 275 0
493 276 0
494 276 0
494 277 0
494 277 0
494 278 0
494 279 0
494 279 0
495 280 0
495 281 0
495 281 0
495 282 0
495 283 0
495 283 0
495 284 0
495 285 0
495 285 0
496 286 0
496 287 0
496 287 0
496 288 0
496 289 0
496 289 0
496 290 0
496 291 0
497 291 0
497 292 0
497 293 0
497 294 5
497 295 5
497 296 7
497 297 19
497 297 19
497 298 19
497 299 31
497 299 31
497 300 31
498 300 7
498 301 14
498 301 14
498 302 14
498 303 15
498 303 15
498 304 20
498 305 20
498 305 20
499 306 0
499 307 0
499 307 0
499 308 2
499 309 4
499 309 4
499 310 4
499 311 10
499 311 10
499 311 10
499 312 10
499 313 4
499 313 4
500 314 4
500 315 7
500 315 7
500 316 8
500 317 8
500 317 8
500 318 3
500 319 3
500 319 3
500 320 0
500 321 14
500 321 14
500 322 14
500 323 8
500 323 8
500 324 8
500 325 0
500 325 0
500 326 0
500 327 0
500 327 0
500 328 0
500 329 0
500 329 0
499 329 0
499 330 0
499 331 0
499 331 0
499 332 0
498 332 0
498 333 0
497 333 0
497 334 0
497 335 0
496 335 0
496 335 0
496 336 0
495 336 0
495 337 0
494 337 0
493 338 0
493 339 0
493 339 0
492 339 0
492 339 0
491 339 0
491 339 0
490 340 0
489 340 0
489 340 0
488 341 0
487 341 0
487 341 0
486 341 0
485 341 7
485 341 7
484 341 7
483 341 6
483 341 6
482 341 6
481 341 13
481 341 13
481 340 13
480 340 16
479 340 16
479 340 16
478 340 19
477 340 19
477 340 19
476 339 36
475 339 36
475 339 36
474 339 32
473 339 28
473 339 28
472 339 28
472 338 28
471 338 26
471 338 26
470 338 26
469 338 26
469 338 26
468 337 30
467 337 30
467 337 30
466 337 26
465 337 26
464 337 16
464 336 27
463 336 10
463 336 10
462 336 10
461 336 0
461 335 0
461 335 0
460 335 0
459 335 0
459 335 0
458 334 12
458 333 12
457 333 0
457 333 0
456 333 0
456 332 8
455 331 20
454 331 0
453 331 0
453 330 0
453 329 4
453 329 4
453 329 4
453 328 4
452 328 0
452 327 0
452 327 0
451 326 0
451 325 0
451 325 0
451 325 0
451 323 0
450 323 0
450 322 0
450 321 0
449 321 0
449 320 0
449 319 0
449 318 0
449 317 0
449 317 0
449 316 0
449 315 0
449 315 0
449 314 6
449 313 6
449 312 8
448 311 8
448 311 8
448 310 2
448 309 2
448 309 2
448 308 5
448 307 7
448 307 7
448 306 7
448 305 15
448 304 15
448 303 10
448 303 10
448 302 8
448 301 8
448 301 8
448 300 20
448 299 20
448 299 20
448 298 21
448 297 21
448 297 21
448 295 13
448 295 13
448 294 13
448 293 11
448 293 11
448 292 11
448 291 11
448 291 11
448 290 5
448 289 5
449 289 5
449 288 0
449 287 0
449 287 0
449 286 0
449 285 0
449 285 0
450 285 0
450 284 0
451 283 0
451 283 0
452 282 0
453 282 0
453 281 0
453 281 0
454 281 0
455 281 0
455 281 0
456 281 0
457 281 0
457 280 0
458 280 0
459 280 0
459 280 0
460 280 8
461 280 8
461 280 8
462 280 17
463 280 17
463 280 17
464 280 24
465 280 27
465 280 27
466 280 27
467 280 27
467 279 6
468 279 6
469 279 12
469 279 12
469 278 0
470 278 1
471 278 1
471 277 1
471 277 1
471 277 1
472 277 8
473 276 19
473 275 19
473 275 19
473 274 24
474 273 35
475 273 45
475 272 37
475 271 30
475 271 30
475 270 30
475 269 23
476 269 23
476 268 23
476 267 20
476 267 20
476 266 27
476 265 27
476 265 27
476 264 34
476 263 34
476 263 34
476 262 35
476 261 29
476 261 29
476 260 29
476 259 31
476 259 31
475 259 31
475 258 31
475 257 26
475 257 26
475 256 26
475 255 35
475 255 35
475 254 41
474 254 32
474 253 32
473 253 13
473 252 22
473 251 22
473 251 22
472 249 32
471 249 15
471 248 15
471 247 22
470 247 22
469 247 15
468 246 0
467 246 0
467 246 0
466 245 16
465 245 16
465 245 16
465 245 16
463 244 0
463 244 0
462 244 0
461 244 0
461 244 0
460 244 0
459 244 0
459 244 0
458 245 0
458 245 0
Stop
New Slice
Start
468 248 0
468 247 0
467 247 0
467 246 0
466 245 16
465 245 16
465 245 16
465 245 16
464 245 8
463 245 0
463 244 0
463 244 0
462 243 36
461 243 26
461 243 26
460 243 26
460 243 26
459 243 17
459 243 17
458 243 17
457 243 22
457 243 22
456 243 33
455 243 33
455 244 22
455 244 22
454 244 33
453 245 33
453 245 33
452 246 25
451 247 49
451 247 49
450 248 28
450 249 28
450 249 28
449 250 33
449 251 20
449 251 20
448 253 10
448 253 10
448 254 10
448 255 0
447 255 15
447 256 6
447 257 6
447 257 6
446 258 3
446 259 3
446 259 3
446 260 0
445 261 15
445 261 15
445 262 14
445 263 4
445 264 4
445 265 0
445 266 0
444 266 9
444 267 4
444 267 4
444 268 2
443 268 2
443 269 2
443 269 2
443 270 0
443 271 0
443 271 0
443 272 0
443 273 0
443 273 0
443 274 0
443 275 0
443 275 0
443 276 0
443 277 0
443 277 0
442 278 0
441 279 4
441 279 4
441 280 4
441 281 4
441 281 4
441 282 4
441 283 4
441 283 4
441 284 13
441 285 18
441 286 18
441 287 12
441 287 12
441 288 12
441 289 1
441 289 1
441 290 1
441 291 7
441 291 7
441 292 4
441 293 4
441 293 4
441 294 0
441 295 0
441 295 0
441 296 0
441 297 0
441 297 0
441 298 0
441 299 0
441 299 0
441 300 0
441 301 0
441 302 0
441 303 0
441 303 0
441 305 0
441 305 0
441 306 0
441 307 0
441 307 0
441 308 8
441 309 3
441 309 3
441 310 3
441 311 0
441 311 0
441 312 0
441 313 0
441 313 0
441 314 0
441 315 4
441 315 4
441 316 14
442 317 14
442 317 14
442 318 12
442 319 12
443 319 3
443 320 14
443 321 16
443 321 16
443 322 16
443 323 20
444 323 20
444 324 20
444 325 13
444 325 13
445 327 6
445 327 6
445 329 17
446 329 1
446 329 1
446 330 12
446 331 12
447 331 12
447 331 12
447 332 17
448 333 2
448 333 2
449 333 2
449 334 2
449 335 21
450 335 0
451 336 0
451 337 20
451 337 20
452 337 3
452 338 32
453 338 17
453 339 17
454 339 17
455 339 0
455 340 23
455 340 23
456 340 23
457 340 12
457 340 12
458 341 0
459 341 0
459 341 0
460 341 0
461 341 0
461 341 0
462 341 0
463 342 5
464 343 0
465 343 0
465 343 0
467 343 0
467 343 0
468 344 13
469 344 9
469 344 9
470 344 6
471 345 37
471 345 37
472 345 31
473 345 31
473 345 31
474 345 26
475 345 24
475 345 24
476 345 24
477 345 25
477 345 25
478 345 25
479 345 27
480 345 27
481 345 28
481 345 28
482 345 22
483 345 22
483 345 22
484 345 28
485 345 28
485 345 28
486 345 35
487 345 37
487 345 37
488 345 37
489 345 36
489 345 36
490 345 36
491 345 39
491 345 39
492 345 39
493 345 47
493 345 47
494 345 54
495 344 34
495 343 2
495 343 2
496 343 21
497 343 21
497 342 21
497 341 4
498 341 20
499 341 39
499 340 39
499 340 39
499 339 26
500 339 26
500 338 26
501 338 48
501 337 25
501 337 25
502 337 25
502 336 8
502 335 8
503 334 22
503 333 22
503 333 22
503 332 8
504 331 0
504 331 0
504 330 0
504 329 0
504 329 0
504 328 0
504 327 0
504 327 0
505 326 16
505 325 4
505 325 4
505 324 6
505 323 6
505 323 6
505 322 1
506 321 25
506 321 25
506 320 33
506 319 36
507 319 36
507 318 36
507 317 36
507 317 36
507 316 36
507 315 33
507 315 33
507 314 36
507 313 36
507 313 36
507 312 32
507 311 32
507 311 32
507 310 30
507 309 30
507 309 30
507 308 33
507 307 42
507 306 42
507 305 46
507 305 46
507 304 46
506 303 42
506 303 42
505 303 19
505 302 27
505 301 27
505 300 37
504 300 21
504 299 21
504 299 21
503 298 21
503 297 21
503 297 21
503 297 21
503 296 33
503 295 38
502 294 29
502 293 27
502 293 27
502 292 27
502 291 27
501 291 27
501 290 38
501 289 38
501 289 38
501 288 37
501 287 37
501 287 37
501 286 38
501 285 38
501 285 38
501 284 44
500 284 16
500 283 21
500 283 21
500 282 21
500 281 21
500 281 21
500 280 21
500 279 24
500 279 24
500 278 27
500 277 27
500 277 27
500 276 24
500 275 24
500 275 24
500 274 28
500 273 28
500 273 28
500 272 32
500 271 40
500 271 40
500 270 40
500 269 40
500 269 40
499 268 40
499 267 31
499 267 31
499 266 21
499 265 21
499 264 20
499 263 20
499 262 27
499 261 33
499 261 33
499 260 33
499 259 32
499 259 32
498 258 11
498 257 16
498 257 16
498 256 16
498 255 26
498 255 26
498 254 28
498 253 28
498 252 30
498 251 30
498 251 30
498 250 24
498 249 29
497 249 3
497 249 3
497 248 3
497 247 5
497 247 5
497 246 5
497 245 3
497 245 3
497 244 3
497 243 23
496 243 23
496 242 28
496 241 28
496 241 28
495 240 12
495 239 12
495 239 12
495 239 12
495 238 9
495 237 12
495 237 12
495 236 12
494 235 25
494 234 25
493 234 13
493 233 23
493 233 23
493 232 23
493 231 24
493 231 24
493 230 24
493 229 24
493 229 24
492 229 15
492 228 16
492 227 16
492 227 16
492 226 14
492 225 22
492 225 22
491 225 22
491 224 22
491 224 22
491 223 22
491 223 22
491 222 22
491 221 20
490 221 10
490 220 10
490 219 23
490 219 23
489 217 17
489 217 17
489 216 26
489 216 26
489 215 26
489 215 26
489 214 23
489 213 26
489 213 26
489 212 26
489 211 26
489 211 26
489 210 26
489 209 34
489 209 34
489 209 34
489 207 26
489 207 26
490 206 23
490 205 23
490 205 23
490 204 10
490 203 10
491 203 20
491 203 20
491 203 20
491 202 22
491 201 11
492 201 11
492 200 11
493 199 11
493 199 11
493 198 11
493 197 0
493 197 0
494 197 24
494 196 23
494 195 23
494 195 23
495 195 23
495 194 0
495 193 0
495 193 0
496 191 0
496 191 0
496 189 0
496 189 0
497 188 0
497 187 0
497 187 0
497 187 0
497 186 0
497 185 0
497 185 0
497 184 0
498 184 0
498 183 0
498 183 0
498 182 0
498 181 0
499 181 0
499 181 0
499 180 0
499 179 0
499 179 0
500 178 0
500 177 0
500 177 0
500 176 0
500 175 0
501 175 16
501 175 16
501 175 16
501 174 16
501 173 24
501 173 24
501 173 24
Stop
Start
501 173 24
501 173 24
501 172 30
501 171 30
501 171 30
501 170 27
501 169 27
501 169 27
501 168 32
501 167 28
501 167 28
501 166 28
501 165 20
501 165 20
501 164 20
501 163 16
501 163 16
501 162 16
501 161 21
501 161 21
501 160 29
501 159 29
501 159 29
501 158 27
501 157 27
501 157 27
501 156 27
501 155 34
501 155 34
501 155 34
501 154 34
499 153 23
499 153 23
499 153 23
498 153 10
497 152 8
497 152 8
496 152 8
496 153 8
495 153 20
495 153 20
495 154 0
495 155 0
495 155 0
494 155 0
494 156 0
494 157 0
494 157 0
494 158 0
494 159 0
494 159 0
494 160 0
494 161 0
494 161 0
494 162 0
494 163 0
494 163 0
494 164 0
494 165 0
494 165 0
494 166 0
494 167 0
494 168 0
494 169 0
494 169 0
494 170 0
494 171 0
494 171 0
494 172 0
494 173 0
494 173 0
494 174 0
494 175 0
494 175 0
494 176 0
494 177 0
494 177 0
494 178 0
494 179 0
494 179 0
494 180 0
494 181 0
494 181 0
493 182 0
493 183 0
493 183 0
493 184 0
492 185 19
492 185 19
492 186 0
491 186 0
491 187 0
491 187 0
490 188 23
490 189 23
490 189 23
490 190 18
489 191 4
489 191 4
489 192 4
488 193 14
487 195 0
487 195 0
486 195 17
485 196 30
485 196 30
484 196 30
483 196 31
483 196 31
482 196 31
481 196 21
481 196 21
479 196 2
479 195 2
479 195 2
478 195 0
477 195 0
477 194 11
476 193 0
475 193 0
475 193 0
475 192 6
475 192 6
475 191 6
475 191 6
475 190 15
475 189 19
475 189 19
474 189 3
474 188 3
474 187 10
474 187 10
474 186 10
474 185 19
474 185 19
474 184 14
473 183 8
473 183 8
473 182 12
473 181 12
474 181 11
475 180 18
475 179 18
476 179 18
477 178 13
477 177 5
478 177 5
479 176 22
479 175 16
480 175 16
481 174 29
481 173 30
481 173 30
481 172 28
481 171 28
482 171 34
482 170 33
482 169 33
482 169 33
483 168 23
483 167 9
483 167 9
483 166 9
483 165 13
483 165 13
483 164 13
483 163 8
483 163 8
483 162 8
483 161 0
483 161 0
483 160 2
483 159 2
483 159 2
484 159 16
484 158 8
484 157 8
484 157 8
485 157 8
485 156 0
484 156 0
483 156 0
482 156 0
481 156 0
481 156 0
480 157 19
479 157 19
479 158 19
479 159 11
479 159 11
479 160 11
479 161 0
478 161 29
478 161 29
478 162 20
478 163 20
477 163 20
477 164 5
477 165 5
476 166 22
476 167 22
475 167 22
475 167 22
475 168 15
475 169 0
474 170 2
474 171 0
474 171 0
473 172 20
473 173 15
473 173 15
473 174 3
473 174 3
473 175 3
473 175 3
472 175 3
472 176 12
472 177 12
472 177 12
472 178 16
472 179 18
472 179 18
471 179 27
471 180 27
471 181 26
471 181 26
471 182 26
471 183 23
471 183 23
471 184 23
471 185 26
471 185 26
471 186 21
471 187 21
471 188 17
471 189 17
471 189 17
471 190 16
471 191 8
471 191 8
471 192 8
471 193 14
472 193 0
472 194 0
473 195 0
473 196 0
473 196 0
473 197 0
473 197 0
474 198 0
474 199 0
475 199 0
475 200 0
475 201 0
475 201 0
475 202 0
475 203 0
475 203 0
475 204 0
475 205 0
476 205 0
476 205 0
477 207 0
477 207 0
477 208 0
477 209 0
477 209 0
477 210 6
478 210 6
479 211 0
479 212 0
479 213 0
479 213 0
480 214 1
481 215 0
481 215 0
481 216 0
481 217 13
481 217 13
482 218 0
482 219 0
483 219 0
483 220 0
483 221 0
483 221 0
484 222 0
485 223 0
485 223 0
485 223 0
485 224 4
485 225 4
485 225 4
486 225 0
487 227 0
487 227 0
487 228 0
487 229 0
487 229 0
487 229 0
487 230 0
487 231 10
487 231 10
487 232 5
487 233 5
487 233 5
488 234 6
488 235 6
488 235 6
489 235 0
489 236 0
489 237 0
489 237 0
489 238 0
489 239 0
489 239 0
489 241 0
490 241 0
490 242 0
490 243 0
490 243 0
490 244 13
490 245 13
490 245 13
490 246 26
490 247 26
490 247 26
490 248 45
490 249 45
490 249 45
490 250 29
490 251 31
490 251 31
490 252 31
490 253 26
490 255 25
490 255 25
490 257 34
490 257 34
490 259 40
491 259 24
491 260 13
491 261 13
491 261 13
491 262 7
491 263 9
491 264 9
491 265 15
491 265 15
491 266 15
491 267 8
492 267 8
492 267 8
492 268 6
492 269 6
492 269 6
492 270 6
493 271 0
493 271 0
493 272 0
493 273 0
493 273 0
493 274 0
493 275 0
493 275 0
493 277 0
493 277 0
493 277 0
493 278 0
493 279 0
493 279 0
494 281 0
494 281 0
494 282 0
494 283 0
494 283 0
494 285 0
494 285 0
495 285 0
495 286 0
495 287 6
495 287 6
495 288 6
495 289 14
495 289 14
495 290 14
495 290 14
495 291 15
495 291 15
495 292 30
496 293 0
496 293 0
496 294 5
496 295 5
496 297 19
497 297 19
497 297 19
497 299 31
497 299 31
497 300 31
497 301 27
497 301 27
498 302 14
498 303 15
498 303 15
498 304 20
498 305 20
498 305 20
498 306 23
498 307 23
499 307 0
499 308 2
499 309 4
499 309 4
499 310 4
499 311 10
499 311 10
499 312 10
499 313 4
499 313 4
499 314 4
499 315 7
499 315 7
499 316 8
499 317 8
499 317 8
499 318 3
499 319 3
499 319 3
499 320 0
499 321 14
499 321 14
499 322 14
499 323 8
499 323 8
499 324 8
499 325 0
498 325 17
498 325 17
498 326 3
498 327 3
498 327 3
497 327 22
497 328 25
497 329 25
497 329 25
497 330 20
497 331 20
497 332 8
496 333 0
496 333 0
495 334 14
495 335 0
495 335 0
495 336 0
495 337 0
495 338 0
495 339 0
495 339 0
494 339 0
493 340 0
493 341 0
492 341 0
491 341 0
491 341 0
490 341 0
489 341 0
489 341 0
488 341 0
487 341 0
487 341 0
486 341 0
485 341 7
485 341 7
484 341 7
483 341 6
482 341 6
481 341 13
481 341 13
480 341 16
479 341 16
479 341 16
478 341 19
477 341 19
477 341 19
476 341 16
475 341 16
475 341 16
474 340 7
473 340 0
473 340 0
472 340 0
471 339 26
471 339 26
470 339 26
469 339 26
469 339 26
468 339 8
467 339 8
467 339 8
466 339 0
465 338 0
465 338 0
464 338 0
463 338 0
463 337 0
462 337 0
461 337 0
461 337 0
461 337 0
460 336 0
459 336 0
459 335 0
459 335 0
459 335 0
458 334 12
457 334 0
457 333 0
456 333 0
455 332 8
455 331 20
455 331 20
454 330 0
453 330 0
453 329 4
453 329 4
453 328 4
453 327 24
453 327 24
453 326 24
453 325 38
452 325 17
452 324 31
452 323 31
451 322 0
451 321 0
451 321 0
451 320 6
451 319 4
451 319 4
451 318 4
451 317 15
451 317 15
451 316 15
451 315 20
450 315 20
450 315 20
449 314 6
449 313 6
449 313 6
449 312 8
449 311 8
449 311 8
449 310 2
449 309 2
449 309 2
449 308 5
449 307 7
449 307 7
449 306 7
449 305 15
449 304 15
449 303 10
449 303 10
448 302 8
448 301 8
448 301 8
447 299 0
447 299 0
447 298 0
447 297 0
447 297 0
447 296 0
447 295 0
447 295 0
447 294 0
447 293 0
447 293 0
447 292 0
447 291 0
447 291 0
448 290 5
448 289 5
448 289 5
449 288 0
449 287 0
449 287 0
450 286 0
451 285 0
451 285 0
452 284 0
453 284 10
453 283 0
454 283 0
455 283 2
455 282 2
456 281 0
457 281 0
457 281 0
457 281 0
458 281 0
459 281 0
459 281 0
459 280 0
460 280 8
461 280 8
461 279 0
462 279 0
463 279 0
463 279 0
464 279 0
465 279 0
465 279 0
466 279 0
467 279 6
467 279 6
467 278 0
468 277 0
469 277 0
469 277 0
469 277 0
469 276 0
470 276 7
471 275 7
471 275 7
471 275 7
471 274 11
471 273 11
471 273 11
472 273 24
472 272 13
472 271 8
472 271 8
472 270 8
472 269 15
472 269 15
472 268 15
472 267 5
472 267 5
472 266 4
472 265 4
472 264 0
471 263 0
471 263 0
471 262 0
471 261 0
471 261 0
471 260 0
471 259 4
471 259 4
471 258 4
470 258 4
470 257 0
470 257 0
470 256 0
469 255 0
469 254 0
469 253 0
469 253 0
469 252 0
469 251 0
469 251 0
468 251 0
468 250 0
468 249 0
468 249 0
467 248 0
467 248 0
467 247 0
467 246 0
467 246 0
Stop
