New Slice
Start
590 237 35
589 236 23
589 235 30
588 235 30
587 235 16
587 234 44
586 234 33
585 234 33
585 233 33
584 233 24
583 233 24
583 233 24
582 233 17
581 233 11
581 233 11
580 233 11
579 232 39
579 232 39
578 232 39
577 232 34
577 232 34
576 232 34
575 232 36
575 232 36
574 232 30
573 232 30
573 232 30
572 232 14
571 232 14
570 232 3
569 232 0
569 232 0
568 232 0
567 232 0
566 232 0
565 232 0
565 232 0
564 232 0
563 232 0
563 232 0
562 232 7
561 232 7
561 232 7
560 232 16
560 233 7
559 233 7
559 233 7
558 234 16
557 235 32
557 235 32
556 235 32
556 236 20
555 237 34
555 237 34
555 237 34
555 238 20
554 239 20
553 239 30
553 239 30
553 239 30
553 240 19
552 240 19
551 241 29
551 241 29
551 241 29
551 242 18
550 242 31
550 243 12
549 243 12
549 243 12
548 243 25
547 244 25
547 244 25
546 244 35
545 244 39
545 244 39
544 244 39
543 244 42
543 245 19
541 245 26
541 245 26
541 246 26
540 246 26
539 247 18
539 247 18
539 248 11
539 249 11
539 249 11
539 250 6
539 251 6
539 251 6
539 252 8
540 253 0
541 253 0
541 254 9
542 255 10
543 255 10
543 255 10
543 256 10
543 256 10
543 257 19
543 257 19
544 257 5
544 258 5
545 259 18
545 259 18
545 260 15
545 261 15
545 261 15
545 261 15
545 262 17
545 263 17
545 263 17
545 264 21
545 265 21
545 265 21
545 266 21
545 267 20
545 267 20
545 268 20
545 269 23
545 270 23
545 271 23
545 271 23
545 272 26
545 273 26
545 273 26
545 274 29
545 275 29
545 275 29
545 276 24
545 277 24
545 278 19
545 279 10
545 279 10
544 280 10
544 281 3
544 281 3
543 281 19
543 282 19
543 283 13
543 283 13
542 285 4
542 285 4
541 287 6
541 287 6
541 288 0
540 288 0
540 289 0
540 290 0
539 290 3
539 291 0
539 291 0
539 292 0
539 293 0
539 293 0
538 294 11
538 295 11
537 295 11
537 296 9
537 297 9
537 297 9
537 298 10
537 299 10
537 299 10
537 300 11
537 301 11
537 301 11
537 303 10
537 303 10
537 305 12
537 305 12
537 306 12
537 307 7
537 307 7
537 308 14
537 309 14
537 309 14
537 310 18
537 311 18
537 311 18
537 313 18
537 313 18
537 314 20
537 315 15
537 315 15
537 316 15
537 317 24
537 317 24
537 319 32
537 319 32
537 320 28
537 321 28
537 321 28
537 323 22
537 323 22
537 325 24
537 325 24
537 326 18
537 327 18
538 327 18
538 328 18
538 329 19
538 329 19
538 330 19
538 331 22
539 331 4
539 332 11
539 333 11
539 333 11
539 334 21
539 335 21
540 335 3
540 336 14
541 337 14
541 337 14
541 339 49
542 339 31
542 339 31
543 339 31
543 340 31
543 341 59
544 341 40
544 341 40
545 341 40
545 342 40
546 342 29
547 342 24
547 343 45
547 343 45
548 343 45
549 343 43
549 343 43
550 343 43
551 343 38
551 343 38
552 343 34
553 343 34
553 343 34
554 343 28
555 343 28
555 343 28
556 343 23
557 343 23
557 343 23
558 343 17
559 343 9
559 343 9
560 343 9
561 343 0
561 343 0
562 343 0
563 343 0
563 343 0
563 343 0
564 343 0
565 343 0
565 343 0
566 343 0
567 343 0
567 343 0
568 343 1
568 344 19
569 344 19
569 344 19
570 345 18
571 345 17
571 345 17
572 345 17
573 345 14
573 345 14
574 345 14
575 345 10
575 346 31
575 346 31
576 346 27
577 346 27
577 346 27
578 346 27
579 346 27
579 346 27
580 346 25
581 346 25
581 346 25
582 346 27
583 346 32
583 346 32
584 346 32
585 345 5
585 345 5
586 345 5
587 345 5
587 345 5
588 345 9
589 344 9
589 344 9
590 344 15
591 344 15
591 343 8
591 343 8
592 343 18
593 343 18
594 342 24
595 342 33
595 341 33
596 341 33
596 341 33
597 341 42
597 340 45
598 340 45
599 340 55
598 340 45
597 340 45
597 340 45
596 340 34
595 340 34
595 340 34
594 340 30
593 340 31
593 340 31
592 340 31
591 340 39
590 340 39
589 340 50
589 340 50
588 340 50
587 340 54
587 340 54
586 340 45
585 340 45
584 340 38
583 340 38
582 340 39
581 340 40
581 340 40
580 340 40
579 340 39
579 340 39
578 340 39
577 340 34
577 340 34
576 340 34
575 340 31
574 340 29
573 340 29
573 340 29
572 340 28
571 340 28
571 340 28
570 340 27
569 340 21
569 340 21
567 340 11
567 340 11
566 340 11
565 340 4
565 339 4
565 339 4
564 339 4
563 339 0
563 338 28
562 338 17
562 337 42
561 337 42
560 337 30
560 336 30
559 336 30
559 336 30
559 335 46
557 335 19
557 334 19
556 333 30
556 333 30
555 333 20
555 332 20
554 331 31
553 331 16
553 330 25
553 329 25
553 329 25
553 328 23
552 327 23
552 327 23
552 326 33
551 325 22
551 325 22
551 324 22
551 323 28
551 322 28
551 321 30
551 321 30
551 320 30
551 319 35
551 319 35
551 318 38
551 317 38
551 317 38
551 316 36
551 315 36
551 315 36
551 314 30
551 313 24
551 313 24
551 312 24
551 311 16
551 311 16
551 310 16
551 309 16
551 309 16
551 308 16
552 308 30
552 307 35
553 306 26
553 305 26
553 304 16
553 303 16
554 303 29
555 302 28
555 301 22
555 301 22
556 301 30
556 300 30
557 299 27
557 299 27
558 299 34
559 299 38
559 298 38
560 297 26
561 297 32
561 297 32
561 297 32
562 297 32
563 296 44
563 296 44
563 295 30
564 295 44
565 295 44
566 295 50
567 295 50
567 295 50
568 294 47
569 294 47
569 293 47
570 293 43
571 293 44
571 293 44
572 293 44
573 293 48
573 293 48
574 293 48
575 293 51
575 293 51
575 292 45
576 292 51
577 292 51
577 292 51
578 291 52
579 291 52
579 291 52
580 291 51
581 291 51
581 291 51
582 291 48
583 291 46
584 290 36
585 290 36
585 290 36
586 289 15
587 289 23
587 289 23
588 289 31
589 288 31
589 288 31
591 287 14
592 287 13
592 286 13
593 286 13
593 285 5
594 285 2
595 285 14
595 284 14
595 283 7
595 283 7
596 283 7
596 282 6
597 281 21
597 281 21
597 279 12
597 279 12
598 278 11
598 277 10
598 277 10
598 276 10
598 275 13
598 274 13
598 273 21
598 273 21
598 272 21
598 271 24
598 270 23
598 269 23
598 269 23
598 268 27
598 267 27
597 267 27
597 266 29
597 265 38
597 265 38
597 264 38
597 263 44
596 263 25
596 261 34
596 261 34
595 260 34
595 259 43
595 259 43
594 258 41
594 257 41
593 257 35
593 256 40
593 257 35
593 258 35
593 259 27
593 259 27
593 260 26
593 261 26
593 261 26
593 262 18
593 263 18
593 263 18
593 264 16
593 265 16
593 265 16
593 266 22
593 267 22
593 267 22
593 268 22
593 269 11
592 270 11
591 271 17
591 271 17
590 271 17
590 272 15
589 272 30
589 273 30
588 273 30
587 273 40
587 273 40
587 274 19
586 274 16
585 274 16
585 274 16
584 274 17
584 275 17
583 275 17
583 275 17
582 275 25
581 275 35
581 275 35
580 275 35
579 275 42
579 275 42
578 275 42
577 275 44
576 275 44
575 275 36
575 274 36
574 273 31
573 273 31
572 273 23
572 272 23
571 272 23
571 272 23
570 271 31
569 271 20
569 271 20
569 270 35
568 270 35
567 270 23
567 269 23
567 269 23
567 269 23
566 268 29
565 267 18
565 267 18
565 267 18
564 267 18
564 266 20
563 265 16
563 265 16
563 265 16
562 263 10
562 262 10
561 261 12
561 261 12
561 260 12
561 259 12
561 259 12
561 258 13
561 257 13
560 257 4
560 257 4
560 255 0
560 255 0
560 254 0
560 253 3
560 253 3
560 252 3
560 251 0
561 251 10
561 251 10
561 250 10
562 250 10
562 249 3
563 249 12
563 248 12
564 248 27
565 247 19
565 247 19
566 247 28
567 247 28
567 246 15
568 246 23
568 245 23
569 245 23
569 245 23
570 244 19
571 244 27
572 244 27
572 243 27
573 243 35
573 243 35
574 243 35
575 243 43
575 242 19
575 242 19
576 242 21
577 242 21
577 242 21
578 241 2
579 241 2
579 241 2
580 241 0
581 241 0
581 241 0
582 241 0
583 241 0
583 241 0
583 240 0
584 240 0
585 240 3
585 240 3
586 240 3
587 240 19
587 240 19
587 239 5
588 239 19
589 239 19
589 239 19
590 239 30
590 238 30
591 237 35
591 237 35
591 235 40
591 235 40
Stop
New Slice
Start
590 345 15
589 345 9
588 345 9
587 345 5
587 344 5
586 344 5
585 344 5
585 344 5
584 344 3
583 344 3
582 344 0
581 344 1
581 344 1
581 343 0
580 343 0
579 343 2
579 343 2
577 343 2
577 343 2
576 343 2
575 343 0
575 343 0
574 343 0
573 343 0
573 343 0
571 343 0
571 343 0
570 343 0
569 343 1
568 343 1
567 343 0
567 343 0
566 343 0
565 343 0
565 343 0
564 343 0
563 343 0
563 343 0
562 343 0
561 342 0
560 342 0
559 342 0
558 342 0
557 342 0
556 341 0
555 341 1
555 341 1
554 341 1
553 341 9
553 341 9
552 340 0
551 340 0
551 340 0
549 339 0
549 339 0
549 339 0
548 339 1
547 339 1
547 338 0
546 338 0
545 338 0
545 337 0
545 337 0
545 337 0
544 337 0
543 336 0
543 335 0
543 335 0
542 335 0
542 334 0
541 333 0
541 333 0
541 333 0
541 332 0
541 331 0
540 330 0
540 329 0
540 329 0
540 328 0
540 327 0
539 327 1
539 326 1
539 325 7
539 325 7
539 324 7
539 323 7
539 322 7
539 321 10
539 321 10
539 320 10
539 319 15
539 319 15
539 318 8
539 317 8
539 317 8
539 316 3
539 315 3
539 315 3
539 314 5
539 313 2
539 313 2
539 312 2
539 311 2
539 311 2
539 310 2
539 309 2
539 309 2
539 307 0
539 307 0
539 306 0
539 305 0
539 305 0
539 304 3
539 303 3
539 303 3
539 302 0
539 301 0
539 300 0
539 299 0
539 299 0
539 298 0
539 297 0
539 297 0
539 296 0
539 295 0
539 294 0
539 293 0
539 293 0
539 292 0
539 291 0
539 290 3
539 289 9
539 289 9
539 288 9
539 287 17
540 287 6
540 287 6
540 286 6
540 285 15
540 285 15
540 284 15
540 283 28
541 283 28
541 282 35
542 281 19
543 280 25
543 279 25
543 279 25
543 278 30
543 277 33
544 277 24
544 276 24
544 275 29
545 275 29
545 274 29
545 273 26
545 273 26
545 272 26
545 271 23
545 271 23
545 270 23
545 269 23
545 269 23
546 268 2
546 267 2
546 267 2
546 266 7
546 265 11
546 265 11
546 264 11
546 263 9
546 263 9
546 262 9
546 261 4
546 261 4
546 260 4
546 259 4
545 259 18
545 258 5
545 258 5
544 257 5
543 257 19
543 256 10
543 256 10
542 255 10
542 255 10
541 255 25
541 254 9
541 253 0
541 253 0
541 252 0
541 251 0
541 251 0
541 251 0
541 250 0
541 249 0
541 249 0
541 248 0
541 247 6
541 247 6
541 246 26
541 245 26
541 245 26
541 244 43
542 244 42
543 244 42
543 243 42
545 243 39
545 243 39
547 242 38
547 242 38
547 241 50
548 241 50
549 241 41
549 241 41
550 240 41
551 240 29
551 239 34
552 239 30
553 239 30
553 238 30
555 238 20
555 237 34
555 237 34
556 237 20
557 236 20
557 236 20
557 235 32
558 235 13
559 235 3
559 235 3
559 234 7
560 234 7
560 233 7
561 233 4
561 233 4
562 233 4
563 233 4
564 233 5
565 232 0
565 232 0
566 232 0
567 232 0
567 232 0
567 231 0
568 231 0
569 231 0
569 231 0
570 231 3
571 231 14
571 231 14
572 231 14
573 231 30
573 231 30
574 231 30
575 231 36
575 231 36
576 231 34
577 231 34
577 231 34
578 231 39
579 231 39
580 231 37
581 231 37
582 232 35
583 232 36
583 232 36
584 232 36
585 233 33
585 233 33
586 233 33
587 233 44
587 233 44
588 234 50
589 234 50
590 235 40
591 235 40
591 236 35
591 236 35
592 237 44
592 237 44
592 238 40
591 239 30
591 239 30
590 239 30
589 239 19
589 239 19
588 239 19
587 239 5
586 239 0
585 239 0
585 239 0
584 238 0
583 238 0
583 238 0
582 238 0
581 238 0
580 238 0
579 238 0
579 238 0
578 238 0
577 238 6
577 238 6
575 239 5
575 239 5
574 239 1
573 239 1
573 239 1
573 240 5
571 240 1
570 241 0
570 241 0
569 241 0
569 241 0
568 242 1
567 242 0
567 243 2
566 243 2
565 243 0
565 244 0
565 244 0
565 245 3
564 245 3
563 246 0
563 247 4
563 248 12
563 249 12
563 249 12
563 250 19
563 251 19
563 251 19
563 252 14
563 253 14
563 254 22
563 255 23
563 255 23
563 256 23
563 257 24
563 257 24
563 258 24
563 259 22
563 259 22
563 260 21
563 261 21
563 261 21
563 262 20
563 263 20
564 264 34
565 265 34
565 265 34
565 266 20
565 267 18
566 267 29
567 269 23
567 269 23
567 270 23
568 270 35
568 271 20
569 271 20
569 272 8
569 273 8
570 273 15
571 274 7
571 275 7
572 275 7
573 276 7
573 276 7
574 276 7
575 277 14
575 277 14
576 277 17
577 277 17
577 277 17
578 277 10
579 277 10
579 277 10
580 277 7
581 277 7
581 277 7
582 277 2
583 277 0
584 276 0
585 275 16
586 275 16
587 275 19
587 274 19
587 274 19
589 273 30
589 273 30
590 272 15
590 271 17
590 270 30
591 269 30
591 268 35
591 267 35
591 267 35
591 266 38
591 265 30
592 265 16
592 265 16
592 264 16
592 263 18
592 263 18
592 262 18
592 261 26
592 261 26
592 260 26
592 259 27
592 259 27
592 258 35
592 257 35
592 257 35
593 257 35
594 257 41
594 257 41
594 258 41
595 258 47
595 259 43
595 259 43
595 260 34
595 261 34
595 261 34
595 262 25
596 263 25
596 263 25
596 264 18
596 265 18
597 265 38
597 266 29
597 267 27
597 267 27
597 269 23
597 269 23
597 270 23
597 271 24
598 271 24
598 271 24
598 272 21
598 273 21
598 274 13
598 275 13
598 275 13
598 276 10
598 277 10
598 277 10
598 278 11
598 279 12
598 280 12
598 281 21
598 281 21
597 282 21
597 283 28
597 283 28
596 283 7
595 284 14
595 284 14
594 284 2
593 285 5
593 285 5
592 285 5
591 285 14
591 285 14
590 285 14
589 285 10
589 285 10
589 285 10
588 285 10
587 285 3
586 285 0
585 285 0
585 285 0
584 285 0
583 285 0
583 285 0
582 285 0
581 285 3
580 285 3
579 286 12
579 286 12
578 286 12
577 286 17
576 287 17
575 287 14
574 287 7
573 287 7
573 288 8
572 288 6
571 288 6
570 289 7
569 289 6
568 289 6
567 290 16
566 291 34
565 291 28
565 291 28
564 291 28
563 291 13
563 291 13
561 292 5
561 293 14
559 293 9
559 293 9
558 294 3
557 295 0
556 295 0
556 295 0
555 295 0
555 296 7
554 297 7
553 297 2
553 297 2
553 298 6
552 299 6
551 300 0
551 301 0
550 302 0
549 303 1
549 303 1
549 304 1
549 305 6
549 306 6
549 307 10
549 309 5
548 309 0
548 309 0
548 310 0
548 311 0
548 312 0
548 313 0
548 313 0
548 314 0
548 315 3
548 315 3
548 316 3
548 317 1
548 317 1
548 318 1
548 319 8
548 319 8
548 320 5
548 321 5
549 321 13
549 321 13
549 322 14
549 323 14
549 323 14
549 325 4
550 325 4
550 325 4
550 326 0
551 327 10
551 328 10
551 329 13
552 329 25
552 329 25
553 330 25
553 331 16
554 331 31
554 332 20
555 333 20
555 333 20
555 334 7
556 334 19
557 335 19
557 335 19
558 335 36
559 335 46
559 336 30
559 337 30
560 337 30
561 337 42
561 337 42
561 337 42
562 337 42
563 337 51
563 337 51
563 338 28
564 338 37
565 339 4
566 339 11
567 339 11
568 339 21
569 339 21
569 339 21
570 339 27
571 339 28
571 339 28
572 339 28
573 339 29
573 339 29
574 339 29
575 339 31
575 340 31
575 340 31
576 340 34
577 340 34
578 341 18
579 341 18
579 341 18
580 341 17
581 341 17
581 342 17
582 342 15
583 342 15
583 342 15
584 343 0
585 343 0
585 343 0
586 343 0
586 343 0
587 344 5
587 344 5
588 344 9
589 344 9
589 344 9
590 345 15
591 345 15
591 345 15
592 345 28
592 345 28
593 345 28
593 346 46
593 346 46
Stop
New Slice
Start
589 239 19
589 238 19
589 238 19
589 237 23
588 237 23
587 237 8
587 237 8
586 236 0
585 235 5
585 235 5
583 235 0
583 234 24
583 234 24
582 234 17
581 233 11
581 233 11
580 233 11
579 233 7
579 232 39
577 232 34
577 232 34
576 232 34
575 231 36
575 231 36
574 231 30
573 231 30
573 231 30
572 231 14
571 231 14
570 231 3
569 231 0
569 231 0
568 231 0
567 231 0
567 231 0
566 231 0
565 231 0
565 231 0
564 231 0
564 232 0
563 232 0
563 233 4
562 233 4
562 233 4
561 233 4
561 233 4
561 234 4
560 235 3
560 235 3
559 235 3
559 236 1
559 237 1
558 237 6
558 237 6
557 238 7
557 239 7
556 239 7
555 241 4
555 241 4
555 241 4
554 241 4
554 242 0
553 242 6
553 243 0
552 243 0
552 243 0
551 243 4
551 243 4
550 243 12
549 243 12
549 243 12
548 243 25
547 243 25
547 243 25
546 243 35
545 243 39
545 243 39
544 244 39
543 244 42
543 244 42
543 245 19
542 245 19
541 245 26
541 245 26
540 246 26
539 247 18
539 247 18
539 248 11
539 249 11
539 249 11
539 250 6
539 251 6
539 251 6
539 252 8
539 253 8
539 254 22
539 254 22
540 255 25
540 255 25
541 255 25
541 256 25
541 257 32
541 257 32
542 257 19
542 258 19
543 259 32
543 259 32
543 260 30
543 260 30
543 261 30
544 261 15
545 262 17
545 263 17
545 263 17
545 264 21
545 265 21
545 265 21
545 266 21
545 267 20
546 267 2
546 267 2
547 268 0
547 269 0
547 269 0
547 270 0
547 271 0
547 271 0
547 272 0
547 273 0
547 274 2
547 275 2
547 275 2
547 276 5
547 277 5
547 277 5
547 278 1
547 279 0
547 280 0
547 281 0
546 281 0
546 282 0
545 283 2
545 283 2
545 284 0
545 284 0
545 285 0
544 285 0
544 285 0
543 287 0
543 287 0
542 287 0
542 288 0
541 289 0
541 289 0
541 290 0
540 290 0
540 291 0
539 291 0
539 292 0
539 293 0
538 293 11
538 293 11
538 294 11
537 295 11
537 295 11
537 297 9
537 297 9
537 298 10
537 299 10
537 299 10
537 300 11
537 301 11
537 301 11
537 302 13
537 303 10
537 303 10
537 304 10
537 305 12
537 305 12
537 306 12
537 307 7
537 307 7
537 309 14
537 310 18
537 311 18
537 312 18
537 313 18
537 313 18
537 315 15
537 315 15
537 316 15
537 317 24
537 317 24
537 318 24
537 318 24
537 319 32
537 319 32
537 320 28
537 321 28
537 321 28
538 323 22
538 323 22
538 324 24
539 325 7
539 325 7
539 326 1
539 327 1
539 327 1
540 328 0
540 329 0
540 329 0
540 330 0
540 331 0
541 331 0
541 332 0
541 333 0
541 333 0
542 334 0
542 335 0
542 335 0
543 335 0
543 336 0
543 337 0
543 337 0
544 338 0
544 339 16
545 339 16
545 339 16
545 339 16
545 340 16
546 341 29
547 341 24
547 341 24
547 341 24
548 341 24
549 342 19
549 343 43
550 343 43
551 343 38
551 343 38
552 343 34
553 343 34
554 343 28
555 343 28
555 343 28
556 343 23
557 343 23
557 344 44
557 344 44
558 344 41
559 344 36
559 344 36
560 344 36
561 344 29
561 344 29
562 344 29
563 344 24
563 344 24
564 345 19
565 345 19
565 345 19
566 345 19
567 345 19
567 345 19
568 345 19
569 346 41
569 346 41
571 346 40
571 347 40
572 347 40
573 347 37
573 347 37
574 347 37
575 347 31
575 347 31
576 347 27
577 347 27
577 347 27
578 347 27
579 347 27
579 347 27
581 347 25
581 347 25
582 347 27
583 347 32
583 347 32
584 346 32
585 346 34
585 346 34
587 346 32
587 346 32
588 346 32
589 345 9
589 345 9
590 345 15
591 345 15
591 345 15
592 344 28
593 344 28
593 344 28
595 344 51
595 343 42
595 343 42
596 343 42
597 342 42
597 342 42
597 341 42
598 341 42
599 341 46
599 340 55
599 339 55
599 339 55
598 339 45
597 339 45
597 339 45
596 339 34
595 339 34
595 339 34
594 339 30
593 339 31
593 339 31
591 339 39
591 339 39
589 339 50
589 339 50
589 339 50
588 339 50
587 340 54
587 340 54
586 340 45
585 341 18
585 341 18
584 341 15
583 341 15
583 341 15
582 341 15
581 341 17
581 341 17
580 341 17
579 341 18
579 341 18
578 341 18
577 341 13
577 341 13
576 341 13
575 341 8
575 341 8
574 341 2
573 341 2
573 341 2
572 341 0
571 340 28
570 340 27
569 339 21
568 339 21
567 338 43
567 338 43
565 337 56
565 337 56
565 337 56
563 336 51
563 335 54
562 335 50
561 335 50
561 334 50
561 334 50
560 333 51
560 333 51
559 332 51
559 331 53
559 331 53
558 331 47
558 330 50
557 330 46
557 329 46
557 329 46
557 328 52
557 327 52
556 327 52
556 327 52
555 327 40
555 326 49
555 325 49
555 325 49
555 325 49
555 324 49
554 324 49
554 323 51
554 323 51
554 322 51
553 322 43
553 321 46
553 321 46
553 320 46
553 319 46
553 319 46
553 318 50
553 317 50
553 317 50
553 316 44
552 315 44
552 315 44
552 314 38
552 313 35
552 312 35
552 311 35
552 311 35
551 310 16
551 309 16
551 309 16
551 308 16
551 307 24
551 307 24
551 306 20
551 305 20
552 305 26
552 303 16
552 303 16
553 302 12
553 301 10
553 301 10
553 300 10
554 299 16
554 299 16
555 298 16
555 297 7
556 297 15
556 296 15
557 295 0
557 295 0
558 295 8
558 294 3
559 293 9
559 293 9
560 293 9
560 293 9
561 293 14
562 292 5
563 291 13
563 291 13
565 291 28
565 291 28
566 291 34
567 291 34
567 290 16
568 290 20
569 290 20
569 290 20
570 290 21
571 290 22
571 290 22
572 290 22
573 290 27
573 290 27
575 290 33
575 290 33
576 290 36
577 290 36
577 290 36
579 290 41
579 290 41
580 290 41
581 290 41
581 290 41
582 290 40
583 290 36
583 290 36
585 290 36
585 290 36
586 289 15
587 289 23
587 289 23
588 289 31
589 288 31
589 288 31
590 288 33
590 287 14
591 287 14
591 287 14
592 286 13
593 285 5
593 285 5
593 285 5
594 285 2
595 284 14
595 283 7
595 283 7
595 283 7
595 282 6
596 281 6
596 281 6
596 280 5
597 279 12
597 278 11
597 277 10
597 277 10
597 276 10
597 275 13
597 275 13
597 274 13
597 273 21
597 273 21
597 272 21
597 271 24
597 271 24
597 270 23
597 269 23
597 269 23
597 268 27
597 267 27
597 267 27
597 266 29
597 266 29
597 265 38
597 265 38
597 264 38
597 263 44
596 263 25
596 262 25
596 261 34
596 261 34
596 260 34
595 259 43
595 259 43
595 258 47
595 257 47
595 257 47
595 256 49
594 255 44
593 255 40
593 255 40
593 256 40
593 257 35
593 257 35
593 258 35
593 259 27
593 260 26
593 261 26
593 261 26
593 262 18
593 263 18
593 263 18
593 264 16
593 265 16
592 265 16
591 266 38
591 267 35
591 267 35
591 267 35
590 268 35
589 269 39
589 269 39
589 270 39
588 271 33
587 271 49
587 271 49
587 271 49
586 271 53
585 272 38
584 272 35
584 273 35
583 273 35
583 273 35
582 273 41
581 273 47
581 273 47
580 273 47
579 273 50
579 273 50
578 273 50
578 274 42
577 274 44
577 274 44
576 274 44
575 274 36
575 274 36
574 274 21
573 274 21
573 274 21
572 274 7
571 274 7
571 274 7
570 274 1
570 273 15
569 273 8
568 273 8
567 272 6
567 272 6
567 271 7
566 271 7
566 271 7
565 270 8
565 269 8
564 269 8
564 269 8
563 268 6
563 267 6
562 267 0
562 266 6
561 265 6
561 265 6
561 264 6
561 263 10
561 263 10
561 263 10
561 262 10
561 261 12
561 261 12
561 260 12
561 259 12
561 258 13
561 257 13
561 257 13
561 256 11
561 255 11
561 255 11
561 254 9
561 253 9
561 253 9
561 252 9
561 251 10
562 251 10
563 250 19
563 249 12
563 249 12
563 249 12
564 248 27
564 247 19
565 247 19
565 247 19
566 246 15
567 245 15
567 245 15
568 245 23
568 244 11
569 244 11
569 243 11
570 243 19
571 243 27
571 243 27
572 243 27
573 242 18
573 242 18
574 242 18
575 242 19
575 242 19
576 242 21
577 242 21
578 242 28
579 242 28
579 242 28
580 242 22
581 242 22
581 242 22
582 242 21
583 242 29
583 242 29
584 242 29
585 242 36
585 242 36
586 242 36
587 242 41
587 242 41
588 242 48
589 241 33
589 241 33
589 240 33
589 239 19
589 238 19
589 237 23
589 236 23
589 236 23
Stop
