New Slice
Start
520 315 12
519 315 7
519 315 7
519 315 7
518 315 7
517 315 5
517 315 5
517 316 5
516 317 22
515 317 22
515 317 22
515 318 22
514 319 31
513 319 31
513 319 31
513 320 27
513 321 27
512 321 24
511 322 22
511 322 22
511 323 22
510 323 22
509 324 14
509 324 14
508 325 14
507 325 3
507 325 3
506 325 3
505 325 0
505 325 0
504 325 0
503 325 0
503 325 0
502 325 0
501 325 0
501 325 0
500 325 0
499 325 0
498 324 0
497 323 0
497 323 0
496 323 0
496 323 0
495 322 0
495 321 0
494 321 0
493 321 0
493 321 0
493 320 0
491 319 0
491 319 0
490 318 0
489 317 0
489 317 0
489 316 0
489 315 0
488 315 0
488 314 0
488 313 0
488 313 0
487 313 0
487 312 0
487 311 0
487 311 0
487 310 0
487 309 0
487 309 0
487 308 0
487 307 0
487 307 0
487 306 0
487 305 0
487 304 0
487 303 0
487 303 0
487 302 0
487 301 0
487 301 0
488 299 0
488 299 0
489 298 0
489 297 0
489 297 0
490 295 0
490 295 0
491 294 0
491 293 0
492 292 7
493 291 1
493 291 1
493 291 1
494 290 0
494 289 4
495 289 4
495 289 4
495 288 4
495 287 6
496 287 6
496 287 6
497 285 6
497 284 6
497 283 11
497 283 11
498 282 11
498 281 11
498 281 11
499 280 10
499 279 10
499 278 10
499 277 14
500 277 14
501 277 2
501 276 2
501 275 8
501 274 8
501 273 18
502 272 18
503 272 0
503 271 6
503 270 14
503 269 14
504 269 14
504 269 14
505 268 6
505 267 6
505 267 6
505 266 10
506 265 9
507 265 9
507 263 15
507 263 15
507 262 15
508 261 19
508 261 19
508 260 19
509 259 16
509 259 16
509 258 15
509 257 15
509 257 15
509 256 15
509 255 15
510 254 0
510 253 3
510 253 3
510 251 8
511 251 0
511 251 0
511 250 0
511 249 5
511 249 5
511 248 5
511 247 6
511 247 6
511 246 10
511 245 10
511 245 10
511 244 12
511 243 12
511 243 12
511 242 14
511 241 16
511 241 16
511 240 16
511 239 20
512 239 20
512 238 20
512 237 21
512 237 21
512 236 21
512 235 24
512 235 24
512 234 21
512 233 21
512 232 21
512 231 21
512 231 21
512 230 22
512 229 22
512 228 22
512 227 23
512 226 23
512 225 25
512 224 25
512 223 20
512 223 20
512 222 21
512 221 21
512 221 21
512 220 22
512 219 22
512 218 24
512 217 21
512 217 21
512 216 21
512 215 16
512 215 16
512 214 16
512 213 13
512 212 13
512 211 11
512 211 11
512 210 14
512 209 14
512 208 11
512 207 11
512 206 7
512 205 11
512 205 11
512 204 11
512 203 15
512 203 15
512 202 15
512 201 10
512 200 10
512 199 12
512 199 12
512 198 12
513 197 5
513 197 5
513 196 0
513 195 0
513 195 0
513 194 7
513 193 3
513 193 3
514 192 3
514 191 9
514 191 9
515 191 0
515 190 0
515 189 5
515 189 5
515 188 5
516 187 3
517 187 0
517 186 2
517 185 2
517 185 2
518 184 3
518 183 3
519 183 3
519 182 7
519 181 16
519 181 16
520 180 9
521 180 9
521 180 9
522 180 2
523 180 8
523 180 8
523 181 8
523 181 8
523 182 0
523 183 0
523 183 0
523 184 0
523 185 0
523 185 0
523 186 0
524 186 0
524 187 0
524 187 0
524 188 0
524 189 0
524 189 0
524 190 0
524 191 0
524 191 0
524 192 0
524 193 0
524 193 0
524 194 0
524 195 0
524 195 0
524 196 0
524 197 0
524 197 0
524 198 0
524 199 0
524 200 0
524 201 0
524 201 0
524 202 0
524 203 0
524 203 0
524 204 0
524 205 0
524 205 0
524 206 0
524 207 0
524 207 0
524 208 0
524 209 0
524 209 0
524 210 0
524 211 0
524 211 0
524 213 0
524 213 0
524 214 0
524 215 0
524 215 0
524 217 0
524 217 0
524 218 0
524 219 0
524 220 0
524 221 0
524 221 0
524 222 0
524 223 0
524 224 0
524 225 0
524 226 0
524 227 0
524 228 0
524 230 0
524 231 0
524 233 0
524 234 0
524 235 0
524 237 0
524 238 0
524 239 0
524 241 0
524 243 4
524 244 4
524 245 0
524 246 0
524 248 0
524 249 0
524 249 0
524 250 0
524 251 0
524 252 0
524 253 0
524 253 0
524 254 0
524 255 0
524 255 0
524 256 0
524 257 0
524 257 0
524 258 0
525 259 0
525 260 0
525 261 0
525 263 0
525 264 0
525 265 0
525 266 0
525 267 0
525 268 0
525 269 0
525 269 0
525 271 0
525 271 0
525 272 0
525 273 0
525 273 0
525 274 0
525 275 0
525 276 0
525 277 0
525 277 0
525 278 0
525 279 0
525 279 0
525 280 0
525 281 0
525 281 0
525 282 0
525 283 0
525 283 0
525 284 0
525 285 0
525 285 0
525 286 0
525 287 0
525 288 0
525 289 0
525 289 0
525 290 0
525 291 0
525 291 0
525 292 0
525 293 0
525 293 0
525 294 0
525 295 0
525 295 0
525 296 0
525 297 0
525 297 0
525 298 0
525 299 0
525 299 0
524 299 0
524 300 0
524 301 0
524 301 0
524 302 0
524 303 0
524 303 0
523 304 0
523 305 0
523 305 0
523 306 0
523 307 0
523 307 0
523 308 0
522 309 0
522 309 0
522 310 0
521 311 0
521 311 0
521 311 0
521 312 0
521 313 0
520 314 0
520 315 12
520 315 12
519 315 7
519 316 7
519 317 24
519 317 24
519 317 24
Stop
New Slice
Start
521 313 0
521 313 0
520 314 0
519 315 7
519 315 7
518 316 7
517 316 5
517 317 24
516 317 22
515 317 22
515 318 22
514 318 17
514 319 31
513 319 31
513 319 31
513 320 27
512 321 24
512 321 24
511 321 24
511 322 22
511 323 22
510 323 22
510 323 22
509 323 7
509 324 14
509 325 14
508 325 14
507 325 3
507 325 3
507 325 3
506 325 3
505 325 0
505 325 0
504 325 0
503 325 0
503 325 0
502 325 0
501 325 0
501 325 0
500 325 0
499 325 0
499 325 0
498 325 0
497 325 0
497 324 0
496 324 0
495 323 0
495 323 0
494 323 0
493 322 0
493 322 0
492 322 5
491 321 1
491 321 1
491 321 1
491 320 1
490 320 5
490 319 0
489 319 0
489 319 0
489 318 0
488 318 0
488 317 0
488 317 0
488 316 0
488 315 0
488 315 0
488 314 0
488 313 0
488 313 0
487 313 0
487 312 0
487 311 0
487 311 0
487 310 0
487 309 0
487 309 0
487 308 0
487 307 0
487 307 0
487 306 0
487 305 0
487 305 0
487 303 0
488 303 0
489 302 0
489 301 0
489 301 0
489 300 0
489 300 0
489 299 0
490 299 0
490 298 0
491 297 0
491 297 0
491 296 0
491 295 0
491 295 0
492 294 0
492 293 0
493 293 0
493 292 1
493 291 1
494 291 0
494 291 0
494 290 0
495 289 4
495 289 4
495 288 4
496 287 6
496 287 6
496 286 6
497 286 6
497 285 6
497 283 11
498 283 6
498 283 6
498 282 11
498 281 11
499 281 3
499 280 10
499 279 10
500 277 14
501 277 2
501 275 8
502 274 8
502 273 18
503 272 0
503 271 6
503 270 14
503 269 14
503 269 14
503 268 17
504 267 17
504 267 17
505 266 10
505 265 12
505 265 12
505 263 16
505 263 16
505 262 16
506 262 15
506 261 15
507 261 15
507 259 19
507 259 19
507 258 21
508 257 15
508 257 15
508 256 15
508 255 15
509 255 15
509 254 15
509 253 13
509 253 13
509 252 13
509 251 17
509 251 17
510 249 16
510 249 16
510 248 16
510 247 18
511 246 10
511 245 10
511 245 10
511 244 12
511 243 12
511 243 12
511 242 14
511 241 16
511 241 16
511 240 16
512 239 20
512 239 20
512 238 20
513 237 16
513 237 16
513 236 16
513 235 16
513 235 16
513 234 15
513 233 15
513 232 16
513 231 16
513 231 16
513 230 15
513 229 13
513 228 13
513 227 18
513 226 18
513 225 17
513 224 17
513 223 16
513 223 16
513 222 11
513 221 11
513 221 11
513 220 17
513 219 17
513 219 17
513 217 10
513 217 10
513 216 10
513 215 5
513 215 5
513 214 5
513 213 0
513 213 0
513 212 0
513 211 0
513 211 0
513 210 0
513 209 0
513 209 0
513 208 0
513 207 0
513 207 0
513 207 0
513 206 0
513 205 3
513 205 3
512 205 11
512 204 11
512 203 15
512 203 15
512 201 10
512 201 10
512 200 10
512 199 12
512 199 12
511 198 12
511 197 12
511 197 12
511 196 10
511 195 10
511 195 10
511 194 12
511 193 11
511 193 11
511 192 11
511 191 14
511 191 14
512 191 14
512 190 14
513 190 9
513 189 13
513 188 13
514 187 11
515 186 12
515 185 12
515 185 12
515 185 12
515 184 17
515 183 17
516 183 17
517 183 10
517 182 15
517 181 21
518 181 16
519 180 16
519 180 16
520 179 14
521 179 14
521 179 14
522 179 7
523 180 8
523 181 8
524 181 8
525 183 0
525 183 0
525 184 0
525 185 0
525 185 0
525 186 0
525 187 0
525 187 0
525 188 0
525 189 0
525 189 0
525 190 0
525 191 0
525 191 0
525 192 0
525 193 0
525 193 0
525 194 0
525 195 0
525 195 0
525 196 0
525 197 0
525 197 0
525 198 0
525 199 0
525 199 0
525 200 0
525 201 0
525 202 0
525 203 0
525 203 0
525 204 0
525 205 0
525 206 0
525 207 2
525 207 2
525 209 1
525 209 1
525 210 1
525 212 0
525 213 0
525 213 0
525 214 0
525 215 0
525 217 0
525 217 0
525 219 6
525 219 6
525 220 6
525 221 6
525 222 6
525 223 9
525 223 9
525 225 6
525 226 2
525 227 2
525 227 2
525 228 7
525 229 7
525 230 6
525 231 4
525 231 4
525 232 4
525 233 5
525 233 5
525 234 5
525 235 6
525 235 6
525 236 5
525 237 5
525 238 7
525 239 7
525 240 6
525 241 6
525 242 12
525 243 16
525 244 16
525 245 7
525 245 7
525 247 7
525 247 7
525 249 10
525 249 10
525 250 5
525 251 5
525 253 0
525 254 1
525 255 0
525 256 0
525 257 0
525 258 0
525 259 0
525 259 0
525 260 0
525 261 0
525 261 0
525 263 0
525 263 0
525 265 0
525 265 0
525 266 0
525 267 0
525 267 0
525 268 0
525 269 0
525 269 0
525 270 0
525 271 0
525 271 0
525 272 0
525 273 0
525 273 0
525 274 0
525 275 0
525 275 0
525 276 0
525 277 0
525 277 0
525 278 0
525 279 0
525 279 0
525 280 0
525 281 0
525 281 0
525 282 0
525 283 0
525 283 0
525 284 0
525 285 0
525 285 0
525 287 0
525 287 0
525 288 0
525 289 0
526 289 0
526 289 0
526 290 0
526 291 0
526 291 0
526 292 0
526 293 0
526 293 0
526 294 0
526 295 0
526 295 0
526 296 0
526 297 0
526 297 0
526 298 0
526 299 0
526 299 0
526 300 0
526 301 0
526 301 0
526 302 0
526 303 0
526 303 0
526 304 0
526 305 0
526 305 0
525 306 0
525 307 0
525 307 0
525 308 0
524 308 0
524 309 0
523 309 0
523 309 0
523 310 0
523 311 0
522 311 0
522 312 0
521 313 0
521 313 0
520 313 0
520 313 0
Stop
New Slice
Start
517 315 5
516 315 3
515 315 3
515 316 3
515 316 3
515 317 22
514 317 17
513 318 17
513 319 31
513 319 31
513 320 27
513 321 27
512 321 24
511 321 24
511 322 22
511 322 22
511 323 22
510 323 22
509 324 14
509 324 14
509 325 14
508 325 14
507 325 3
507 325 3
507 325 3
506 325 3
505 326 4
505 326 4
504 326 2
503 326 2
503 326 2
502 326 2
501 326 2
501 326 2
500 326 2
499 326 2
499 326 2
498 326 2
497 325 0
497 325 0
496 325 0
495 325 0
495 325 0
494 325 0
493 324 3
492 324 11
492 323 5
491 323 5
491 323 5
490 323 11
489 322 11
489 321 5
489 321 5
488 321 9
488 320 9
488 319 7
487 319 7
487 319 7
487 318 0
486 317 12
486 317 12
486 316 4
485 315 8
485 315 8
485 314 4
485 313 3
485 312 3
484 311 0
484 311 0
484 310 0
484 309 0
484 308 0
484 307 0
484 307 0
484 306 0
484 305 0
484 305 0
484 304 0
484 303 0
485 303 0
485 302 0
485 301 0
485 300 0
485 299 7
486 299 0
486 299 0
486 298 0
487 297 0
487 297 0
487 297 0
487 295 3
488 294 2
488 293 2
488 293 2
489 293 0
489 291 7
489 291 7
490 290 7
490 289 6
490 289 6
490 288 6
491 288 7
491 287 4
491 287 4
491 287 4
491 285 11
492 285 11
493 284 6
493 283 9
493 283 9
493 282 12
494 281 11
495 281 11
495 280 14
495 279 14
495 278 17
496 278 14
497 277 12
498 276 16
498 275 23
499 275 21
499 273 27
500 272 27
501 271 20
501 270 20
501 269 20
501 269 20
502 269 20
503 267 17
503 266 15
503 265 17
503 265 17
503 264 17
504 263 17
505 263 16
505 262 16
505 261 15
505 260 15
506 259 19
506 258 21
507 257 21
507 256 20
507 255 20
508 254 15
509 253 13
509 251 17
509 251 17
509 250 17
509 249 21
510 247 18
510 246 16
510 245 16
511 245 10
511 243 12
511 242 14
511 241 16
511 240 16
513 239 16
513 239 16
513 238 16
513 237 16
513 237 16
513 236 16
513 235 16
513 235 16
513 234 15
513 233 15
513 233 15
513 232 16
513 231 16
513 231 16
513 229 13
513 229 13
513 227 18
513 227 18
513 226 18
513 225 17
513 225 17
513 224 17
513 223 16
513 223 16
513 222 11
513 221 11
513 221 11
513 220 17
513 219 17
513 219 17
513 218 15
513 217 10
513 217 10
513 216 10
513 215 5
513 215 5
513 214 5
513 214 5
513 213 0
513 212 0
513 211 0
513 211 0
513 210 0
513 209 0
512 208 11
512 207 11
512 207 11
512 206 7
512 205 11
512 205 11
512 204 11
512 203 15
512 203 15
512 202 15
512 201 10
512 201 10
512 200 10
512 199 12
512 199 12
512 198 12
512 197 12
512 197 12
512 196 10
512 195 10
513 195 0
513 194 7
513 193 3
513 193 3
513 192 3
513 191 9
514 191 9
514 190 9
514 189 13
515 189 5
515 188 5
515 187 3
515 187 3
516 186 12
517 185 2
517 185 2
517 184 10
517 183 10
518 183 3
518 182 7
518 181 16
518 181 16
519 180 16
519 179 22
519 179 22
520 179 14
521 178 14
521 178 14
522 178 7
523 178 9
523 178 9
523 179 9
523 179 9
523 180 8
523 181 8
523 181 8
523 182 0
523 183 0
523 183 0
523 184 0
523 185 0
523 185 0
523 186 0
523 187 0
523 187 0
523 188 0
523 189 0
523 190 0
523 191 0
523 191 0
523 192 0
523 193 0
523 193 0
523 194 0
523 195 0
523 195 0
523 197 0
523 197 0
523 198 0
523 199 0
523 200 0
523 201 0
523 202 0
523 203 0
523 204 0
523 205 0
523 206 0
523 207 0
523 208 0
523 209 0
523 209 0
523 211 0
523 212 0
523 213 0
523 214 0
523 215 0
523 215 0
523 216 0
523 217 0
523 217 0
523 218 0
523 219 0
523 219 0
523 221 0
523 221 0
523 222 0
523 223 0
523 223 0
523 224 0
523 225 0
523 225 0
523 227 0
523 227 0
523 228 0
523 229 0
523 230 0
523 231 0
523 232 0
523 233 0
523 233 0
523 234 0
523 235 0
523 235 0
523 237 0
523 237 0
523 239 0
523 240 0
523 241 0
523 242 1
523 243 4
523 243 4
523 244 4
523 245 0
523 245 0
523 246 0
523 247 0
523 247 0
523 249 0
523 249 0
524 251 0
524 251 0
524 252 0
524 253 0
524 253 0
524 254 0
525 255 0
525 255 0
525 256 0
525 257 0
525 258 0
525 259 0
525 259 0
525 260 0
525 261 0
525 262 0
525 263 0
525 264 0
525 265 0
525 265 0
525 267 0
525 268 0
525 269 0
525 271 0
525 271 0
525 273 0
525 273 0
525 275 0
525 276 0
525 277 0
525 278 0
525 279 0
525 280 0
525 281 0
525 282 0
525 283 0
525 284 0
525 285 0
525 285 0
525 286 0
525 287 0
525 288 0
525 289 0
525 289 0
525 290 0
525 291 0
525 291 0
525 292 0
525 293 0
525 293 0
525 294 0
525 295 0
525 295 0
525 296 0
525 297 0
525 297 0
525 298 0
525 299 0
525 299 0
525 300 0
525 301 0
525 301 0
525 303 0
525 303 0
525 304 0
525 305 0
525 305 0
525 306 0
525 307 0
524 307 0
524 308 0
523 309 0
523 309 0
523 310 0
522 311 0
522 311 0
521 312 0
521 312 0
521 313 0
520 313 0
519 314 0
519 314 0
519 315 7
518 315 7
518 315 7
518 315 7
Stop
