New Slice
Start
537 213 19
538 213 19
539 213 24
539 213 24
540 213 30
541 213 30
541 213 30
542 213 35
543 213 35
543 213 35
544 213 37
545 213 37
545 213 37
546 213 32
547 213 18
547 213 18
548 213 18
549 213 6
549 213 6
549 213 6
550 213 6
551 213 0
551 213 0
551 214 0
553 215 0
553 215 0
553 215 0
554 215 0
555 216 0
555 217 0
556 217 8
557 217 8
557 218 2
557 219 0
557 219 0
557 220 0
558 220 19
558 221 17
559 221 30
559 222 30
559 222 30
559 223 20
559 223 20
560 224 6
561 225 28
561 225 28
561 226 17
561 226 17
561 227 17
561 227 17
562 227 17
563 228 33
563 229 33
563 229 33
563 230 17
563 231 6
564 231 22
565 232 22
565 233 21
565 233 21
565 233 21
565 234 21
565 235 17
565 235 17
565 236 12
565 237 12
565 237 12
565 238 13
565 239 13
565 239 13
565 240 8
565 241 8
565 241 8
565 242 6
565 243 11
565 243 11
565 244 11
565 245 11
565 245 11
565 246 11
565 247 7
565 247 7
565 248 4
565 249 4
565 249 4
565 250 12
565 251 12
565 251 12
565 252 17
565 253 17
565 253 17
565 254 23
565 255 31
565 255 31
564 256 31
564 257 35
564 257 35
563 257 24
563 258 24
563 259 32
562 260 19
562 261 19
561 261 19
561 262 18
561 262 18
560 263 5
560 263 5
560 264 25
559 264 25
559 265 25
559 265 25
558 265 8
558 266 31
557 267 29
557 267 29
556 267 29
555 267 26
555 268 26
555 268 26
554 269 41
553 269 42
553 269 42
552 269 42
551 269 38
551 269 38
550 269 29
549 269 29
549 269 29
549 269 29
547 269 22
547 269 22
546 269 13
545 269 4
545 269 4
544 270 4
543 270 0
543 270 0
542 270 0
541 271 15
541 271 15
540 271 15
539 271 2
539 272 14
539 273 14
538 273 0
537 273 0
537 274 12
537 275 12
536 275 0
535 275 0
535 276 4
535 277 4
535 277 4
535 278 9
534 279 2
533 279 0
533 280 0
533 281 0
533 281 0
533 282 0
533 283 0
533 284 0
533 285 0
532 285 0
532 286 0
532 287 0
532 287 0
532 288 0
532 289 0
532 289 0
532 290 0
532 291 0
532 291 0
532 292 0
532 293 0
532 293 0
532 294 0
532 295 0
532 296 0
533 297 0
533 297 0
533 298 0
533 299 0
533 299 0
533 300 0
534 300 0
534 301 0
535 301 3
535 302 0
535 303 0
535 303 0
536 303 0
536 304 0
536 305 0
536 305 0
537 305 2
537 307 0
537 307 0
538 307 0
538 308 0
538 309 0
539 309 8
539 310 1
539 311 1
540 311 16
540 312 4
541 312 4
541 313 4
541 313 4
542 314 9
543 315 0
543 315 0
543 316 0
544 317 8
545 317 8
545 318 8
545 319 0
546 319 15
546 319 15
546 320 8
547 320 28
547 321 28
548 321 28
548 322 17
549 323 31
549 323 31
550 323 31
550 324 14
551 325 30
551 325 30
552 325 40
553 325 40
553 326 29
553 326 29
554 326 39
555 327 14
555 327 14
555 327 14
556 327 28
557 327 28
557 328 28
558 328 41
559 328 47
559 328 47
560 328 47
560 329 36
561 329 41
561 329 41
562 329 41
563 329 43
564 329 49
565 330 49
565 330 49
566 331 40
567 331 40
567 331 40
568 331 40
569 331 40
569 331 40
570 331 40
571 331 46
571 331 46
572 331 46
573 331 52
573 331 52
574 331 52
575 331 50
575 331 50
576 331 44
577 331 44
578 331 40
579 331 40
579 331 40
580 331 41
581 331 41
581 331 41
582 331 48
583 331 52
583 331 52
584 331 52
585 331 44
585 331 44
586 331 44
587 331 37
587 331 37
588 331 34
589 331 34
589 331 34
590 331 31
591 331 31
591 331 31
592 331 26
593 331 26
594 331 22
595 331 22
595 331 22
595 331 22
596 330 16
597 330 16
597 329 16
598 329 16
598 329 16
599 328 14
599 328 14
599 327 14
600 327 12
600 327 12
601 326 10
601 325 19
602 325 6
602 324 6
603 324 6
603 323 13
603 323 13
603 322 13
603 321 27
604 321 18
604 319 23
605 318 30
605 317 30
605 316 35
605 315 35
605 315 35
606 313 25
606 313 25
607 312 15
607 311 19
607 311 19
607 310 19
607 309 23
607 309 23
607 308 23
607 307 21
607 307 21
607 306 21
607 305 21
607 305 21
607 304 17
607 303 17
607 303 17
607 302 11
607 301 11
607 301 11
607 300 11
607 299 11
607 299 11
607 298 11
607 297 8
607 297 8
607 296 8
607 296 8
607 295 0
606 295 10
605 294 13
605 294 13
603 293 24
603 293 24
602 292 7
601 292 18
601 291 18
601 291 18
600 291 18
599 291 25
599 291 25
598 291 27
597 291 27
597 290 12
596 290 11
595 290 11
595 290 11
594 290 9
593 290 8
593 290 8
592 290 8
591 290 8
591 290 8
590 290 8
589 290 5
589 290 5
588 290 5
587 290 1
587 290 1
586 290 0
586 291 18
585 291 18
585 291 18
585 291 18
584 292 12
583 293 19
583 293 19
583 293 19
583 294 19
582 295 25
581 296 30
581 297 30
581 297 30
581 298 33
580 299 33
580 299 33
580 300 37
579 301 28
579 301 28
579 303 34
578 303 34
578 304 34
577 305 29
577 305 29
577 305 29
576 306 29
576 307 34
575 307 22
575 308 32
575 309 32
574 309 23
573 309 23
573 309 23
572 309 18
571 309 18
571 309 18
570 309 11
569 309 6
569 309 6
568 309 6
567 309 13
567 309 13
566 309 13
565 308 24
565 308 24
564 308 24
563 307 18
563 307 18
562 307 31
561 306 12
561 306 12
560 305 24
559 305 24
559 305 24
559 304 15
558 304 24
558 303 24
557 303 32
557 303 32
557 302 22
557 301 11
556 301 11
556 301 11
555 301 24
555 300 24
555 299 21
555 299 21
555 299 21
555 298 21
555 297 16
555 297 16
554 296 16
554 295 9
554 295 9
553 295 26
553 294 15
553 293 15
553 293 15
553 292 12
553 291 12
553 291 12
553 290 5
553 289 4
553 289 4
553 288 4
553 287 5
553 287 5
553 286 5
553 285 0
553 285 0
553 284 0
553 283 1
554 282 0
555 281 0
555 281 0
555 280 4
555 279 4
556 279 0
556 279 0
556 278 0
557 277 15
557 277 15
558 276 0
558 275 14
559 275 0
559 275 0
559 274 0
559 274 0
560 273 12
560 273 12
561 273 1
561 272 1
561 272 1
561 271 23
562 271 23
563 271 13
563 270 34
564 270 11
565 269 11
565 269 11
567 268 15
567 268 15
569 267 5
569 267 5
571 267 0
571 267 0
572 267 0
573 267 0
574 267 0
575 267 0
576 267 0
577 267 0
578 267 0
579 267 0
580 267 0
581 267 0
582 267 0
583 267 0
583 267 0
585 267 0
585 267 0
586 267 0
587 267 0
588 267 5
589 267 5
590 267 16
591 267 16
592 267 26
593 267 26
594 267 33
595 267 42
595 267 42
597 267 50
597 267 50
598 267 50
599 268 53
599 268 53
600 268 57
600 269 29
601 269 29
601 269 29
602 269 35
603 269 35
603 270 35
604 270 46
604 271 19
605 271 19
605 271 19
605 271 19
606 272 8
606 273 8
607 273 27
607 273 27
607 273 27
608 274 10
609 275 33
609 275 33
609 276 12
610 277 12
610 277 12
611 277 29
611 278 14
611 278 14
611 279 0
612 280 21
613 281 21
613 281 21
613 283 13
613 283 13
614 284 21
614 285 21
614 285 21
615 286 19
615 287 19
615 287 19
615 288 16
615 289 16
615 289 16
615 290 19
615 291 18
615 291 18
615 292 18
615 293 18
615 293 18
615 294 18
615 295 16
615 295 16
615 296 20
615 297 20
615 297 20
615 299 22
615 299 22
615 300 22
615 301 22
615 301 22
615 302 22
615 303 30
615 303 30
615 304 30
615 305 32
615 306 32
615 307 30
614 307 30
614 308 27
613 309 17
613 309 17
613 310 22
613 311 22
612 312 34
611 313 22
611 314 19
611 315 13
611 316 13
611 317 21
611 317 21
610 317 8
610 318 8
610 319 17
610 319 17
609 319 17
609 320 16
609 321 16
609 321 16
609 322 31
608 322 19
608 323 19
608 323 19
607 324 37
607 325 37
607 325 37
606 325 19
606 326 25
605 327 23
605 328 23
604 329 41
603 329 33
603 329 33
603 329 33
603 330 33
602 331 46
601 331 35
601 331 35
600 331 35
599 332 53
599 333 53
598 333 44
597 333 44
596 334 48
595 334 48
595 335 48
594 335 35
593 335 26
593 335 26
592 336 42
591 336 40
591 336 40
590 337 40
589 337 33
589 337 33
589 337 33
588 337 33
587 337 24
587 337 24
586 337 14
585 337 14
584 337 6
583 337 6
583 337 6
582 337 6
581 337 6
580 337 6
579 337 0
578 337 0
577 337 0
577 337 0
576 337 0
575 337 0
575 337 0
574 337 0
573 337 0
573 337 0
572 337 0
571 337 0
570 337 5
569 337 5
569 337 5
568 337 5
567 337 6
567 337 6
566 337 6
565 337 9
565 337 9
564 337 9
563 337 11
563 337 11
562 337 16
561 337 16
561 337 16
560 337 17
559 337 17
559 337 17
558 337 19
557 337 27
557 337 27
555 337 37
555 337 37
554 337 37
553 336 49
553 336 49
553 335 35
552 335 35
551 335 44
550 335 56
550 335 56
549 335 56
549 335 56
547 334 65
547 333 37
547 333 37
547 333 37
546 333 51
545 332 64
545 331 48
544 331 48
543 330 40
543 329 40
542 329 40
541 328 40
541 327 40
540 327 40
539 326 50
539 325 35
538 325 45
538 324 45
537 323 29
537 323 29
537 323 29
537 322 29
536 322 39
536 321 33
535 321 33
535 320 33
535 319 31
535 319 31
535 318 23
534 317 35
534 317 35
533 316 40
533 315 40
533 315 40
533 314 34
533 313 25
532 313 25
532 312 25
532 311 16
532 311 16
532 310 16
531 309 26
531 309 26
531 308 26
531 307 22
531 307 22
531 306 14
531 305 14
531 305 14
531 304 6
531 303 6
531 303 6
531 302 0
531 301 0
531 301 0
531 300 0
531 299 0
531 299 0
530 299 0
530 298 0
530 297 0
530 297 0
530 296 0
530 295 0
529 295 0
529 294 0
529 293 0
529 293 0
529 292 0
529 291 0
529 291 0
529 290 0
529 289 0
529 289 0
529 288 0
529 287 0
529 287 0
529 286 0
529 285 0
529 284 0
529 283 0
529 283 0
529 282 0
529 281 0
529 281 0
529 280 0
529 279 0
529 279 0
529 278 0
529 277 0
529 277 0
529 276 0
529 275 0
529 275 0
529 274 0
529 273 7
529 273 7
529 272 7
529 271 7
529 271 7
529 270 17
529 269 17
529 269 17
529 268 21
529 267 21
529 267 21
529 266 22
529 265 28
529 265 28
529 264 28
529 263 33
529 263 33
529 262 33
529 261 35
529 261 35
529 260 35
529 259 35
529 259 35
529 258 33
529 257 33
529 257 33
529 256 35
529 255 35
529 255 35
529 254 31
529 253 22
529 253 22
529 252 22
529 251 19
529 251 19
529 250 19
529 249 18
529 249 18
529 248 18
529 247 21
529 247 21
529 246 10
529 245 10
529 245 10
529 244 2
529 243 2
529 243 2
529 242 0
529 241 0
529 241 0
529 240 0
529 239 6
529 238 6
529 237 2
529 237 2
529 236 2
529 235 1
529 235 1
529 234 3
528 233 3
528 233 3
528 232 4
528 231 4
527 231 0
527 230 0
527 229 0
527 229 0
527 228 0
527 227 0
526 227 0
526 226 0
526 225 0
526 225 0
525 224 0
525 223 0
525 223 0
525 222 0
525 221 0
525 221 0
525 220 0
524 220 0
524 219 0
524 219 0
524 218 5
524 217 8
524 217 8
524 216 8
524 215 7
524 215 7
524 214 7
524 213 11
524 213 11
524 212 11
524 211 9
524 211 9
524 210 6
524 209 6
524 209 6
525 209 0
525 209 0
526 209 0
527 209 0
527 210 0
527 211 0
527 211 0
527 212 10
527 213 10
527 213 10
527 214 10
528 215 30
528 215 30
528 216 30
528 217 30
529 218 32
529 219 25
529 220 25
529 221 17
529 221 17
529 222 17
529 223 8
529 223 8
529 224 3
529 225 3
529 225 3
529 226 6
529 227 6
529 227 6
530 228 25
530 229 25
530 229 25
530 230 23
530 231 20
530 231 20
530 232 20
531 232 20
531 233 17
531 233 17
531 235 10
531 235 10
531 236 8
531 237 8
531 237 8
531 238 7
531 239 7
531 239 7
532 241 13
532 241 13
532 242 8
532 243 4
532 244 4
532 245 0
532 245 0
533 247 0
533 247 0
533 248 0
533 249 0
533 249 0
534 250 0
534 251 0
534 251 0
535 251 0
535 252 0
535 253 0
535 253 0
536 254 0
537 255 0
537 255 0
537 255 0
537 256 0
538 256 0
539 257 0
539 257 0
540 257 0
541 258 0
541 258 0
542 258 11
543 259 0
543 259 0
544 259 8
545 259 8
545 260 0
546 260 0
547 260 0
547 261 0
548 261 0
549 261 0
549 261 0
550 261 0
551 261 0
551 261 0
552 261 0
553 261 0
554 261 0
554 260 0
555 260 0
555 259 3
555 259 3
556 259 0
556 258 7
557 258 7
557 257 7
557 257 7
557 257 7
558 256 5
559 255 0
559 254 3
559 253 12
559 253 12
559 252 12
560 251 14
560 251 14
560 249 16
560 249 16
561 248 6
561 247 10
561 247 10
561 246 14
561 245 14
561 245 14
561 243 18
561 243 18
561 242 15
561 241 13
561 241 13
562 240 13
562 239 17
562 238 17
562 237 12
562 237 12
562 236 12
562 235 10
561 235 10
561 234 6
561 233 6
561 233 6
561 232 2
560 231 10
560 231 10
559 230 6
559 229 0
558 228 3
558 227 0
557 227 7
557 227 7
557 226 7
556 226 7
555 225 7
555 225 7
554 225 7
553 225 16
553 224 16
552 224 16
551 224 23
551 224 23
550 224 31
549 223 11
549 223 11
548 223 13
547 223 13
547 223 13
546 223 11
545 223 5
545 223 5
544 223 5
543 223 0
543 223 0
542 223 0
541 223 0
541 223 0
539 223 0
539 223 0
539 222 0
538 222 0
537 222 0
537 221 0
537 221 0
536 221 0
536 220 0
535 220 0
535 219 0
535 219 0
534 218 20
534 217 21
534 217 21
534 216 21
534 215 26
534 215 26
534 214 26
535 214 12
535 214 12
536 214 12
537 214 5
537 215 5
537 215 5
Stop
New Slice
Start
539 214 9
540 214 15
541 214 15
541 214 15
542 214 20
543 214 20
543 215 20
544 215 21
545 215 21
545 215 21
545 215 21
546 215 13
547 215 0
547 215 0
547 216 0
548 216 0
549 216 0
549 217 0
551 217 0
551 217 0
552 218 0
553 218 0
553 219 0
554 219 0
555 219 0
555 219 0
555 220 0
556 220 0
557 221 0
557 221 0
558 221 17
559 222 30
559 223 20
560 223 20
560 223 20
561 223 34
561 224 28
561 225 28
562 225 28
562 225 28
563 225 46
563 226 36
563 227 36
563 227 36
563 228 33
564 229 45
565 229 45
565 230 31
565 231 22
565 231 22
565 232 22
565 233 21
565 233 21
565 234 21
565 235 17
565 235 17
566 236 26
566 237 26
566 237 26
567 239 23
567 239 23
567 240 16
567 241 16
567 241 16
567 242 16
567 243 17
567 243 17
567 244 17
567 245 20
567 245 20
567 246 20
567 247 15
567 247 15
567 248 14
567 249 14
567 249 14
567 250 17
567 251 17
567 251 17
567 252 22
566 253 22
566 253 22
566 254 30
565 255 31
565 255 31
565 256 31
565 257 35
565 257 35
564 258 35
563 259 32
563 259 32
563 260 31
562 261 19
561 261 19
561 261 19
561 262 18
559 263 5
559 263 5
557 264 0
557 265 0
557 265 0
556 265 0
555 265 0
555 266 6
554 267 26
553 267 25
553 267 25
552 267 25
551 267 22
551 268 22
551 268 22
550 268 16
549 268 16
549 269 29
548 269 22
547 269 22
547 269 22
546 269 13
545 269 4
544 269 4
543 269 0
543 270 0
542 271 20
541 271 15
541 271 15
541 271 15
540 272 26
540 273 26
539 273 14
539 273 14
539 273 14
539 274 26
539 275 26
538 275 12
537 275 12
537 276 22
537 277 22
537 277 22
537 278 27
537 279 26
537 279 26
537 280 26
537 281 29
537 281 29
537 282 29
537 283 34
537 283 34
537 284 34
537 285 34
537 286 38
537 287 38
537 287 38
537 288 36
537 289 36
537 290 29
537 291 28
537 291 28
537 292 28
537 293 27
537 293 27
537 294 27
537 295 28
537 295 28
537 296 26
538 297 26
538 297 26
538 298 28
538 299 28
539 299 33
539 300 31
539 301 31
539 301 31
539 302 25
539 303 18
539 304 18
540 305 27
541 306 27
541 307 27
541 309 25
541 309 25
542 311 28
543 311 28
543 312 17
543 312 17
543 313 17
543 313 17
544 314 28
544 315 20
545 315 20
545 316 20
545 316 20
545 317 8
546 317 28
546 318 28
547 319 39
547 319 39
547 320 28
547 321 28
548 321 28
548 321 28
548 322 17
549 322 31
549 323 31
549 323 31
549 323 31
549 324 14
550 324 14
550 325 14
551 325 30
551 325 30
551 325 30
552 326 29
552 327 4
553 327 4
553 327 4
553 327 4
554 328 14
555 329 0
555 329 0
556 329 5
557 329 5
557 329 5
558 329 23
559 330 36
559 330 36
560 331 11
561 331 21
562 331 21
563 331 30
564 332 22
565 333 22
566 333 22
567 333 22
568 333 22
569 333 22
569 333 22
570 333 24
571 333 29
571 333 29
572 333 29
573 333 33
573 333 33
574 333 33
575 333 31
575 333 31
576 333 27
577 333 27
578 333 28
579 334 6
580 334 5
581 334 5
581 334 5
582 334 4
583 334 3
583 334 3
584 334 3
585 334 5
585 334 5
586 334 5
587 334 10
587 333 21
588 333 20
589 333 20
589 333 20
590 333 18
591 333 18
591 332 18
592 332 22
592 331 26
593 331 26
593 331 26
594 331 22
594 330 24
595 329 16
596 329 16
597 328 21
597 327 21
597 327 21
598 327 21
599 327 14
599 326 16
599 325 36
600 325 19
601 325 19
601 324 19
601 324 19
601 323 26
602 323 13
603 323 13
603 322 13
603 321 27
603 321 27
604 320 18
605 319 23
605 319 23
605 318 30
605 317 30
606 315 25
607 315 13
607 314 16
607 313 15
607 313 15
607 313 15
607 312 15
607 311 19
607 311 19
607 310 19
607 309 23
607 309 23
608 308 23
608 307 21
608 307 21
608 306 21
608 305 21
608 305 21
608 304 17
608 303 17
608 303 17
608 302 11
608 301 11
608 301 11
608 300 11
608 299 11
608 299 11
608 298 11
608 297 8
608 297 8
608 296 8
608 295 0
608 294 0
607 294 0
607 293 0
607 293 0
606 292 0
605 292 0
605 291 0
604 291 0
603 291 7
603 291 7
603 290 0
602 290 0
601 290 0
601 290 0
600 290 0
600 289 0
599 289 0
599 289 0
598 289 0
597 289 0
597 289 0
596 289 0
595 289 0
595 289 0
594 289 0
593 289 0
593 289 0
592 289 0
591 289 0
591 289 0
590 289 0
589 289 0
589 289 0
588 290 5
587 291 15
587 291 15
587 291 15
587 292 15
586 292 18
585 293 27
585 293 27
585 294 27
584 295 23
583 295 23
583 297 34
583 297 34
582 298 38
582 299 38
582 299 38
581 299 33
581 300 37
581 301 37
581 301 37
581 301 37
580 302 35
580 303 42
579 303 34
579 304 34
579 305 38
579 305 38
578 305 38
578 306 38
577 307 34
577 307 34
577 307 34
576 307 34
575 307 22
575 307 22
574 307 9
573 307 9
573 307 9
572 307 0
571 307 0
571 307 0
570 307 0
569 307 0
568 307 0
567 307 0
567 307 0
566 307 0
565 307 5
565 307 5
564 307 5
563 307 18
563 307 18
562 307 31
561 307 31
561 306 12
561 306 12
560 305 24
559 305 24
559 304 15
559 303 15
558 303 24
558 302 13
557 302 22
557 301 11
557 300 11
556 299 5
556 299 5
556 298 5
555 297 16
555 297 16
555 296 16
555 295 9
555 295 9
555 294 1
554 293 1
554 293 1
554 292 0
554 291 0
554 291 0
554 290 0
554 289 0
554 289 0
554 288 0
554 287 0
554 287 0
554 286 0
554 285 0
554 285 0
554 284 0
554 283 0
554 283 0
555 283 0
555 282 0
555 282 0
555 281 0
556 281 0
556 280 0
557 280 0
557 279 0
557 279 0
558 279 0
558 278 0
559 278 0
559 277 0
559 277 0
560 276 0
561 275 0
561 275 0
561 274 0
562 273 1
563 273 0
563 273 0
563 272 0
564 272 0
565 271 0
565 271 0
566 270 0
567 270 0
567 269 0
567 269 0
568 269 0
569 269 0
569 269 0
570 269 0
571 269 0
571 269 0
572 269 0
573 269 0
573 269 0
574 269 0
575 269 0
575 269 0
576 269 0
577 269 0
577 269 0
578 269 0
579 269 0
579 269 0
580 269 0
581 269 0
581 269 0
582 269 0
583 269 0
584 269 0
585 269 0
585 269 0
586 269 0
587 269 0
587 269 0
588 269 0
589 269 0
589 269 0
590 269 0
591 269 0
591 269 0
592 269 4
593 269 4
593 269 4
593 270 4
594 270 10
595 270 16
595 271 0
596 271 0
597 271 0
597 271 0
598 271 0
599 271 1
599 271 1
600 271 3
600 272 0
601 273 0
602 273 0
602 273 0
603 273 0
603 273 0
604 273 0
604 274 0
605 274 0
605 274 0
606 274 0
606 275 0
607 275 10
607 275 10
607 275 10
608 275 10
608 276 0
609 276 12
609 277 12
610 277 12
611 277 29
611 278 14
611 278 14
612 279 21
612 279 21
613 279 21
613 280 21
614 280 38
614 281 33
614 281 33
615 282 33
615 283 25
615 283 25
615 284 21
615 285 21
615 285 21
615 286 19
615 287 19
615 287 19
615 288 16
615 289 16
615 289 16
615 290 19
615 291 18
615 291 18
615 292 18
615 293 18
615 293 18
615 294 18
615 295 16
615 295 16
615 296 20
615 297 20
615 297 20
615 298 22
615 299 22
615 299 22
615 300 22
615 301 22
615 301 22
615 302 22
615 303 30
615 303 30
615 304 30
614 305 32
614 305 32
614 306 32
614 307 30
613 307 20
613 307 20
613 308 17
613 309 17
613 309 17
613 310 22
613 311 22
613 311 22
612 311 22
612 313 34
612 313 34
611 315 13
611 316 13
611 317 21
611 317 21
611 317 21
611 318 21
610 319 17
610 319 17
609 319 17
609 320 16
609 321 16
609 321 16
608 321 7
608 322 19
608 323 19
607 323 19
607 323 19
607 323 19
606 324 19
606 325 19
605 325 6
605 325 6
605 326 14
605 327 23
604 327 23
603 327 17
602 328 17
602 329 33
601 329 24
601 329 24
601 329 24
601 330 24
600 330 24
599 330 19
599 331 31
599 331 31
598 331 28
597 332 44
597 333 44
596 333 35
595 333 35
595 333 35
595 334 48
594 334 35
593 334 26
593 335 26
593 335 26
591 335 20
591 336 40
591 336 40
590 336 40
589 337 33
589 337 33
588 337 33
587 337 24
587 337 24
586 338 48
585 338 48
584 339 67
583 339 67
583 339 67
582 339 63
581 339 62
581 339 62
580 339 62
579 339 62
579 339 62
578 339 62
577 339 54
577 339 54
576 339 54
575 339 51
574 339 50
573 339 50
573 339 50
572 339 49
571 339 49
571 339 49
570 339 48
569 339 48
569 339 48
568 339 48
567 339 51
567 339 51
566 339 51
565 339 56
565 339 56
564 339 56
563 339 59
563 339 59
562 339 60
561 339 60
561 339 60
560 339 65
559 339 65
558 339 71
558 338 44
557 338 51
557 338 51
556 338 51
555 337 37
555 337 37
554 337 37
553 337 49
552 336 49
551 335 44
551 335 44
550 335 56
550 334 56
549 334 56
549 333 26
548 333 37
548 332 37
547 332 37
547 331 23
547 331 23
546 331 36
546 331 36
545 331 48
545 330 29
545 329 29
544 329 29
543 329 40
543 328 26
543 327 26
542 327 26
541 327 40
541 325 21
541 325 21
541 324 21
540 323 2
539 323 15
539 322 15
539 321 4
539 321 4
538 320 17
537 319 13
537 318 5
537 317 5
536 316 12
535 315 12
535 314 6
535 313 0
534 312 8
534 311 0
534 311 0
533 310 16
533 309 6
533 309 6
533 308 6
533 307 0
532 306 0
532 305 0
531 304 6
531 303 6
531 302 0
531 301 0
531 301 0
531 300 0
531 299 0
531 298 0
531 297 0
530 296 0
530 295 0
530 294 0
530 293 0
530 293 0
530 292 0
530 291 0
530 291 0
530 290 0
530 289 0
530 289 0
530 288 0
530 287 0
530 287 0
530 286 0
530 285 0
530 285 0
530 284 0
530 283 0
530 283 0
530 282 0
530 281 0
530 281 0
530 280 0
530 279 0
530 279 0
530 278 0
530 277 0
530 277 0
530 276 0
530 275 0
530 275 0
530 274 0
530 273 0
530 273 0
530 272 0
530 271 0
530 271 0
530 270 1
530 269 1
530 269 1
530 268 11
530 267 11
530 267 11
530 266 16
530 265 20
530 265 20
530 264 20
530 263 30
530 263 30
530 262 30
530 261 32
530 261 32
530 260 32
530 259 31
530 259 31
530 258 31
530 257 31
530 257 31
530 256 31
530 255 31
530 255 31
530 254 27
530 253 14
530 253 14
529 251 19
529 250 19
529 249 18
529 249 18
529 248 18
528 247 21
528 247 21
528 246 10
527 245 17
527 244 13
527 243 13
526 242 25
526 241 19
525 241 19
525 240 19
525 239 19
525 239 19
525 237 16
524 237 24
524 237 24
524 236 24
524 235 21
523 235 21
523 234 12
523 233 12
523 233 12
523 232 11
523 231 11
523 231 11
523 230 12
523 229 8
523 229 8
523 228 8
523 227 5
522 227 26
522 226 26
522 225 27
522 225 27
522 224 27
522 223 28
522 223 28
522 222 24
522 221 24
522 221 24
522 220 21
522 219 21
522 219 21
522 218 24
522 217 27
522 217 27
522 216 27
522 215 28
522 215 28
522 214 28
522 213 25
522 213 25
522 211 26
522 211 26
522 210 25
522 209 25
522 209 25
522 208 29
522 207 29
523 207 11
523 207 11
524 207 11
525 207 0
525 207 0
525 207 0
526 208 0
526 209 0
526 209 0
527 210 0
527 211 0
527 211 0
527 212 10
527 212 10
527 213 10
528 213 29
528 214 30
528 215 30
529 215 30
529 216 30
529 217 30
529 217 30
529 217 30
530 218 49
530 219 38
530 219 38
530 220 38
531 221 30
531 221 30
531 222 30
531 223 21
531 223 21
531 224 17
531 225 17
532 225 28
532 226 30
532 227 30
532 228 33
533 228 33
533 229 33
533 229 33
533 230 37
533 231 36
533 231 36
533 232 36
533 233 32
533 233 32
533 234 32
534 235 38
534 235 38
534 236 30
534 237 30
534 237 30
534 238 29
534 239 29
534 239 29
534 240 27
534 241 27
535 241 35
535 242 31
535 243 29
535 245 24
535 246 24
535 247 14
536 247 14
536 248 3
536 249 3
536 249 3
537 250 9
537 251 9
537 252 0
538 253 0
538 253 0
539 254 2
539 254 2
539 255 0
540 255 8
540 255 8
541 255 8
541 256 8
541 257 0
542 257 11
543 257 11
543 257 11
544 258 18
545 259 8
545 259 8
546 259 13
547 259 14
547 259 14
548 259 14
549 259 13
549 259 13
550 259 13
551 259 16
551 259 16
552 259 12
553 259 12
553 259 12
555 259 3
555 259 3
556 259 0
557 259 0
557 258 7
558 257 0
559 257 0
559 255 0
559 255 0
560 255 0
560 254 3
561 253 10
561 253 10
561 252 10
561 251 7
561 251 7
562 250 7
562 249 6
562 249 6
562 248 6
562 247 10
563 247 3
563 246 8
563 245 8
563 245 8
563 244 10
563 243 10
563 243 10
563 242 6
563 241 4
563 241 4
563 240 4
563 239 10
563 239 10
563 238 10
562 237 12
561 237 12
561 235 10
560 235 22
559 234 13
559 233 13
559 233 13
559 232 10
558 231 25
558 231 25
557 231 35
557 230 31
556 229 13
555 229 24
555 228 24
554 228 24
554 227 16
553 227 24
553 227 24
552 227 24
552 227 24
551 227 29
550 227 40
550 226 40
549 226 40
549 226 40
548 226 44
547 226 44
547 225 33
546 225 34
545 225 32
545 225 32
544 225 32
543 225 27
543 225 27
542 225 27
541 225 20
541 225 20
540 225 20
539 225 16
539 225 16
539 225 16
538 224 14
537 224 14
537 223 0
536 223 10
535 222 0
535 221 0
534 221 16
534 220 17
534 219 17
534 219 17
533 219 35
533 218 46
533 217 42
533 217 42
534 217 21
535 217 0
535 216 0
535 216 0
536 215 12
537 215 5
537 215 5
538 215 5
539 215 9
539 215 9
539 215 9
540 215 15
540 215 15
Stop
New Slice
Start
539 214 9
539 214 9
538 213 19
537 213 19
537 213 19
536 214 12
536 215 12
535 215 12
535 215 12
535 216 0
535 217 0
535 217 0
535 218 0
535 219 0
535 219 0
535 220 0
535 221 0
536 221 0
537 222 0
537 223 0
538 223 0
539 223 0
539 224 16
539 224 16
540 224 20
541 225 20
541 225 20
542 225 27
543 225 27
543 225 27
544 225 32
545 225 32
545 225 32
547 225 33
547 225 33
548 225 33
549 225 31
549 225 31
550 225 31
551 225 23
551 225 23
551 226 29
552 226 24
553 226 24
553 227 24
554 227 16
555 227 16
555 228 24
556 228 13
556 229 13
557 229 13
557 229 13
557 230 31
558 230 21
558 231 25
559 231 10
559 231 10
559 232 10
560 233 13
560 233 13
560 234 13
561 235 10
561 235 10
561 236 12
561 237 12
561 237 12
561 237 12
561 238 17
561 239 17
561 239 17
561 240 13
561 241 13
561 241 13
561 242 15
561 243 18
561 243 18
561 244 18
561 245 14
561 245 14
561 246 14
561 247 10
561 248 6
561 249 6
561 249 6
561 250 7
561 251 7
561 251 7
561 252 10
561 253 10
560 253 12
559 254 3
559 255 0
559 255 0
559 256 0
558 257 0
557 257 7
557 258 7
557 259 0
557 259 0
556 259 0
555 260 0
555 261 0
555 262 0
554 262 0
553 263 0
553 263 0
552 263 0
551 263 0
551 263 0
550 263 0
549 263 0
549 263 0
549 262 0
548 262 0
548 261 0
547 261 0
547 261 0
546 261 0
546 260 0
545 260 0
545 259 8
545 259 8
544 259 8
544 258 18
543 258 11
543 257 11
542 256 20
541 255 8
541 255 8
541 254 17
540 253 23
539 252 10
539 252 10
539 251 25
539 251 25
538 249 19
537 249 19
537 248 19
537 247 28
537 247 28
537 246 31
537 245 31
536 245 24
536 244 29
535 243 29
535 243 29
535 242 31
535 241 35
535 241 35
534 239 29
533 239 15
533 238 15
533 237 17
532 235 24
532 235 24
532 234 32
531 234 17
531 233 17
531 233 17
531 232 20
531 232 20
530 231 20
530 231 20
530 230 23
529 229 11
529 229 11
529 228 11
529 227 6
529 227 6
528 226 6
528 225 3
528 225 3
528 224 3
528 223 8
527 223 0
527 222 2
527 221 2
527 221 2
527 220 3
527 219 3
527 219 3
527 218 9
526 218 0
525 217 0
525 217 0
524 217 8
523 217 8
523 217 8
523 218 5
523 219 0
523 219 0
523 220 0
523 221 5
523 221 5
523 222 5
523 223 5
523 223 5
523 224 11
523 225 11
523 225 11
523 226 5
523 227 5
523 227 5
523 228 8
523 229 8
523 229 8
524 230 12
524 231 11
524 232 11
525 233 0
525 234 0
525 235 6
525 235 6
525 236 16
526 237 16
526 237 16
526 238 19
526 239 19
527 240 6
527 241 6
527 241 6
527 243 13
528 243 2
529 244 2
529 245 10
529 246 10
529 247 21
529 247 21
529 247 21
529 248 18
529 249 18
530 249 6
530 249 6
531 250 6
531 251 6
531 251 6
531 251 6
531 252 14
531 253 14
531 253 14
532 254 12
532 255 15
532 255 15
532 256 15
532 257 20
533 257 20
533 258 20
533 259 19
533 259 19
533 260 21
533 261 21
533 261 21
533 262 17
533 263 17
533 263 17
533 264 8
533 265 8
533 266 2
533 267 0
533 267 0
533 268 0
533 269 0
533 269 0
533 270 0
533 271 0
532 271 0
532 271 0
532 273 0
531 273 0
531 274 0
531 275 0
531 275 0
531 276 0
531 277 0
531 277 0
530 278 0
530 279 0
530 279 0
530 281 0
529 281 0
529 281 0
529 282 0
529 283 0
529 284 0
529 285 0
529 286 0
529 287 0
529 287 0
529 288 0
529 289 0
529 290 0
529 291 0
529 292 0
529 293 0
529 293 0
529 294 0
529 295 0
529 295 0
529 296 0
529 297 0
529 297 0
529 298 1
529 299 1
529 299 1
529 300 4
529 301 4
529 301 4
529 302 16
529 303 22
529 303 22
529 304 22
529 305 31
529 306 31
529 307 43
529 308 46
530 308 26
530 309 26
530 309 26
531 310 32
531 311 32
531 311 32
531 312 39
531 313 39
532 314 34
533 315 40
533 315 40
533 317 49
533 317 49
534 318 35
535 318 23
535 319 31
535 320 33
535 321 33
536 321 33
536 321 33
537 321 17
537 323 29
537 323 29
538 324 45
539 325 35
539 325 35
539 326 50
540 326 35
540 327 40
541 327 40
541 328 40
541 329 53
542 329 40
543 329 40
543 331 60
544 331 48
545 331 48
545 331 48
545 332 64
546 332 51
546 333 51
547 333 37
547 333 37
549 333 26
549 333 26
550 334 56
551 335 44
551 335 44
552 335 35
553 335 35
553 335 35
554 336 37
555 337 37
556 337 27
557 337 27
557 337 27
557 337 27
558 337 19
559 337 17
559 338 34
560 338 34
561 338 29
561 338 29
562 339 60
563 339 59
563 339 59
564 339 56
565 339 56
565 339 56
566 339 51
567 339 51
567 339 51
568 339 48
569 339 48
569 339 48
570 339 48
571 339 49
571 339 49
572 339 49
573 339 50
573 339 50
574 339 50
575 339 51
576 339 54
577 339 54
577 339 54
578 339 62
579 339 62
579 339 62
580 339 62
581 339 62
582 339 63
583 339 67
583 339 67
584 339 67
585 338 48
585 338 48
586 338 48
587 338 55
587 337 24
588 337 33
589 337 33
589 337 33
590 336 40
591 336 40
591 335 20
592 335 26
593 335 26
593 335 26
594 335 35
594 334 35
595 333 35
595 333 35
596 333 35
597 332 44
597 332 44
598 332 44
599 331 31
599 331 31
600 331 35
601 331 35
601 331 35
601 330 24
602 330 33
603 330 33
603 329 33
604 329 41
605 329 41
605 329 41
606 328 39
607 328 55
607 327 55
608 327 55
609 327 74
609 326 64
609 326 64
609 325 50
610 325 50
610 325 50
611 324 56
611 324 56
611 323 41
612 323 53
612 322 53
612 321 49
613 321 49
613 320 49
613 320 49
613 319 51
613 319 51
613 318 40
614 317 57
614 317 57
614 316 52
614 315 52
614 314 50
614 313 44
615 312 44
615 311 35
615 311 35
615 310 35
615 310 35
615 309 27
615 309 27
615 308 27
615 307 30
615 307 30
615 306 32
615 305 32
616 303 44
616 303 44
616 302 37
616 301 36
617 301 36
617 300 36
617 299 34
617 299 34
617 298 34
617 297 34
617 296 34
617 295 32
617 295 32
617 294 35
617 293 35
617 293 35
617 292 33
617 291 33
617 291 33
617 290 30
617 289 26
617 289 26
617 288 26
617 287 32
617 287 32
617 285 36
617 285 36
617 284 36
617 283 36
617 283 36
617 281 43
617 281 43
617 280 52
616 279 52
616 279 52
616 278 53
615 277 49
615 277 49
615 277 49
615 276 49
614 275 65
613 275 57
613 273 72
612 273 72
611 273 68
611 272 68
611 271 72
610 271 65
609 271 65
609 271 65
609 271 65
608 270 73
607 270 73
607 269 73
606 269 62
605 269 46
603 269 35
603 269 35
602 268 61
601 268 57
601 268 57
600 268 57
599 268 53
599 268 53
598 268 50
597 268 50
597 268 50
595 268 42
595 268 42
594 268 33
593 267 26
593 267 26
592 267 26
591 267 16
590 267 16
589 267 5
589 267 5
588 267 5
587 267 0
586 267 0
585 267 0
585 266 18
584 266 13
583 266 13
582 266 11
581 265 41
581 265 41
579 265 40
579 265 40
578 265 40
577 265 36
577 265 36
576 265 36
575 265 35
575 265 35
574 265 32
573 265 32
573 265 32
571 265 30
570 266 26
569 267 5
569 267 5
568 267 5
567 268 15
566 269 0
565 269 11
565 270 11
564 270 11
563 271 13
563 271 13
563 271 13
562 272 1
561 273 1
561 273 1
560 273 12
560 274 0
559 274 0
559 275 0
558 275 14
557 275 31
557 276 15
557 277 15
556 277 15
556 277 15
555 278 15
555 279 4
555 279 4
555 280 4
555 281 0
554 281 0
554 282 0
554 283 0
554 284 0
553 284 0
553 285 0
553 285 0
553 286 5
553 287 5
553 287 5
553 288 4
553 289 4
553 289 4
553 290 5
553 291 12
553 291 12
553 292 12
553 293 15
553 293 15
553 294 15
553 295 26
554 296 16
554 297 16
554 297 16
555 298 21
555 299 21
555 299 21
555 300 24
556 301 11
556 301 11
557 301 11
557 302 22
557 303 32
557 303 32
558 303 24
559 304 15
559 305 24
560 305 24
561 307 31
561 307 31
561 307 31
562 308 45
563 308 37
563 309 37
564 309 24
565 310 37
565 311 37
567 311 29
567 311 29
568 311 24
569 311 24
569 311 24
570 311 28
571 311 34
571 311 34
571 310 34
572 309 18
573 309 23
573 309 23
574 308 23
574 307 9
575 307 22
575 307 22
575 306 15
575 305 15
576 305 29
576 305 29
576 304 23
577 303 23
577 303 23
577 302 16
577 301 10
577 301 10
577 300 10
578 299 24
578 299 24
578 298 24
579 297 16
579 297 16
580 297 30
580 296 30
581 296 30
581 295 18
581 295 18
582 295 25
583 295 23
584 294 19
585 293 27
585 293 27
586 293 27
587 293 26
587 293 26
589 292 12
589 292 12
589 291 12
591 291 13
591 291 13
592 291 17
593 291 17
593 291 17
594 291 22
595 291 26
595 291 26
596 291 26
597 291 27
597 291 27
598 291 27
599 291 25
599 292 25
600 292 18
601 292 18
601 293 31
601 293 31
602 293 24
603 293 24
603 294 24
603 295 36
604 295 29
605 295 29
605 296 34
605 297 34
605 297 34
606 297 21
606 298 25
607 299 11
607 299 11
607 300 11
607 301 11
608 301 11
608 302 11
608 303 17
608 303 17
609 303 7
609 304 7
609 305 10
609 305 10
609 306 10
609 307 12
609 307 12
609 308 11
609 309 11
609 310 11
609 311 11
609 311 11
608 312 15
607 313 15
607 313 15
607 314 16
607 315 13
607 315 13
606 316 25
605 317 30
605 318 30
605 319 23
605 319 23
605 319 23
604 320 18
604 321 18
604 321 18
604 322 5
603 322 13
603 323 13
603 323 13
602 324 6
602 325 6
601 325 19
601 326 10
601 327 12
600 327 12
600 327 12
599 328 14
599 329 19
599 329 19
598 329 16
597 330 16
597 330 16
597 331 28
596 331 22
595 331 22
595 331 22
594 331 22
594 332 27
593 332 22
593 332 22
592 333 22
591 333 18
591 333 18
590 333 18
589 333 20
589 333 20
588 334 16
587 334 10
587 334 10
586 334 5
585 334 5
585 334 5
584 334 3
583 334 3
583 334 3
582 335 4
581 335 5
581 335 5
580 335 5
579 335 6
579 335 6
578 335 6
577 335 7
577 335 7
576 335 7
575 335 9
575 335 9
574 335 11
573 335 11
573 335 11
572 335 10
571 335 10
571 335 10
570 335 8
569 335 7
569 335 7
568 335 7
567 335 9
567 335 9
566 335 9
565 335 11
565 334 11
564 334 11
563 334 6
563 333 14
562 333 3
562 333 3
561 333 3
560 333 0
559 332 0
559 332 0
559 331 11
558 331 2
557 331 0
557 330 5
555 329 0
555 329 0
554 329 0
553 328 4
553 328 4
552 327 4
551 327 0
551 327 0
551 326 14
550 326 0
549 325 14
549 325 14
548 324 3
547 324 3
547 323 17
547 323 17
547 322 17
546 322 5
545 321 0
545 321 0
545 320 0
545 319 0
544 319 0
543 317 0
543 317 0
543 317 0
543 316 0
543 315 0
543 315 0
542 314 9
541 313 4
541 313 4
541 312 4
541 311 16
541 311 16
541 311 16
541 310 16
541 309 25
541 309 25
540 308 25
540 307 27
540 307 27
540 306 27
539 305 16
539 305 16
539 304 18
539 303 18
539 302 25
539 301 31
539 301 31
539 300 31
539 299 33
539 299 33
539 298 33
539 297 32
539 297 32
538 296 26
538 295 28
538 295 28
538 293 27
538 292 28
538 291 28
538 290 29
537 289 36
537 289 36
537 288 36
537 287 38
537 287 38
537 286 38
537 285 34
537 285 34
537 284 34
537 283 34
537 282 29
537 281 29
537 281 29
537 280 26
537 279 26
537 279 26
537 278 27
537 277 22
537 277 22
537 276 22
537 275 12
537 275 12
537 274 12
537 273 0
537 273 0
538 273 0
539 272 14
540 272 26
541 271 15
541 271 15
542 271 20
543 271 20
543 271 20
544 271 21
545 271 21
545 271 21
545 271 21
546 271 26
547 271 31
547 270 22
548 270 22
549 269 29
550 269 29
551 269 38
551 269 38
552 269 42
552 268 25
553 268 25
553 267 25
554 267 26
555 267 26
555 267 26
556 266 20
557 266 20
557 265 0
558 265 8
559 264 25
559 263 5
559 263 5
559 263 5
560 262 5
560 261 2
561 261 19
561 260 19
561 259 18
561 259 18
561 258 7
561 257 7
562 257 7
562 256 8
562 255 8
562 255 8
563 254 12
563 253 11
563 253 11
563 252 11
563 251 9
563 251 9
563 250 9
563 249 0
563 249 0
563 248 0
563 247 3
563 247 3
563 246 8
563 245 8
563 245 8
563 244 10
563 243 10
563 243 10
563 242 6
563 241 4
563 241 4
563 240 4
563 239 10
563 239 10
563 238 10
563 237 7
563 237 7
563 236 7
563 235 6
563 235 6
563 233 9
563 233 9
563 233 9
563 232 6
563 231 6
563 231 6
562 231 2
562 230 4
562 229 10
562 229 10
562 228 10
562 227 17
561 227 17
561 226 17
561 225 28
560 225 6
559 224 6
559 223 20
559 223 20
559 222 30
559 221 30
558 221 17
557 221 0
557 220 0
557 219 0
556 219 0
555 219 0
555 218 0
554 217 0
554 217 0
553 217 0
553 217 0
552 216 0
551 216 0
551 216 0
551 215 0
550 215 0
550 215 0
549 215 0
549 215 0
548 215 0
547 215 0
547 215 0
546 215 13
545 214 21
545 214 21
544 214 21
543 214 20
543 214 20
542 214 20
541 214 15
541 214 15
540 214 15
539 214 9
539 213 24
538 213 19
538 213 19
Stop
