New Layer
Start
628 455 32
628 455 32
628 456 42
627 456 35
627 456 35
626 456 30
626 456 30
626 456 30
625 456 25
625 456 25
624 456 19
624 456 19
624 456 19
624 456 19
623 457 30
623 457 30
622 457 27
622 457 27
622 457 27
622 457 27
621 457 24
621 457 24
621 457 24
620 457 21
620 457 21
620 457 21
619 457 17
619 457 17
619 457 17
618 457 14
618 457 14
618 457 14
617 457 14
617 457 14
617 457 14
616 457 16
616 457 16
616 457 16
615 457 18
614 457 19
614 458 37
614 458 37
614 458 37
613 458 34
613 458 34
612 458 29
612 458 29
612 458 29
611 458 23
611 458 23
610 458 20
610 458 20
609 458 18
609 458 18
609 458 18
608 459 32
608 459 32
606 459 29
606 459 29
606 459 29
606 459 29
605 459 29
605 459 29
604 459 30
604 459 30
603 459 32
602 459 33
602 459 33
602 459 33
601 459 33
600 459 34
600 459 34
599 459 33
599 459 33
599 459 33
598 459 33
597 459 34
596 459 34
596 459 34
595 459 37
595 459 37
595 459 37
594 459 36
594 459 36
593 459 34
592 459 32
592 459 32
591 459 30
591 459 30
590 459 29
590 459 29
589 459 28
589 459 28
588 459 30
588 459 30
587 459 30
587 459 30
586 459 30
586 459 30
586 459 30
585 459 29
585 459 29
584 459 29
584 459 29
583 459 29
583 459 29
582 459 30
582 459 30
582 459 30
581 459 30
580 459 28
580 459 28
580 459 28
580 459 28
579 459 27
578 459 26
578 459 26
577 459 27
576 459 29
576 459 29
575 459 31
575 459 31
574 459 31
574 459 31
574 459 31
573 459 30
572 459 30
572 459 30
572 459 30
571 459 32
571 459 32
571 459 32
570 459 36
570 459 36
570 459 36
570 459 36
569 459 41
569 459 41
569 459 41
568 459 45
568 459 45
568 459 45
568 459 45
567 459 49
567 459 49
567 459 49
566 459 51
566 459 51
566 459 51
565 459 50
565 459 50
564 459 47
564 459 47
564 459 47
563 459 44
563 458 35
563 458 35
562 458 35
562 458 35
562 458 35
562 458 35
561 458 40
561 458 40
561 458 40
560 458 45
560 458 45
560 458 45
560 458 45
560 458 45
559 458 48
559 458 48
559 458 48
558 457 39
558 457 39
558 457 39
557 457 40
557 457 40
557 457 40
556 457 40
556 456 31
555 456 34
555 456 34
554 456 38
554 456 38
554 456 38
554 456 38
554 456 38
553 456 41
553 455 34
552 455 36
552 455 36
552 455 36
551 455 36
551 455 36
551 454 27
551 454 27
550 454 26
550 454 26
550 454 26
549 454 25
549 454 25
549 454 25
548 454 26
548 454 26
548 454 26
548 454 26
547 454 29
547 454 29
547 454 29
546 454 29
546 454 29
546 454 29
546 454 29
545 454 27
545 454 27
545 454 27
544 454 24
544 454 24
544 454 24
544 454 24
543 454 19
543 454 19
543 454 19
542 454 13
542 454 13
542 454 13
541 454 7
541 454 7
541 455 22
540 455 17
540 455 17
540 455 17
540 455 17
539 455 15
539 455 15
539 455 15
538 455 17
538 455 17
538 455 17
538 455 17
537 455 22
537 455 22
537 455 22
536 455 27
536 455 27
536 455 27
536 455 27
535 455 29
535 454 17
535 454 17
535 454 17
534 454 21
534 454 21
534 454 21
534 454 21
534 454 21
533 454 23
533 453 12
533 453 12
533 453 12
533 453 12
532 453 17
532 452 8
532 452 8
532 452 8
532 452 8
532 451 0
532 451 0
532 451 0
532 450 0
531 450 7
531 450 7
531 450 7
531 449 6
531 449 6
531 448 6
531 448 6
531 448 6
531 448 6
531 447 6
531 447 6
531 447 6
531 446 11
531 446 11
531 446 11
531 446 11
531 445 17
531 445 17
531 445 17
531 444 27
532 444 19
532 444 19
532 444 19
532 444 19
532 443 30
533 443 21
533 443 21
533 443 21
534 442 21
534 442 21
534 442 21
534 442 21
534 442 21
534 441 30
534 441 30
535 441 20
535 440 29
535 440 29
535 440 29
535 440 29
535 440 29
535 439 37
535 439 37
535 439 37
535 438 41
535 438 41
535 438 41
536 438 30
536 438 30
536 437 33
536 437 33
536 437 33
536 436 35
536 436 35
536 436 35
536 435 36
536 435 36
536 435 36
536 434 38
536 434 38
536 434 38
536 434 38
537 434 30
537 433 35
537 433 35
537 433 35
537 432 40
537 432 40
537 432 40
538 432 35
538 432 35
538 432 35
538 432 35
538 432 35
539 432 27
539 432 27
539 432 27
540 431 30
540 431 30
540 431 30
540 431 30
540 431 30
540 431 30
541 431 22
541 430 30
542 430 22
542 430 22
542 430 22
542 430 22
543 430 14
543 429 22
543 429 22
544 429 15
544 429 15
544 428 24
545 428 18
545 428 18
545 428 18
545 427 26
545 427 26
546 427 21
546 427 21
546 427 21
546 427 21
547 427 16
547 426 24
548 426 17
548 426 17
548 426 17
548 426 17
549 426 10
549 425 16
549 425 16
549 424 21
549 424 21
550 424 13
550 423 16
550 423 16
550 422 23
550 422 23
550 422 23
550 421 30
550 421 30
551 421 22
551 420 30
551 420 30
551 420 30
551 420 30
552 419 32
552 419 32
552 418 39
552 418 39
553 418 33
553 418 33
553 418 33
553 418 33
554 417 32
554 417 32
554 417 32
555 417 26
555 417 26
555 417 26
555 416 31
555 416 31
556 416 27
556 416 27
556 416 27
556 416 27
556 415 32
557 415 28
557 415 28
557 415 28
558 414 28
558 414 28
558 414 28
558 414 28
558 414 28
559 413 24
559 413 24
559 413 24
559 413 24
559 413 24
560 412 22
560 412 22
560 412 22
560 412 22
560 411 30
560 411 30
561 411 26
561 411 26
561 410 33
562 410 30
562 410 30
562 410 30
562 410 30
562 409 38
562 409 38
563 409 33
563 408 41
563 408 41
563 408 41
564 408 37
564 408 37
564 408 37
564 407 44
564 407 44
565 407 44
565 407 44
565 407 44
566 407 44
566 407 44
566 407 44
566 407 44
567 407 46
567 407 46
568 407 48
568 407 48
568 407 48
569 408 39
569 408 39
569 408 39
570 408 41
570 408 41
570 408 41
570 409 28
570 409 28
571 409 32
571 409 32
571 409 32
572 409 35
572 409 35
572 410 23
573 410 25
573 410 25
574 410 28
574 410 28
574 411 15
574 411 15
575 411 18
575 411 18
575 411 18
576 411 20
576 411 20
576 411 20
577 411 22
577 411 22
577 411 22
578 411 22
578 411 22
578 411 22
578 411 22
579 411 22
579 411 22
579 411 22
Stop
Start
579 411 22
579 411 22
580 411 22
580 411 22
580 411 22
581 411 22
581 411 22
581 411 22
582 411 21
582 411 21
582 411 21
583 411 21
583 411 21
583 411 21
584 411 21
584 411 21
584 411 21
584 411 21
585 411 21
585 411 21
585 411 21
586 411 19
586 411 19
586 411 19
586 410 32
586 410 32
587 410 30
587 410 30
587 410 30
588 410 28
588 410 28
588 410 28
588 410 28
589 410 25
589 410 25
589 410 25
590 410 23
590 410 23
590 409 35
590 409 35
591 409 33
591 409 33
591 409 33
591 409 33
592 409 31
592 409 31
592 409 31
592 409 31
593 409 28
593 409 28
594 408 37
594 408 37
594 408 37
595 408 35
595 408 35
595 408 35
596 408 33
596 408 33
596 408 33
596 408 33
597 408 32
597 408 32
597 407 46
597 407 46
598 407 46
598 407 46
598 407 46
598 407 46
599 407 46
599 407 46
599 407 46
599 408 32
600 408 33
600 408 33
600 408 33
600 408 33
600 408 33
601 408 36
601 409 22
601 409 22
601 409 22
602 409 26
602 409 26
602 409 26
602 409 26
602 410 14
603 410 21
603 410 21
603 410 21
603 410 21
604 410 31
604 410 31
604 410 31
604 411 22
604 411 22
604 411 22
605 411 32
605 412 24
605 412 24
605 412 24
606 412 33
606 412 33
606 412 33
606 413 24
606 413 24
606 413 24
606 413 24
607 413 34
607 414 24
607 414 24
607 414 24
607 414 24
608 414 33
608 415 23
608 415 23
608 415 23
608 415 23
608 415 23
609 415 32
609 416 21
609 416 21
609 416 21
609 416 21
610 416 29
610 416 29
610 416 29
610 417 19
610 417 19
610 417 19
610 417 19
611 417 28
611 418 17
611 418 17
611 418 17
612 418 24
612 418 24
612 418 24
612 418 24
612 418 24
612 419 13
613 419 19
613 419 19
614 419 24
614 419 24
614 419 24
614 419 24
614 420 12
615 420 17
615 420 17
615 420 17
616 420 22
616 420 22
616 420 22
617 420 27
617 421 13
617 421 13
618 421 19
618 421 19
618 421 19
618 421 19
619 421 23
619 422 11
619 422 11
619 422 11
620 422 18
620 422 18
620 422 18
620 422 18
621 422 25
621 422 25
621 422 25
622 422 33
622 422 33
622 422 33
622 422 33
622 422 33
623 422 39
623 422 39
623 423 28
623 423 28
624 423 33
624 423 33
624 423 33
625 424 26
625 424 26
625 424 26
625 424 26
626 424 31
626 424 31
626 424 31
627 425 25
627 425 25
628 425 31
628 426 22
628 426 22
628 426 22
629 426 28
629 426 28
629 427 21
629 427 21
629 427 21
630 427 27
630 427 27
630 427 27
630 427 27
630 428 20
630 428 20
631 428 25
631 428 25
631 428 25
631 428 25
631 429 19
632 429 24
632 429 24
632 429 24
632 429 24
632 430 18
632 430 18
633 430 23
633 430 23
633 430 23
634 430 27
634 430 27
634 431 21
634 431 21
635 431 26
635 431 26
635 431 26
636 432 22
636 432 22
636 432 22
636 432 22
637 432 24
637 432 24
637 432 24
638 432 25
638 432 25
638 433 22
638 433 22
638 433 22
638 433 22
639 433 25
639 434 26
639 434 26
639 434 26
639 434 26
639 435 28
638 435 24
638 435 24
638 436 27
638 436 27
638 436 27
638 436 27
638 437 32
638 437 32
637 437 26
637 437 26
637 437 26
637 438 29
637 438 29
636 438 21
636 439 25
636 439 25
636 439 25
636 440 26
636 440 26
636 440 26
636 440 26
636 441 25
636 441 25
636 441 25
636 442 25
636 442 25
636 442 25
636 442 25
636 443 23
636 443 23
636 443 23
636 444 21
636 444 21
636 444 21
636 444 21
636 445 18
636 445 18
636 445 18
636 446 16
636 446 16
636 446 16
636 446 16
637 447 22
637 447 22
637 448 22
637 448 22
637 448 22
637 448 22
637 448 22
637 449 24
637 449 24
637 449 24
637 449 24
637 450 26
636 450 19
636 450 19
636 450 19
636 450 19
636 451 25
636 451 25
635 451 18
635 451 18
635 451 18
635 451 18
634 452 22
634 452 22
634 452 22
634 452 22
633 453 28
633 453 28
632 453 23
632 453 23
632 453 23
632 453 23
632 454 36
631 454 33
631 454 33
631 454 33
630 454 30
630 454 30
630 454 30
630 454 30
629 455 38
629 455 38
629 455 38
628 455 32
628 455 32
628 456 42
627 456 35
627 456 35
627 456 35
Stop
New Layer
Start
602 407 48
602 407 48
Stop
Start
601 408 36
601 408 36
600 408 33
600 408 33
600 408 33
600 408 33
600 408 33
599 408 32
599 408 32
599 408 32
598 408 32
598 408 32
598 408 32
598 408 32
597 408 32
597 408 32
597 409 18
596 409 19
596 409 19
596 409 19
596 409 19
595 409 22
595 409 22
595 409 22
594 409 25
594 409 25
594 409 25
594 409 25
593 409 28
593 409 28
593 409 28
592 409 31
592 409 31
592 409 31
592 409 31
591 409 33
591 409 33
590 409 35
590 409 35
590 409 35
590 409 35
589 409 37
589 409 37
589 409 37
588 409 40
588 409 40
588 409 40
588 409 40
587 409 43
587 409 43
587 409 43
586 409 44
586 409 44
586 409 44
586 409 44
585 409 46
585 409 46
585 409 46
584 409 46
584 409 46
584 409 46
584 409 46
583 409 47
583 409 47
583 409 47
582 409 48
582 409 48
582 409 48
582 409 48
581 409 49
581 409 49
581 409 49
580 409 49
580 409 49
580 409 49
580 409 49
579 409 48
579 409 48
579 409 48
578 409 47
578 409 47
578 409 47
578 409 47
577 409 46
577 409 46
577 409 46
576 409 45
576 409 45
575 409 44
575 409 44
575 409 44
574 409 41
574 409 41
574 409 41
574 409 41
573 409 38
573 409 38
573 409 38
572 409 35
572 409 35
572 409 35
571 409 32
571 409 32
571 409 32
570 409 28
570 408 41
570 408 41
570 408 41
569 408 39
569 408 39
569 408 39
568 408 38
568 407 48
568 407 48
567 407 46
567 407 46
567 407 46
566 407 44
566 407 44
566 406 52
566 406 52
566 406 52
565 406 51
565 406 51
565 406 51
564 406 51
564 406 51
564 407 44
564 407 44
563 407 45
563 407 45
563 407 45
563 408 41
562 408 44
562 408 44
562 408 44
562 408 44
562 408 44
562 408 44
562 409 38
561 409 40
561 409 40
561 409 40
561 409 40
561 410 33
560 410 36
560 410 36
560 410 36
560 410 36
560 411 30
560 411 30
560 411 30
559 411 34
559 411 34
559 412 29
559 412 29
559 412 29
559 412 29
558 412 36
558 413 32
558 413 32
558 413 32
558 413 32
557 414 33
557 414 33
557 414 33
557 414 33
556 414 38
556 415 32
556 415 32
556 415 32
556 415 32
556 415 32
556 416 27
555 416 31
555 416 31
555 416 31
555 416 31
555 417 26
554 417 32
554 417 32
554 417 32
554 418 25
554 418 25
554 418 25
553 418 33
553 418 33
553 418 33
553 419 25
552 419 32
552 420 24
552 420 24
552 420 24
552 420 24
552 420 24
551 421 22
551 421 22
551 421 22
551 421 22
551 422 15
550 422 23
550 422 23
550 422 23
550 422 23
550 423 16
549 423 26
549 423 26
549 423 26
549 424 21
549 424 21
548 424 30
548 424 30
548 424 30
548 425 24
548 425 24
547 425 31
547 426 24
547 426 24
547 426 24
546 426 29
546 426 29
546 427 21
546 427 21
546 427 21
545 427 26
545 427 26
545 428 18
544 428 24
544 428 24
544 428 24
544 428 24
544 428 24
543 428 30
543 429 22
542 429 29
542 429 29
542 429 29
542 429 29
542 430 22
542 430 22
542 430 22
542 430 22
542 430 22
542 430 22
541 431 22
541 431 22
541 431 22
540 431 30
540 432 20
540 432 20
539 432 27
539 432 27
539 432 27
539 432 27
539 432 27
538 432 35
538 433 27
538 433 27
538 433 27
538 434 21
537 434 30
537 434 30
537 434 30
537 435 26
537 435 26
536 436 35
536 436 35
536 436 35
536 436 35
536 437 33
536 437 33
536 437 33
536 437 33
536 438 30
536 438 30
535 438 41
535 438 41
535 439 37
535 439 37
535 439 37
535 439 37
534 440 38
534 440 38
534 440 38
534 440 38
534 440 38
534 441 30
534 441 30
533 441 38
533 442 30
533 442 30
533 442 30
533 442 30
532 442 37
532 443 30
532 443 30
532 443 30
532 444 19
532 444 19
532 444 19
532 444 19
531 444 27
531 444 27
531 445 17
531 445 17
531 445 17
531 446 11
530 446 21
530 446 21
530 446 21
530 447 17
530 447 17
530 447 17
530 447 17
530 448 16
530 448 16
530 448 16
530 449 15
530 449 15
530 449 15
530 450 17
530 450 17
530 450 17
530 450 17
530 451 19
530 451 19
530 451 19
530 452 23
530 452 23
530 452 23
530 452 23
530 452 23
530 453 28
531 453 23
531 453 23
531 453 23
531 454 30
531 454 30
531 454 30
532 454 27
532 454 27
532 454 27
532 454 27
532 454 27
533 455 32
533 455 32
533 455 32
533 455 32
534 455 31
534 455 31
534 455 31
534 456 38
535 456 39
535 456 39
535 456 39
536 456 38
536 456 38
536 456 38
537 456 34
537 456 34
537 456 34
538 456 30
538 456 30
538 456 30
539 456 29
539 456 29
539 456 29
540 456 31
540 456 31
540 456 31
541 455 22
541 455 22
541 455 22
542 455 29
542 455 29
542 455 29
543 454 19
543 454 19
543 454 19
544 454 24
544 454 24
544 454 24
544 454 24
545 454 27
545 454 27
546 454 29
546 454 29
546 454 29
546 454 29
547 454 29
547 454 29
547 454 29
548 454 26
548 454 26
548 454 26
548 454 26
549 454 25
549 454 25
549 454 25
550 454 26
550 454 26
550 454 26
550 454 26
551 454 27
551 454 27
551 454 27
552 454 26
552 454 26
552 454 26
552 454 26
553 454 23
553 454 23
553 455 34
554 455 30
554 455 30
554 455 30
554 455 30
554 455 30
555 455 24
555 455 24
555 455 24
556 455 19
556 455 19
556 456 31
557 456 28
557 456 28
557 456 28
558 456 26
558 456 26
558 456 26
559 456 22
559 456 22
559 456 22
560 456 18
560 456 18
560 456 18
560 457 33
561 457 28
561 457 28
561 457 28
562 457 23
562 457 23
562 457 23
562 457 23
563 457 21
563 457 21
563 457 21
564 457 20
564 457 20
564 457 20
565 457 19
565 457 19
565 457 19
566 457 17
566 458 35
566 458 35
566 458 35
567 458 32
567 458 32
567 458 32
568 458 28
568 458 28
568 458 28
568 458 28
569 458 23
569 458 23
569 458 23
570 458 18
570 458 18
570 458 18
570 458 18
571 458 12
571 458 12
571 458 12
572 458 11
572 458 11
572 458 11
572 458 11
573 458 10
573 458 10
574 458 11
574 458 11
574 458 11
575 458 10
575 458 10
575 458 10
576 458 9
576 458 9
576 458 9
576 458 9
577 458 7
577 458 7
577 458 7
578 458 6
578 458 6
578 458 6
578 458 6
579 458 7
579 458 7
579 458 7
580 458 8
580 459 28
580 459 28
580 459 28
581 459 30
581 459 30
581 459 30
582 459 30
582 459 30
582 459 30
582 459 30
582 459 30
583 459 29
583 459 29
584 459 29
584 459 29
584 459 29
584 459 29
585 460 48
585 460 48
585 460 48
586 460 48
586 460 48
586 460 48
587 460 48
587 460 48
587 460 48
588 460 47
588 460 47
588 460 47
588 460 47
589 460 46
589 460 46
589 460 46
590 460 45
590 460 45
590 460 45
590 460 45
591 460 45
591 460 45
591 460 45
592 460 46
592 460 46
592 460 46
592 460 46
593 460 48
593 460 48
593 460 48
594 460 49
594 460 49
594 460 49
594 460 49
595 460 49
595 460 49
595 460 49
596 460 48
596 460 48
596 460 48
596 460 48
597 460 47
597 460 47
598 460 46
598 460 46
598 460 46
599 460 46
599 460 46
600 460 47
600 460 47
600 460 47
601 460 47
601 460 47
602 460 47
602 460 47
602 460 47
603 460 46
603 460 46
603 460 46
604 460 44
604 460 44
604 460 44
605 460 43
605 460 43
606 460 43
606 460 43
606 460 43
606 460 43
607 460 43
607 460 43
608 460 43
608 460 43
608 460 43
609 460 44
609 460 44
609 460 44
610 460 46
610 460 46
610 460 46
610 460 46
611 460 49
611 460 49
611 460 49
612 460 54
612 460 54
612 459 45
612 459 45
613 459 50
613 459 50
613 459 50
614 459 52
614 459 52
614 459 52
614 458 37
615 458 37
615 458 37
616 458 34
616 458 34
616 458 34
616 458 34
617 458 32
617 458 32
617 458 32
618 458 32
618 458 32
618 458 32
618 458 32
619 458 34
619 458 34
619 458 34
620 458 38
620 458 38
620 458 38
620 458 38
621 458 40
621 458 40
621 458 40
621 457 24
622 457 27
622 457 27
622 457 27
622 457 27
623 457 30
623 457 30
624 457 34
624 457 34
624 456 19
625 456 25
625 456 25
626 456 30
626 456 30
626 456 30
627 456 35
627 456 35
627 456 35
628 456 42
628 456 42
628 456 42
628 456 42
628 455 32
629 455 38
629 455 38
629 455 38
630 455 42
630 455 42
630 455 42
630 455 42
631 455 44
631 454 33
631 454 33
632 454 36
632 454 36
632 454 36
632 454 36
633 454 38
633 454 38
633 453 28
634 453 32
634 453 32
635 453 35
635 452 27
635 452 27
635 452 27
636 452 31
636 452 31
636 452 31
636 452 31
636 451 25
636 451 25
637 451 30
637 450 26
637 450 26
637 450 26
637 450 26
637 449 24
637 449 24
637 449 24
637 448 22
637 448 22
637 448 22
637 448 22
637 447 22
637 447 22
637 446 23
637 446 23
637 446 23
637 446 23
637 445 25
636 444 21
636 444 21
636 444 21
636 443 23
636 443 23
636 442 25
636 442 25
636 442 25
636 442 25
636 441 25
636 441 25
636 440 26
636 440 26
636 439 25
636 439 25
636 439 25
636 438 21
636 438 21
636 438 21
636 438 21
636 437 17
636 437 17
636 437 17
636 436 13
636 436 13
636 436 13
636 436 13
636 436 13
636 435 12
636 435 12
637 435 18
637 435 18
637 435 18
637 434 18
637 434 18
638 434 22
638 434 22
638 433 22
638 433 22
638 433 22
638 432 25
638 432 25
638 432 25
638 432 25
638 431 30
638 431 30
638 431 30
638 430 34
638 430 34
638 430 34
638 430 34
637 430 34
637 430 34
637 429 37
637 429 37
636 429 36
636 429 36
636 429 36
635 429 34
635 428 37
635 428 37
635 428 37
634 428 35
634 428 35
634 428 35
634 428 35
633 428 33
633 428 33
632 427 34
632 427 34
632 427 34
631 427 30
631 426 34
630 426 31
630 426 31
630 426 31
629 426 28
629 425 35
629 425 35
628 425 31
628 425 31
628 424 39
628 424 39
627 424 36
627 424 36
627 424 36
626 424 31
626 424 31
626 424 31
626 423 42
625 423 37
625 423 37
625 423 37
624 423 33
624 422 43
624 422 43
624 422 43
623 422 39
623 422 39
622 422 33
622 421 42
622 421 42
621 421 34
621 421 34
621 420 44
620 420 39
620 420 39
620 420 39
620 420 39
619 420 35
618 419 40
618 419 40
618 419 40
618 419 40
617 418 47
617 418 47
617 418 47
616 418 44
616 418 44
616 418 44
615 418 39
615 417 47
614 417 44
614 417 44
614 417 44
614 417 44
614 416 48
613 416 45
613 416 45
612 416 41
612 416 41
612 415 46
611 415 43
611 415 43
610 415 38
610 415 38
610 414 45
610 414 45
609 414 40
609 414 40
609 414 40
608 414 33
608 413 40
608 413 40
608 413 40
608 413 40
607 413 34
607 413 34
607 413 34
607 413 34
606 413 24
606 412 33
606 412 33
606 412 33
606 412 33
605 412 24
605 411 32
605 411 32
605 411 32
604 411 22
604 411 22
604 410 31
604 410 31
604 410 31
604 410 31
603 410 21
603 409 32
603 409 32
603 409 32
603 409 32
603 409 32
603 408 41
602 408 38
602 408 38
602 408 38
602 408 38
602 407 48
602 407 48
602 407 48
Stop
New Layer
Start
564 408 37
564 408 37
563 408 41
563 408 41
563 408 41
562 409 38
562 409 38
562 409 38
562 410 30
562 410 30
562 410 30
561 410 33
561 410 33
561 411 26
561 411 26
560 411 30
560 412 22
560 412 22
560 412 22
560 412 22
560 412 22
560 412 22
559 413 24
559 413 24
559 413 24
559 413 24
558 413 32
558 413 32
558 414 28
558 414 28
558 414 28
557 414 33
557 414 33
557 414 33
557 414 33
556 414 38
556 415 32
556 415 32
556 415 32
555 415 35
555 416 31
555 416 31
554 416 37
554 416 37
554 416 37
554 416 37
554 417 32
553 417 39
553 417 39
553 417 39
553 417 39
553 417 39
552 418 39
552 418 39
552 418 39
552 418 39
552 418 39
552 418 39
552 419 32
551 419 37
551 419 37
551 419 37
551 419 37
551 420 30
550 420 36
550 420 36
550 420 36
550 420 36
550 420 36
550 421 30
549 421 37
549 421 37
549 422 31
549 422 31
549 422 31
548 422 39
548 422 39
548 423 33
548 423 33
548 423 33
548 424 30
548 424 30
547 424 38
547 424 38
547 424 38
547 425 31
546 425 35
546 425 35
546 426 29
546 426 29
545 426 33
545 426 33
545 427 26
545 427 26
544 427 30
544 428 24
544 428 24
544 428 24
543 428 30
543 429 22
543 429 22
542 429 29
542 429 29
542 430 22
542 430 22
542 430 22
541 430 30
541 430 30
541 430 30
541 430 30
541 430 30
540 431 30
540 431 30
540 431 30
540 431 30
540 431 30
539 432 27
539 432 27
539 432 27
538 432 35
538 433 27
538 433 27
538 433 27
538 434 21
538 434 21
538 434 21
537 434 30
537 435 26
537 435 26
537 435 26
537 436 22
537 436 22
537 436 22
536 436 35
536 437 33
536 437 33
536 437 33
536 438 30
536 438 30
536 438 30
536 438 30
536 438 30
536 438 30
536 439 24
536 439 24
536 439 24
535 439 37
535 440 29
535 440 29
535 440 29
535 440 29
535 440 29
535 440 29
535 441 20
534 441 30
534 441 30
534 442 21
534 442 21
534 442 21
534 442 21
534 442 21
533 443 21
533 443 21
533 443 21
533 444 10
532 444 19
532 444 19
532 444 19
532 444 19
532 444 19
532 444 19
532 445 8
531 445 17
531 445 17
531 445 17
531 445 17
531 446 11
530 446 21
530 446 21
530 446 21
530 447 17
530 447 17
530 447 17
530 448 16
530 448 16
530 448 16
530 448 16
530 449 15
530 449 15
530 449 15
530 450 17
530 450 17
530 450 17
530 450 17
531 451 10
531 451 10
531 451 10
531 452 16
531 452 16
531 452 16
532 452 8
532 452 8
532 452 8
532 452 8
532 453 17
532 453 17
533 453 12
533 453 12
533 453 12
533 454 23
534 454 21
534 454 21
534 454 21
534 454 21
534 454 21
535 454 17
535 455 29
535 455 29
535 455 29
536 455 27
536 455 27
536 456 38
536 456 38
536 456 38
537 456 34
537 456 34
538 456 30
538 456 30
538 456 30
538 456 30
538 456 30
539 456 29
Stop
Start
565 408 36
565 408 36
566 408 36
566 408 36
566 408 36
566 408 36
566 408 36
566 409 26
567 409 26
567 409 26
567 409 26
568 409 27
568 409 27
568 410 17
569 410 17
569 410 17
569 410 17
569 410 17
570 410 19
570 410 19
570 410 19
570 410 19
571 410 20
571 410 20
571 410 20
571 410 20
572 410 23
572 410 23
572 410 23
572 410 23
573 410 25
573 410 25
573 410 25
574 410 28
574 410 28
574 410 28
574 410 28
575 410 30
575 410 30
575 411 18
576 411 20
576 411 20
576 411 20
576 411 20
577 411 22
577 411 22
577 411 22
578 411 22
578 411 22
578 411 22
579 411 22
579 411 22
579 411 22
580 411 22
580 411 22
580 411 22
580 411 22
581 411 22
581 411 22
581 411 22
582 411 21
582 411 21
582 411 21
582 411 21
583 411 21
583 411 21
583 411 21
584 411 21
584 411 21
584 411 21
584 411 21
585 411 21
585 411 21
585 411 21
586 411 19
586 411 19
586 411 19
586 411 19
587 411 18
587 411 18
587 411 18
588 411 15
588 411 15
588 411 15
588 411 15
589 411 13
589 410 25
589 410 25
590 410 23
590 410 23
590 410 23
590 410 23
591 410 21
591 410 21
592 410 20
592 410 20
592 410 20
592 410 20
592 410 20
593 410 16
593 410 16
593 410 16
594 410 13
594 409 25
594 409 25
594 409 25
594 409 25
594 409 25
595 409 22
595 409 22
595 409 22
596 409 19
596 409 19
596 409 19
597 409 18
597 409 18
597 409 18
598 409 18
598 409 18
598 408 32
598 408 32
599 408 32
599 408 32
599 408 32
600 408 33
600 408 33
600 408 33
600 408 33
600 408 33
601 408 36
601 408 36
601 408 36
602 409 26
602 409 26
602 409 26
602 409 26
602 410 14
603 410 21
603 410 21
603 410 21
603 410 21
604 410 31
604 411 22
604 411 22
604 411 22
604 411 22
604 412 14
605 412 24
605 412 24
605 412 24
605 412 24
605 412 24
605 412 24
606 413 24
606 413 24
606 413 24
606 413 24
606 414 14
606 414 14
607 414 24
607 415 14
608 416 12
608 416 12
608 416 12
608 416 12
608 417 2
609 417 10
609 417 10
609 417 10
610 418 8
610 418 8
610 418 8
610 418 8
611 418 17
611 419 7
611 419 7
611 419 7
612 419 13
612 419 13
612 419 13
613 420 8
613 420 8
613 420 8
614 420 12
614 420 12
614 420 12
615 420 17
615 420 17
615 420 17
616 420 22
616 420 22
616 421 7
616 421 7
616 421 7
617 421 13
617 421 13
617 421 13
618 421 19
618 421 19
618 421 19
619 422 11
619 422 11
620 422 18
620 422 18
620 422 18
620 422 18
620 422 18
621 422 25
621 423 14
622 423 22
622 423 22
622 423 22
622 423 22
622 423 22
623 423 28
623 424 17
624 424 21
624 424 21
624 424 21
624 424 21
625 424 26
625 425 13
626 425 19
626 425 19
626 425 19
627 426 15
627 426 15
627 426 15
628 426 22
628 426 22
628 427 14
628 427 14
629 427 21
629 427 21
629 428 13
630 428 20
630 428 20
630 428 20
630 429 12
631 429 19
631 429 19
631 429 19
631 429 19
632 430 18
632 430 18
632 430 18
632 430 18
633 430 23
633 430 23
633 430 23
633 431 16
634 431 21
634 431 21
634 432 15
634 432 15
635 432 20
635 432 20
635 432 20
635 433 13
636 433 17
636 433 17
636 434 13
636 434 13
636 434 13
636 434 13
636 435 12
636 435 12
636 435 12
636 436 13
636 436 13
636 436 13
636 436 13
636 437 17
636 437 17
636 437 17
636 438 21
636 438 21
636 438 21
636 438 21
636 439 25
636 439 25
636 439 25
636 440 26
636 440 26
636 440 26
636 441 25
637 441 31
637 442 29
637 442 29
637 442 29
637 442 29
637 443 29
637 443 29
637 443 29
637 444 27
637 444 27
637 444 27
637 445 25
637 445 25
637 445 25
637 446 23
637 446 23
637 446 23
637 446 23
637 447 22
637 447 22
637 447 22
637 448 22
637 448 22
637 448 22
637 448 22
636 449 16
636 449 16
636 449 16
636 449 16
636 450 19
636 450 19
635 450 12
635 450 12
635 450 12
634 450 5
634 450 5
634 450 5
634 451 12
634 451 12
633 451 4
633 451 4
633 451 4
632 452 11
632 452 11
632 452 11
632 452 11
631 452 7
631 452 7
631 452 7
630 452 3
630 452 3
630 453 13
630 453 13
629 453 9
629 453 9
629 453 9
629 453 9
628 453 6
628 454 18
628 454 18
627 454 10
627 454 10
627 454 10
627 454 10
626 454 3
626 454 3
626 454 3
626 454 3
625 455 11
625 455 11
625 455 11
624 455 4
624 455 4
624 455 4
624 455 4
623 456 14
623 456 14
623 456 14
622 456 12
622 456 12
622 456 12
622 456 12
621 456 10
621 456 10
621 456 10
620 456 6
620 456 6
620 456 6
620 456 6
620 457 21
619 457 17
619 457 17
619 457 17
618 457 14
618 457 14
618 457 14
618 457 14
617 457 14
617 457 14
617 457 14
616 457 16
616 457 16
616 457 16
616 457 16
615 457 18
615 457 18
614 457 19
614 457 19
614 457 19
614 457 19
613 457 15
613 457 15
613 457 15
612 457 11
612 457 11
612 457 11
612 457 11
611 457 8
611 457 8
611 458 23
610 458 20
610 458 20
610 458 20
610 458 20
609 458 18
609 458 18
609 458 18
608 458 16
608 458 16
608 458 16
608 458 16
607 458 14
607 458 14
607 458 14
606 458 11
606 458 11
606 458 11
605 458 10
605 458 10
605 458 10
604 458 11
604 458 11
604 458 11
604 458 11
604 458 11
603 458 13
603 458 13
603 458 13
602 458 14
602 458 14
602 458 14
602 458 14
601 458 14
601 458 14
600 458 15
600 458 15
600 458 15
600 458 15
599 458 15
599 458 15
599 458 15
598 459 33
598 459 33
597 459 34
597 459 34
596 459 34
596 459 34
596 459 34
595 459 37
595 459 37
595 459 37
594 459 36
594 459 36
594 459 36
593 459 34
593 459 34
593 459 34
592 459 32
592 459 32
591 459 30
591 459 30
591 459 30
590 459 29
590 459 29
590 459 29
590 459 29
590 459 29
589 459 28
589 459 28
589 459 28
588 459 30
588 459 30
588 459 30
588 459 30
587 459 30
587 459 30
587 459 30
586 459 30
586 459 30
586 459 30
586 459 30
585 459 29
585 459 29
585 459 29
584 459 29
584 459 29
584 459 29
584 459 29
583 459 29
583 459 29
582 459 30
582 459 30
582 459 30
581 459 30
581 459 30
580 459 28
580 459 28
580 459 28
580 459 28
579 459 27
579 459 27
579 459 27
578 459 26
578 459 26
578 459 26
578 459 26
577 459 27
577 459 27
576 459 29
576 459 29
576 459 29
576 459 29
575 459 31
575 459 31
575 459 31
574 459 31
574 459 31
573 459 30
573 459 30
573 459 30
572 459 30
572 459 30
571 459 32
571 459 32
571 459 32
570 459 36
570 459 36
570 459 36
570 459 36
569 459 41
569 459 41
568 459 45
568 459 45
568 459 45
568 459 45
567 458 32
567 458 32
567 458 32
566 458 35
566 458 35
565 458 36
565 458 36
564 458 36
564 458 36
564 458 36
564 458 36
563 458 35
563 458 35
563 458 35
562 457 23
562 457 23
562 457 23
561 457 28
561 457 28
561 457 28
560 457 33
560 457 33
560 457 33
560 457 33
559 457 37
559 457 37
558 457 39
558 457 39
558 457 39
558 456 26
557 456 28
557 456 28
556 456 31
556 456 31
556 456 31
556 456 31
555 456 34
555 456 34
554 456 38
554 456 38
554 456 38
553 456 41
553 455 34
552 455 36
552 455 36
551 455 36
550 455 35
550 455 35
550 455 35
549 455 35
549 455 35
549 455 35
548 454 26
548 454 26
548 454 26
547 454 29
547 454 29
547 454 29
546 454 29
546 454 29
546 454 29
545 454 27
545 454 27
545 454 27
544 454 24
544 454 24
544 454 24
544 454 24
543 454 19
543 454 19
543 454 19
542 454 13
542 454 13
542 455 29
542 455 29
541 455 22
541 455 22
541 455 22
540 455 17
540 455 17
540 455 17
540 456 31
540 456 31
539 456 29
539 456 29
538 456 30
538 456 30
538 456 30
538 456 30
538 456 30
Stop
