New Layer
Start
1251 650 35
1250 650 31
1250 650 31
1249 650 27
1248 651 27
1247 652 27
1246 652 25
1246 652 25
1245 653 26
1245 653 26
1244 654 27
1242 654 19
1241 655 19
1240 655 18
1239 656 16
1238 656 17
1237 656 18
1236 657 21
1234 658 21
1233 658 17
1232 659 18
1231 659 12
1230 660 13
1229 660 9
1226 661 4
1224 662 6
1223 663 8
1222 663 7
1220 664 9
1219 664 9
1217 665 12
1216 665 10
1213 665 5
1212 666 7
1210 666 4
1210 666 4
1208 667 5
1208 667 5
1206 667 3
1205 668 9
1203 669 16
1201 670 24
1200 670 22
1199 670 20
1197 671 21
1195 671 18
1195 671 18
1193 672 21
1190 672 18
1188 673 23
1186 673 20
1184 674 22
1182 674 16
1180 675 22
1179 675 22
1178 675 23
1177 676 31
1175 676 28
1174 676 25
1173 677 27
1172 677 25
1171 677 23
1170 677 22
1168 677 22
1166 677 21
1165 677 20
1163 677 21
1163 677 21
1161 677 24
1161 677 24
1160 676 19
1158 676 20
1156 676 20
1155 676 20
1153 675 16
1152 675 19
1151 674 16
1150 674 18
1148 673 17
1147 673 18
1146 673 19
1145 673 20
1145 673 20
1144 673 20
1143 672 15
1143 672 15
1141 672 18
1140 671 16
1139 671 18
1137 670 23
1136 670 23
1135 670 22
1135 669 17
1134 669 16
1133 669 15
1131 668 11
1128 667 12
1125 666 13
1121 665 12
1119 664 7
1118 663 3
1117 663 5
1116 663 7
1116 662 3
1115 662 5
1114 662 7
1113 661 4
1112 661 6
1110 661 12
1109 660 11
1107 659 11
1105 659 15
1104 658 12
1102 657 15
1102 657 15
1101 657 17
1100 656 16
1098 655 18
1097 654 17
1095 653 17
1093 652 18
1092 651 16
1091 650 14
1090 650 17
1089 649 16
1089 649 16
1088 648 16
1087 647 12
1087 647 12
1086 647 16
1085 646 14
1084 646 19
1083 645 19
1082 644 21
1081 643 23
1079 641 24
1078 640 26
1078 639 23
1077 639 28
1076 638 29
1076 637 26
1075 636 27
1075 635 25
1074 634 24
1074 634 24
1073 632 18
1072 631 15
1071 630 13
1071 629 11
1070 628 11
1070 627 11
1069 626 14
1068 625 17
1068 625 17
1067 624 19
1067 623 19
1067 622 20
1066 622 23
1066 620 24
1066 619 25
1065 618 29
1065 618 29
1065 617 30
1065 617 30
1064 616 34
1064 615 36
1064 614 35
1064 613 35
1064 612 34
1063 611 38
1063 610 37
1063 609 35
1063 608 35
1063 608 35
1063 607 33
1063 606 32
1063 605 31
1063 604 30
1063 603 30
1063 601 30
1063 600 30
1062 600 38
1062 599 38
1062 599 38
1062 598 37
1062 597 37
1062 596 37
1062 595 38
1062 593 38
1062 592 37
1062 590 37
1062 589 37
1062 588 38
1062 587 39
1062 586 40
1062 586 40
1062 585 41
1062 584 41
1062 583 42
1062 582 42
1062 580 44
1062 578 46
1062 576 49
1062 575 51
1063 575 45
1063 574 46
1063 574 46
1063 574 46
1063 574 46
1063 573 47
1063 573 47
1063 572 48
1063 572 48
1064 571 44
1064 571 44
1064 571 44
1064 571 44
1064 571 44
1065 570 39
1065 570 39
1065 570 39
1066 570 35
1066 571 34
1066 571 34
1066 571 34
1067 572 31
1067 573 31
1067 574 30
1068 575 29
1068 575 29
1068 576 30
1068 577 29
1069 577 31
1069 578 30
1069 579 31
1069 579 31
1070 580 34
1070 581 33
1070 581 33
1070 582 32
1070 582 32
1071 582 34
1071 583 32
1072 583 33
1073 583 34
1074 584 30
1075 584 30
1076 585 28
1077 585 27
1077 585 27
1078 585 26
1078 586 26
1078 586 26
1079 587 25
1079 587 25
1080 588 24
1080 589 23
1080 590 23
1081 591 22
1081 592 21
1081 593 21
1082 593 21
1082 594 21
1083 595 22
1083 596 22
1084 597 24
1085 598 25
1086 598 27
1087 599 27
1088 600 24
1090 601 20
1091 601 18
1092 602 15
1093 602 15
1094 602 16
1096 602 19
1098 602 23
1100 603 23
1101 603 22
1103 603 19
1104 603 18
1105 603 17
1106 603 16
1107 603 16
1108 603 16
1110 603 17
1111 603 17
1112 603 17
1114 603 16
1115 602 17
1116 602 17
1117 602 17
1119 602 18
1119 602 18
1120 602 20
1120 602 20
1121 602 20
1121 601 23
1122 601 23
1124 601 21
1125 600 22
1126 600 20
1128 600 17
1129 599 19
1131 598 21
1132 598 21
1133 598 21
1134 597 23
1135 597 23
1136 596 23
1137 596 21
1138 595 21
1139 595 19
1140 595 18
1143 595 20
1145 595 20
1146 595 20
1147 596 18
1148 596 16
1149 596 15
1150 597 15
1151 598 15
1153 598 23
1154 599 24
1156 600 25
1157 601 22
1157 601 22
1158 602 21
1158 602 21
1158 603 18
1159 604 19
1159 604 19
1159 605 19
1159 605 19
1159 606 19
1159 607 19
1159 607 19
1159 608 19
1159 608 19
1159 609 20
1158 610 19
1158 610 19
1158 611 20
1158 612 21
1158 613 22
1159 614 23
1159 615 23
1159 616 22
1159 617 21
1160 618 23
1160 619 21
1160 620 19
1160 621 17
1161 622 15
1162 623 15
1163 624 13
1164 625 12
1166 627 8
1167 628 6
1169 629 4
1170 630 3
1173 631 5
1175 632 4
1176 633 2
1178 633 2
1179 634 1
1180 634 1
1182 635 0
1183 635 0
1184 635 0
1184 635 0
1185 635 0
1186 635 0
1187 635 1
1188 635 1
1189 634 3
1190 634 6
1191 634 8
1192 634 11
1193 634 14
1194 634 16
1196 634 14
1197 634 13
1198 634 12
1199 634 11
1201 634 11
1203 634 12
1204 634 12
1205 634 13
1206 634 15
1207 635 13
1208 635 16
1209 635 17
1210 635 19
1210 635 19
1211 635 21
1212 635 21
1213 635 21
1214 634 24
1215 634 22
1217 634 22
1218 634 23
1220 634 27
1221 634 28
1222 635 25
1223 635 26
1224 635 27
1224 635 27
1225 636 25
1225 636 25
1225 636 25
1226 637 24
1226 638 21
1227 638 23
1227 639 20
1228 640 21
1229 641 23
1229 641 23
1230 642 24
1230 643 22
1231 644 22
1231 644 22
1231 644 22
1231 644 22
1232 645 20
1232 645 20
1233 645 20
1234 645 19
1235 645 19
1236 645 18
1237 645 18
1237 645 18
1237 645 18
1237 645 18
1238 645 17
1238 645 17
1238 645 17
1238 645 17
1239 644 19
1239 644 19
1239 643 22
1240 643 21
1240 642 24
1241 642 24
1242 642 25
1242 642 25
1243 641 29
1243 641 29
1244 641 29
1245 641 30
1245 641 30
1246 641 30
1247 641 29
1248 641 27
1249 641 28
1249 641 28
1250 641 26
1250 641 26
1250 641 26
1251 641 26
1251 641 26
1251 642 22
1252 642 25
1252 643 24
1252 643 24
1253 643 27
1253 644 26
1253 644 26
1253 644 26
1253 644 26
1253 645 27
1253 645 27
1253 645 27
1254 646 34
1254 646 34
1254 647 38
1254 647 38
1254 647 38
1254 647 38
1254 647 38
1254 648 42
1253 648 37
1253 648 37
1253 648 37
1253 648 37
1253 649 41
1252 649 36
1252 649 36
1252 649 36
1251 649 32
1251 650 35
1251 650 35
Stop
Start
1197 410 29
1197 410 29
1196 410 26
1196 409 29
1196 409 29
1195 409 26
1195 409 26
1194 409 24
1193 409 23
1191 408 27
1189 408 29
1187 408 29
1185 408 25
1184 408 24
1183 408 22
1182 408 20
1180 408 18
1179 408 18
1177 408 20
1175 408 21
1174 408 22
1172 409 23
1171 409 24
1171 409 24
1171 409 24
1170 409 24
1168 408 25
1167 408 23
1166 407 23
1166 407 23
1166 406 26
1165 406 23
1165 406 23
1164 405 25
1163 405 23
1162 404 27
1161 404 27
1161 404 27
1161 404 27
1159 404 32
1158 405 30
1157 405 33
1155 406 32
1155 406 32
1154 406 33
1153 406 33
1151 407 31
1150 407 31
1149 407 32
1147 408 32
1145 408 37
1145 409 32
1144 409 33
1143 410 30
1140 411 26
1137 411 28
1136 411 28
1134 412 23
1134 412 23
1133 412 21
1132 412 19
1131 412 17
1129 412 16
1128 412 17
1126 412 23
1125 412 26
1125 412 26
1123 413 22
1122 413 24
1122 413 24
1121 414 21
1121 414 21
1120 415 19
1119 416 21
1119 417 18
1117 419 20
1116 420 21
1115 421 24
1114 422 26
1113 423 26
1111 424 27
1111 425 24
1109 426 23
1108 426 24
1107 427 26
1106 428 27
1105 429 29
1105 430 28
1104 431 32
1104 432 30
1104 432 30
1103 433 33
1103 434 30
1103 434 30
1103 434 30
1102 435 30
1102 436 25
1102 436 25
1101 437 25
1101 438 20
1101 439 17
1101 439 17
1101 440 15
1101 441 16
1101 442 17
1101 443 18
1101 444 19
1101 444 19
1100 445 27
1100 446 25
1100 447 22
1099 449 24
1098 450 27
1097 450 32
1097 451 30
1096 451 32
1095 452 33
1095 453 30
1094 453 33
1093 454 33
1093 454 33
1093 454 33
1093 455 31
1093 455 31
1092 456 31
1092 457 28
1092 458 26
1092 460 22
1092 462 19
1092 463 17
1091 466 18
1091 468 17
1090 469 21
1090 470 20
1089 471 23
1089 473 21
1088 474 26
1088 475 26
1087 476 31
1087 477 31
1087 477 31
1087 478 32
1086 479 38
1086 480 37
1086 481 35
1086 481 35
1086 482 33
1086 483 31
1086 483 31
1086 484 29
1086 485 28
1086 485 28
1086 485 28
1086 486 27
1086 487 27
1086 487 27
1087 488 23
1087 489 24
1087 489 24
1087 489 24
1088 490 24
1088 490 24
1088 490 24
1088 491 27
1089 491 26
1089 491 26
1089 491 26
1089 491 26
1090 491 27
1091 490 28
1091 490 28
1092 490 31
1092 489 31
1092 488 31
1092 486 29
1092 485 27
1092 485 27
1093 484 26
1093 484 26
1094 484 26
1095 484 25
1096 484 25
1096 484 25
1097 484 24
1098 484 23
1098 484 23
1099 484 23
1100 484 24
1101 484 27
1102 483 30
1103 482 32
1103 481 31
1104 481 32
1104 480 31
1104 479 29
1105 478 27
1106 477 25
1107 475 23
1108 474 22
1108 473 21
1109 472 20
1110 471 21
1111 471 22
1112 471 22
1113 470 21
1113 469 21
1114 468 21
1116 468 19
1117 467 18
1117 466 18
1118 466 16
1119 466 15
1120 466 13
1121 467 14
1122 468 16
1123 468 19
1125 470 23
1127 471 23
1129 471 22
1131 472 21
1135 472 23
1137 472 25
1138 472 27
1139 472 29
1139 472 29
1140 471 29
1142 470 28
1143 469 26
1144 468 25
1146 467 24
1147 465 21
1147 464 21
1147 464 21
1148 463 22
1149 462 22
1149 461 22
1150 461 23
1151 459 24
1151 458 25
1152 458 26
1152 457 25
1153 456 24
1154 455 23
1155 454 21
1155 453 20
1156 452 17
1158 450 13
1158 450 13
1159 448 9
1160 447 10
1161 446 13
1162 444 15
1162 443 14
1163 442 17
1164 441 20
1164 441 20
1165 440 23
1166 439 24
1166 439 24
1167 439 26
1168 438 25
1168 438 25
1170 437 23
1171 437 24
1173 436 23
1173 435 20
1174 435 21
1177 435 25
1179 434 28
1180 434 30
1182 433 29
1186 432 25
1187 432 26
1187 432 26
1188 431 26
1190 430 31
1191 430 34
1192 429 32
1193 429 33
1194 429 33
1194 429 33
1195 429 32
1197 429 31
1198 429 31
1200 429 34
1201 429 35
1202 429 36
1204 429 36
1205 430 36
1206 430 35
1208 430 33
1209 430 34
1210 430 35
1210 430 35
1210 430 35
1211 430 37
1211 430 37
1211 430 37
1211 429 36
1211 429 36
1211 428 35
1211 428 35
1211 427 35
1211 426 36
1211 425 37
1211 424 37
1210 424 35
1210 424 35
1210 423 34
1209 422 32
1207 421 30
1206 420 28
1205 419 26
1204 417 25
1203 416 25
1203 416 25
1202 415 26
1202 415 26
1202 415 26
1201 414 26
1201 414 26
1200 413 27
1200 413 27
1199 412 29
1199 411 31
1198 411 29
1198 411 29
1198 411 29
1198 411 29
1197 411 27
1197 411 27
Stop
Start
1279 843 16
1279 843 16
1278 843 16
1278 843 16
1277 843 16
1276 844 23
1275 844 22
1273 844 19
1272 844 17
1270 844 17
1269 844 18
1268 845 29
1266 845 27
1265 845 26
1264 844 17
1262 844 18
1261 844 20
1259 844 23
1258 844 25
1258 844 25
1256 844 25
1255 843 18
1254 843 18
1252 842 14
1251 842 15
1249 842 13
1248 841 7
1247 841 8
1246 841 9
1246 841 9
1245 841 10
1244 841 11
1243 841 12
1241 841 12
1239 842 15
1239 842 15
1238 842 13
1237 842 11
1236 842 9
1235 842 7
1234 843 9
1233 843 6
1231 844 7
1230 844 7
1229 844 7
1229 845 15
1228 845 15
1228 845 15
1227 845 15
1226 845 17
1225 845 19
1225 845 19
1224 845 20
1223 845 20
1221 846 26
1221 846 26
1219 847 25
1218 847 19
1218 847 19
1217 848 23
1216 848 20
1216 848 20
1215 848 17
1215 848 17
1215 849 24
1214 849 22
1213 849 19
1212 849 17
1211 849 15
1210 849 14
1209 849 12
1209 849 12
1208 849 11
1207 850 19
1207 850 19
1205 850 19
1205 850 19
1204 850 18
1204 850 18
1203 850 17
1202 851 19
1200 852 17
1199 852 14
1198 853 14
1198 853 14
1197 853 10
1197 854 15
1195 854 10
1194 854 8
1193 855 11
1192 855 11
1192 855 11
1190 856 17
1189 856 15
1188 856 14
1187 856 12
1185 856 11
1185 856 11
1184 856 11
1184 856 11
1183 856 12
1182 856 13
1181 856 15
1181 856 15
1180 856 18
1179 856 21
1178 856 22
1177 856 23
1176 856 23
1175 855 16
1174 855 17
1173 855 18
1171 855 21
1170 854 15
1168 854 17
1167 854 18
1166 854 18
1165 854 18
1163 854 18
1163 854 18
1163 854 18
1162 853 11
1160 853 10
1159 853 10
1158 853 11
1157 853 12
1155 853 13
1154 853 13
1153 853 13
1153 853 13
1152 853 13
1151 853 11
1150 854 15
1149 854 12
1148 854 11
1147 854 10
1147 854 10
1145 854 8
1145 854 8
1143 855 15
1141 855 15
1139 855 17
1138 855 18
1137 855 18
1136 855 17
1134 855 17
1133 855 17
1131 855 17
1130 855 17
1127 855 17
1126 855 17
1125 855 16
1124 855 16
1123 855 16
1122 855 16
1121 855 16
1121 855 16
1120 855 16
1119 855 16
1119 855 16
1119 855 16
1118 855 16
1117 854 12
1117 854 12
1117 854 12
1116 854 13
1115 853 8
1115 853 8
1114 853 10
1114 852 5
1113 852 7
1112 852 8
1110 851 9
1109 850 8
1108 850 12
1107 850 16
1106 850 20
1105 849 17
1104 849 19
1104 849 19
1103 849 20
1102 849 21
1102 849 21
1102 849 21
1101 849 21
1100 849 20
1099 849 18
1099 849 18
1098 849 17
1097 849 17
1096 849 16
1095 849 15
1095 849 15
1094 849 15
1094 849 15
1093 848 10
1092 848 11
1092 848 11
1091 847 8
1090 847 10
1088 846 9
1087 846 10
1086 846 11
1086 845 8
1085 845 9
1084 845 9
1083 845 9
1082 845 8
1081 845 6
1080 845 5
1079 845 5
1079 845 5
1078 845 4
1078 845 4
1077 846 5
1076 846 3
1075 847 7
1074 847 6
1074 847 6
1073 847 6
1072 848 11
1072 848 11
1072 848 11
1071 849 16
1070 849 14
1070 849 14
1070 849 14
1069 849 11
1068 850 13
1067 850 10
1067 850 10
1066 851 12
1065 851 10
1064 851 9
1064 852 17
1063 852 16
1062 852 15
1062 852 15
1061 852 13
1061 852 13
1061 852 13
1060 852 13
1059 852 13
1058 852 13
1058 852 13
1058 852 13
1057 852 14
1057 852 14
1056 852 16
1056 852 16
1055 852 18
1055 852 18
1055 852 18
1054 852 19
1053 852 19
1052 852 18
1052 852 18
1051 852 17
1050 852 16
1049 852 14
1048 852 12
1047 852 10
1046 853 14
1045 853 11
1045 853 11
1044 853 8
1044 853 8
1044 853 8
1043 854 11
1043 854 11
1042 854 8
1042 854 8
1041 855 9
1041 855 9
1041 855 9
1040 855 6
1040 856 10
1039 856 8
1039 856 8
1038 857 13
1038 857 13
1037 857 11
1037 857 11
1036 857 11
1035 858 21
1035 858 21
1035 858 21
1035 858 21
1034 858 23
1034 858 23
1033 858 27
1033 858 27
1033 858 27
1032 858 31
1032 857 23
1032 857 23
1031 857 27
1031 856 20
1030 856 24
1030 855 20
1030 855 20
1030 854 16
1030 854 16
1030 854 16
1030 853 14
1030 853 14
1030 852 13
1030 852 13
1030 852 13
1030 851 13
1030 851 13
1030 851 13
1030 850 15
1030 850 15
1031 850 10
1031 849 14
1031 849 14
1032 848 12
1032 848 12
1033 847 11
1034 847 5
1034 847 5
1034 846 9
1035 846 4
1035 846 4
1035 846 4
1036 845 5
1037 845 3
1038 844 3
1038 844 3
1038 844 3
1039 843 5
1040 843 3
1040 843 3
1041 842 5
1041 842 5
1041 842 5
1041 841 10
1042 841 8
1042 841 8
1043 840 10
1044 840 7
1044 840 7
1045 839 7
1046 839 5
1046 838 9
1047 838 7
1048 838 4
1048 837 8
1050 837 4
1051 837 2
1051 836 6
1052 836 4
1053 836 3
1053 835 8
1054 835 6
1055 834 7
1055 834 7
1055 834 7
1056 834 4
1056 833 7
1057 833 6
1057 832 8
1057 832 8
1057 831 9
1058 830 7
1058 829 8
1058 829 8
1059 827 7
1059 827 7
1060 825 7
1060 824 8
1060 822 12
1061 820 13
1061 819 16
1062 818 14
1062 817 16
1062 816 17
1063 815 13
1063 814 12
1063 813 13
1063 812 15
1064 811 12
1064 811 12
1064 810 14
1065 809 13
1065 808 15
1065 807 19
1066 806 17
1066 805 20
1067 804 19
1067 802 24
1068 801 20
1068 801 20
1069 800 16
1069 799 20
1070 799 14
1070 798 18
1071 798 13
1071 797 17
1072 796 16
1072 796 16
1073 796 12
1073 795 16
1075 794 15
1075 794 15
1076 793 15
1076 792 18
1077 792 15
1077 792 15
1078 791 14
1078 791 14
1079 790 15
1079 790 15
1080 790 11
1080 789 16
1081 789 13
1081 788 18
1082 788 14
1083 787 16
1084 787 13
1084 786 19
1085 786 15
1085 786 15
1086 785 19
1086 785 19
1087 785 18
1087 785 18
1088 785 14
1089 784 16
1090 784 12
1091 784 9
1091 783 16
1092 783 14
1093 783 12
1094 783 10
1095 782 14
1095 782 14
1096 782 13
1097 781 16
1098 781 13
1098 781 13
1099 780 15
1099 780 15
1100 779 18
1101 779 15
1101 778 20
1102 777 22
1102 777 22
1103 777 19
1103 776 24
1104 776 18
1104 775 24
1105 774 22
1106 774 16
1106 773 20
1107 772 19
1108 772 15
1109 771 15
1109 771 15
1110 770 16
1112 769 15
1113 768 16
1114 767 16
1115 766 16
1115 766 16
1116 765 16
1117 765 13
1117 764 16
1118 763 16
1118 762 20
1119 761 21
1119 761 21
1119 760 26
1120 759 27
1121 758 27
1121 757 31
1122 757 24
1122 756 27
1123 755 25
1123 755 25
1124 755 21
1124 754 24
1124 754 24
1125 754 19
1125 753 23
1125 753 23
1125 753 23
1126 752 21
1126 752 21
1126 752 21
1127 751 22
1127 751 22
1127 750 28
1127 750 28
1127 750 28
1128 750 24
1129 750 21
1129 750 21
1129 750 21
1129 750 21
1129 749 27
1130 749 24
1130 749 24
1130 749 24
1131 749 23
1131 749 23
1131 749 23
1132 749 22
1133 749 22
1133 749 22
1133 748 28
1134 748 29
1135 748 30
1136 748 31
1136 748 31
1137 748 33
1137 748 33
1138 748 35
1138 748 35
1138 748 35
1139 748 35
1139 748 35
1140 748 36
1140 748 36
1141 748 36
1142 748 35
1143 748 33
1143 748 33
1144 748 31
1145 748 30
1145 748 30
1147 748 29
1148 748 30
1148 748 30
1149 748 31
1150 748 34
1151 748 36
1152 748 38
1153 748 40
1153 748 40
1154 748 42
1154 748 42
1155 748 43
1155 748 43
1156 748 44
1156 749 36
1157 749 37
1157 749 37
1158 749 38
1158 749 38
1158 750 30
1159 750 30
1159 750 30
1160 750 31
1160 751 23
1160 751 23
1161 751 24
1161 752 18
1162 752 19
1163 752 20
1163 752 20
1164 752 20
1165 752 20
1165 752 20
1166 752 19
1166 752 19
1167 752 18
1167 752 18
1168 752 17
1168 752 17
1168 752 17
1169 752 17
1169 752 17
1169 752 17
1170 752 18
1170 752 18
1171 752 19
1171 752 19
1171 752 19
1171 752 19
1172 752 22
1172 752 22
1173 752 25
1173 752 25
1173 752 25
1174 753 20
1174 753 20
1174 753 20
1175 753 21
1176 753 22
1176 753 22
1177 753 22
1178 753 23
1178 753 23
1179 753 23
1179 753 23
1180 753 24
1180 753 24
1181 753 24
1182 753 23
1182 753 23
1183 753 21
1184 753 19
1184 753 19
1185 753 18
1185 753 18
1185 753 18
1185 753 18
1186 753 16
1186 753 16
1187 752 22
1188 752 20
1188 752 20
1189 752 20
1190 752 21
1190 752 21
1191 752 21
1192 752 21
1192 752 21
1193 752 22
1193 752 22
1193 752 22
1194 752 23
1194 753 19
1196 753 22
1197 753 23
1198 753 24
1200 753 24
1201 753 25
1201 753 25
1202 753 26
1202 753 26
1203 754 22
1203 754 22
1204 754 24
1205 754 27
1205 754 27
1206 755 28
1207 755 32
1207 755 32
1207 756 28
1208 756 31
1208 756 31
1209 757 29
1209 757 29
1210 758 26
1210 758 26
1211 758 27
1212 759 22
1212 759 22
1213 760 18
1214 760 21
1214 760 21
1216 761 24
1216 761 24
1217 761 30
1218 762 33
1218 762 33
1219 762 38
1219 763 34
1220 763 39
1221 764 37
1222 764 38
1222 765 33
1222 765 33
1223 766 30
1224 766 32
1224 767 27
1225 768 24
1225 768 24
1227 769 26
1227 770 21
1228 770 24
1228 771 19
1229 771 22
1230 772 20
1231 772 22
1232 773 19
1232 773 19
1233 774 16
1234 774 19
1235 775 16
1236 775 21
1237 776 20
1238 777 20
1239 777 24
1240 778 22
1240 778 22
1241 778 25
1242 779 23
1242 779 23
1243 780 19
1243 780 19
1244 780 22
1244 781 16
1245 781 20
1246 782 18
1246 782 18
1247 782 21
1247 783 16
1247 783 16
1248 783 21
1248 783 21
1249 784 18
1250 785 18
1250 785 18
1251 785 23
1251 786 18
1252 786 22
1253 787 20
1253 787 20
1254 787 22
1254 787 22
1254 787 22
1255 788 17
1256 788 19
1256 788 19
1257 788 23
1258 789 19
1258 789 19
1259 789 23
1259 790 17
1259 790 17
1260 790 22
1260 790 22
1260 791 16
1260 791 16
1261 791 21
1261 791 21
1261 792 16
1261 792 16
1261 792 16
1262 793 20
1262 794 17
1262 794 17
1262 795 16
1262 795 16
1262 796 16
1263 796 22
1263 797 20
1263 797 20
1263 798 19
1263 798 19
1263 798 19
1263 799 18
1263 799 18
1264 800 23
1264 800 23
1264 801 22
1264 802 21
1264 803 20
1264 803 20
1264 804 20
1265 805 23
1265 807 21
1265 808 20
1265 809 19
1265 810 18
1265 810 18
1265 811 17
1265 811 17
1265 812 15
1265 813 14
1266 813 19
1266 814 18
1266 814 18
1266 814 18
1266 815 17
1266 815 17
1266 815 17
1266 816 14
1267 816 19
1267 816 19
1267 816 19
1268 817 21
1268 817 21
1268 818 18
1269 818 21
1269 818 21
1269 819 17
1269 819 17
1270 819 21
1270 819 21
1270 820 17
1270 820 17
1271 820 20
1271 820 20
1272 821 19
1272 821 19
1272 821 19
1273 822 22
1273 822 22
1273 822 22
1273 823 20
1273 823 20
1273 823 20
1273 824 17
1273 824 17
1274 825 22
1274 825 22
1274 826 20
1274 826 20
1274 826 20
1274 826 20
1274 827 18
1275 827 23
1275 827 23
1275 828 18
1275 828 18
1275 829 13
1276 830 10
1277 830 13
1278 831 11
1279 831 14
1279 832 9
1280 832 13
1281 833 10
1282 833 14
1282 833 14
1283 834 13
1284 834 16
1284 834 16
1284 835 13
1285 835 17
1285 835 17
1285 835 17
1285 835 17
1285 835 17
1286 835 23
1286 835 23
1286 836 22
1286 836 22
1286 836 22
1286 836 22
1286 836 22
1286 837 22
1286 837 22
1286 837 22
1286 838 24
1286 838 24
1286 838 24
1285 839 20
1285 839 20
1285 839 20
1284 839 14
1284 840 17
1284 840 17
1284 840 17
1283 840 12
1283 840 12
1283 841 15
1282 841 10
1282 841 10
1282 841 10
1281 842 11
1281 842 11
1281 842 11
1281 842 11
1281 842 11
1280 842 10
1280 843 17
1280 843 17
1280 843 17
1279 843 16
1279 843 16
Stop
New Layer
Start
1279 843 16
1279 843 16
1279 843 16
1278 844 24
1278 844 24
1276 844 23
1275 844 22
1274 844 21
1272 845 27
1270 845 26
1268 845 29
1267 845 29
1266 845 27
1265 845 26
1264 845 26
1263 845 26
1262 845 27
1261 845 29
1260 845 31
1258 845 35
1257 844 26
1255 844 26
1254 843 18
1252 843 21
1251 843 22
1250 843 21
1248 842 13
1247 842 14
1246 842 15
1245 842 16
1245 842 16
1244 842 17
1242 841 13
1241 841 12
1240 841 11
1240 841 11
1240 841 11
1239 841 9
1238 841 8
1238 841 8
1237 842 11
1236 842 9
1236 842 9
1235 843 12
1234 843 9
1234 843 9
1234 844 15
1233 844 11
1232 844 9
1231 845 16
1230 845 15
1229 845 15
1228 845 15
1226 845 17
1225 845 19
1225 845 19
1224 845 20
1223 845 20
1223 845 20
1223 845 20
1222 845 19
1222 845 19
1221 846 26
1220 846 23
1219 847 25
1218 847 19
1218 847 19
1217 848 23
1216 848 20
1216 848 20
1215 848 17
1214 848 15
1213 848 12
1211 848 9
1210 848 8
1209 848 7
1208 848 6
1207 848 6
1206 848 6
1206 847 3
1205 847 4
1205 847 4
1204 847 5
1204 847 5
1203 848 10
1201 848 8
1200 849 9
1200 849 9
1199 850 7
1199 851 10
1198 851 8
1198 851 8
1198 852 11
1197 852 8
1197 852 8
1196 853 8
1195 853 5
1194 854 8
1193 854 6
1192 855 11
1192 855 11
1191 855 10
1189 855 9
1188 856 14
1187 856 12
1186 856 11
1186 856 11
1185 856 11
1184 856 11
1183 856 12
1182 856 13
1181 856 15
1180 856 18
1179 856 21
1177 856 23
1174 855 17
1171 855 21
1170 854 15
1169 854 16
1169 854 16
1168 854 17
1167 854 18
1166 854 18
1165 854 18
1163 854 18
1160 854 18
1159 854 17
1158 854 18
1157 854 19
1155 854 20
1153 854 19
1152 854 19
1151 854 18
1149 854 12
1148 854 11
1147 854 10
1146 854 9
1145 854 8
1144 854 8
1143 854 8
1142 854 8
1140 854 9
1139 854 9
1138 854 10
1137 854 10
1135 855 17
1133 855 17
1132 855 17
1130 855 17
1129 856 24
1129 856 24
1128 856 23
1127 856 23
1126 856 22
1124 856 22
1123 856 22
1122 856 22
1121 856 22
1120 856 22
1119 856 22
1117 855 17
1116 855 19
1115 855 20
1115 854 14
1114 854 16
1114 854 16
1113 853 12
1113 853 12
1112 853 15
1111 852 12
1110 852 15
1109 851 13
1108 851 18
1108 851 18
1107 850 16
1105 849 17
1104 849 19
1104 848 13
1103 848 14
1102 848 15
1101 848 14
1100 848 13
1099 848 11
1099 848 11
1098 848 10
1098 848 10
1097 848 10
1096 848 10
1096 848 10
1095 848 9
1095 848 9
1095 847 4
1094 847 5
1093 847 5
1092 847 6
1092 847 6
1092 847 6
1092 847 6
1092 847 6
Stop
Start
1091 847 8
1090 847 10
1090 847 10
1090 847 10
1089 847 12
1088 847 14
1088 846 9
1087 846 10
1087 846 10
1086 846 11
1086 846 11
1084 846 13
1083 846 12
1082 846 11
1081 846 9
1080 846 7
1078 846 6
1077 846 5
1077 846 5
1076 846 3
1075 846 2
1075 847 7
1074 847 6
1074 847 6
1073 847 6
1073 848 13
1072 848 11
1072 849 18
1072 849 18
1071 850 25
1071 850 25
1071 850 25
1070 850 22
1069 851 24
1068 851 19
1067 851 15
1066 852 20
1064 853 25
1064 853 25
1063 853 23
1062 853 21
1061 853 20
1060 854 29
1059 854 29
1059 854 29
1059 854 29
1058 853 21
1056 853 25
1056 853 25
1055 853 28
1055 852 18
1054 852 19
1053 852 19
1052 852 18
1051 852 17
1050 852 16
1049 852 14
1049 852 14
1048 852 12
1047 852 10
1046 852 8
1046 852 8
1046 853 14
1046 853 14
1045 853 11
1045 853 11
1045 854 17
1045 854 17
1044 854 14
1044 855 21
1043 855 17
1043 856 23
1042 856 19
1041 856 14
1041 856 14
1040 857 18
1039 857 15
1038 857 13
1037 857 11
1036 857 11
1036 857 11
1035 857 13
1035 857 13
1034 857 15
1033 857 19
1033 857 19
1032 857 23
1032 857 23
1032 856 16
1031 856 20
1031 856 20
1031 855 16
1030 855 20
1030 854 16
1030 853 14
1030 853 14
1030 852 13
1030 852 13
1030 851 13
1030 850 15
1030 850 15
1030 849 20
1030 848 23
1031 847 23
1031 846 28
1032 846 20
1032 846 20
1033 845 20
1034 845 13
1035 844 12
1036 844 8
1038 843 6
1038 843 6
1039 842 8
1041 841 10
1041 841 10
1042 841 8
1042 841 8
1043 840 10
1044 840 7
1045 839 7
1046 838 9
1047 838 7
1048 837 8
1049 837 7
1051 836 6
1051 836 6
1052 836 4
1052 835 9
1053 835 8
1053 834 12
1054 834 9
1055 833 10
1055 832 15
1056 831 13
1057 830 12
1057 828 15
1058 827 11
1058 827 11
1058 826 13
1058 824 18
1058 823 21
1058 822 24
1059 820 24
1059 819 27
1059 818 29
1060 817 25
1060 816 27
1060 816 27
1060 815 28
1061 815 22
1061 814 23
1061 814 23
1062 813 19
1063 812 15
1063 812 15
1064 810 14
1064 810 14
1065 809 13
1065 808 15
1066 807 13
1067 805 15
1067 804 19
1068 803 16
1068 802 18
1069 801 13
1069 801 13
1069 800 16
1070 799 14
1071 798 13
1071 797 17
1072 796 16
1073 795 16
1074 794 17
1075 792 22
1076 792 18
1077 791 18
1077 790 23
1079 789 20
1080 788 21
1082 787 19
1082 787 19
1083 786 22
1086 785 19
1088 784 20
1090 784 12
1091 783 16
1092 783 14
1094 782 16
1095 782 14
1095 782 14
1097 781 16
1098 781 13
1099 780 15
1101 780 10
1102 779 12
1103 778 14
1103 778 14
1104 777 15
1105 777 11
1105 776 14
1107 775 9
1108 774 8
1109 773 8
1110 772 10
1111 772 8
1112 771 8
1113 770 9
1114 769 10
1115 768 10
1115 767 14
1115 767 14
1116 767 11
1116 766 13
1117 765 13
1118 764 13
1118 763 16
1119 762 16
1120 761 18
1120 760 21
1122 758 21
1123 757 19
1123 757 19
1124 756 18
1125 755 16
1126 754 15
1126 753 18
1127 752 18
1127 751 22
1128 751 18
1129 750 21
1129 749 27
1130 749 24
1130 748 32
1131 748 30
1131 748 30
1132 748 29
1133 748 28
1133 748 28
1134 748 29
1134 748 29
1135 748 30
1136 748 31
1138 748 35
1140 749 28
1142 749 28
1142 749 28
1143 749 27
1144 749 25
1145 749 24
1146 749 23
1146 749 23
1147 749 23
1147 749 23
1148 749 24
1148 749 24
1149 749 25
1151 749 29
1153 749 32
1155 750 27
1156 750 28
1156 750 28
1157 751 22
1158 751 22
1159 751 23
1161 751 24
1163 751 27
1164 751 27
1165 751 26
1165 751 26
1167 751 25
1168 751 23
1168 751 23
1169 751 24
1170 751 25
1171 751 27
1172 751 30
1173 752 25
1173 752 25
1173 752 25
1174 752 27
1175 752 28
1176 753 22
1177 753 22
1179 753 23
1181 753 24
1182 753 23
1182 753 23
1183 753 21
1184 753 19
1184 753 19
1185 753 18
1186 753 16
1187 753 14
1188 753 13
1189 753 13
1189 753 13
1190 753 14
1191 753 15
1192 753 16
1193 752 22
1193 752 22
1194 752 23
1196 752 27
1197 752 29
1199 752 30
1200 752 30
1202 753 26
1203 753 27
1205 754 27
1206 755 28
1207 755 32
1208 756 31
1209 757 29
1209 757 29
1210 757 31
1211 758 27
1212 759 22
1213 760 18
1214 760 21
1215 761 20
1216 762 21
1217 763 24
1218 764 25
1218 764 25
1219 765 25
1220 766 24
1220 766 24
1221 767 22
1221 768 17
1222 768 19
1222 768 19
1222 769 16
1223 769 17
1223 769 17
1223 769 17
1224 770 15
1224 770 15
1224 770 15
1226 771 14
1227 771 16
1228 771 19
1229 772 17
1230 773 15
1231 773 17
1231 773 17
1232 773 19
1232 774 13
1233 774 16
1235 775 16
1236 776 16
1237 777 15
1239 778 18
1240 778 22
1241 779 19
1242 780 16
1243 780 19
1243 780 19
1244 781 16
1245 781 20
1246 782 18
1247 782 21
1248 782 26
1248 782 26
1249 783 25
1250 783 29
1251 784 27
1251 784 27
1252 784 32
1253 785 32
1254 785 37
1255 786 31
1256 786 35
1257 786 38
1257 787 30
1258 787 33
1259 787 36
1259 788 29
1259 788 29
1260 789 27
1261 789 31
1261 789 31
1261 790 26
1261 790 26
1262 790 31
1262 791 26
1262 791 26
1262 792 23
1263 793 26
1263 794 23
1263 794 23
1263 795 22
1264 796 28
1264 797 26
1264 798 24
1264 799 23
1264 799 23
1265 800 28
1265 801 27
1265 802 26
1265 803 25
1265 804 24
1266 805 28
1266 806 27
1266 806 27
1266 807 26
1266 808 25
1267 809 28
1267 810 27
1267 811 26
1268 812 30
1268 813 29
1268 814 27
1268 814 27
1268 815 25
1269 816 28
1269 816 28
1269 817 25
1269 818 21
1269 818 21
1269 818 21
1269 818 21
1270 819 21
1270 819 21
1270 819 21
1270 819 21
1271 820 20
1271 820 20
1271 820 20
1272 820 22
1272 821 19
1273 821 24
1273 821 24
1274 822 27
1274 822 27
1274 822 27
1274 823 25
1274 824 24
1274 824 24
1274 825 22
1274 825 22
1274 826 20
1274 826 20
1274 826 20
1275 827 23
1275 827 23
1275 828 18
1276 828 21
1276 828 21
1276 829 16
1276 829 16
1277 829 19
1278 830 16
1279 830 18
1279 830 18
1279 830 18
1280 830 22
1281 831 21
1281 831 21
1281 831 21
1282 831 25
1282 831 25
1282 832 19
1283 832 23
1283 832 23
1283 832 23
1283 833 18
1284 833 20
1284 833 20
1284 834 16
1284 834 16
1285 835 17
1285 836 16
1285 836 16
1285 837 16
1285 838 18
1285 838 18
1285 839 20
1285 839 20
1285 840 22
1285 840 22
1284 840 17
1283 841 15
1283 841 15
1282 841 10
1282 841 10
1282 841 10
1282 841 10
1282 841 10
1281 841 7
1281 842 11
1281 842 11
1280 842 10
1279 843 16
1279 843 16
1279 843 16
1279 843 16
Stop
Start
1251 647 25
1251 647 25
1251 648 29
1250 648 26
1248 649 23
1247 651 24
1247 651 24
1246 652 25
1246 652 25
1245 652 22
1244 653 23
1242 654 19
1242 654 19
1240 654 15
1239 655 16
1238 655 15
1237 655 14
1237 655 14
1236 655 14
1235 655 14
1234 656 16
1233 657 15
1232 657 12
1231 658 9
1230 659 9
1229 660 9
1229 660 9
1227 661 7
1226 662 9
1224 662 6
1222 663 7
1221 663 6
1219 664 9
1218 664 8
1216 664 6
1213 665 5
1210 666 4
1209 667 7
1206 667 3
1204 668 11
1202 668 14
1200 669 17
1198 669 14
1198 669 14
1195 669 9
1195 669 9
1192 670 10
1190 670 8
1188 670 8
1187 671 11
1185 671 7
1184 672 10
1182 672 6
1181 672 6
1179 673 11
1178 673 12
1177 673 14
1177 673 14
1175 673 13
1173 674 13
1171 674 10
1169 674 8
1168 674 9
1166 674 8
1165 674 8
1162 675 13
1160 675 14
1159 675 15
1159 675 15
1157 675 14
1157 675 14
1156 675 14
1155 675 14
1154 675 14
1152 675 19
1151 675 21
1150 674 18
1149 674 22
1148 674 23
1146 674 26
1145 673 20
1143 673 21
1141 672 18
1140 672 21
1138 671 23
1137 671 27
1136 670 23
1135 670 22
1133 669 15
1132 668 10
1131 668 11
1130 668 12
1128 667 12
1126 666 11
1124 666 15
1120 665 12
1119 664 7
1118 664 8
1116 664 14
1115 663 10
1113 663 17
1112 662 13
1112 662 13
1111 662 17
1109 661 15
1108 660 14
1106 659 13
1105 659 15
1104 658 12
1102 656 12
1100 655 14
1098 655 18
1097 654 17
1097 654 17
1096 653 14
1096 653 14
1094 652 15
1093 652 18
1092 651 16
1091 650 14
1090 650 17
1089 649 16
1088 648 16
1087 647 12
1085 645 8
1084 645 12
1081 643 23
1079 641 24
1076 638 29
1074 637 33
1074 636 30
1073 636 33
1072 635 31
1072 635 31
1071 634 28
1071 634 28
1070 633 25
1070 631 18
1069 630 19
1068 629 21
1068 628 20
1067 627 23
1067 627 23
1067 626 21
1066 626 26
1066 625 24
1066 625 24
1066 624 23
Stop
Start
1087 594 34
1087 594 34
1087 594 34
1088 595 36
1090 597 31
1092 598 25
1094 599 19
1096 599 21
1096 599 21
1098 600 24
1098 600 24
1100 600 26
1102 601 24
1106 601 19
1108 601 20
1109 601 20
1110 601 20
1113 601 20
1115 601 19
1115 601 19
1117 601 20
1119 601 21
1121 601 23
1122 601 23
1124 601 21
1125 601 20
1128 600 17
1129 600 16
1131 600 16
1133 599 18
1134 598 21
1135 597 23
1137 596 21
1138 596 20
1139 595 19
1141 595 18
1144 595 20
1146 595 20
1149 595 18
1152 595 27
1154 597 30
1156 598 34
1157 598 37
1158 599 35
1158 599 35
1159 600 34
1159 601 29
1159 602 24
1160 603 26
1160 604 24
1160 605 23
1160 606 23
1160 607 23
1160 609 23
1159 610 21
1159 611 22
1159 612 22
1159 613 23
1159 614 23
1159 614 23
1159 615 23
1160 615 24
1160 616 23
1160 617 23
1161 618 23
1161 619 21
1162 620 20
1163 622 18
1164 623 17
1166 624 16
1168 625 14
1170 626 13
1172 627 14
1172 627 14
1174 628 15
1177 628 16
1178 628 16
1179 628 15
1181 629 10
1183 629 10
1184 629 11
1185 630 7
1186 630 9
1188 631 9
1189 632 8
1191 632 14
1192 634 11
1194 634 16
1195 635 12
1197 635 9
1198 635 8
1200 636 4
1202 636 4
1204 636 4
1205 636 5
1206 635 11
1207 635 13
1209 635 17
1209 634 21
1211 634 24
1212 634 25
1213 633 30
1214 633 29
1215 633 27
1216 633 26
1218 633 27
1219 633 29
1219 633 29
1220 633 30
1221 633 32
1222 634 29
1222 634 29
1223 634 30
1223 635 26
1224 635 27
1225 636 25
1225 637 23
1226 637 24
1226 638 21
1227 639 20
1228 640 21
1228 640 21
1228 641 20
1229 642 21
1230 642 24
1230 643 22
1231 643 24
1231 644 22
1231 644 22
1231 644 22
1232 645 20
1233 645 20
1234 645 19
1234 645 19
1235 645 19
1235 645 19
1236 645 18
1237 645 18
1237 644 20
1238 644 20
1239 643 22
1239 643 22
1239 643 22
1240 642 24
1241 642 24
1241 642 24
1242 641 28
1243 641 29
1244 641 29
1244 641 29
1245 641 30
1246 641 30
1247 641 29
1248 641 27
1248 641 27
1249 641 28
1250 641 26
1250 641 26
1251 642 22
1251 642 22
1252 642 25
1252 643 24
1252 643 24
1252 643 24
1253 643 27
1253 643 27
1253 644 26
1253 644 26
1253 644 26
1253 645 27
1253 645 27
1253 646 30
1253 646 30
1253 646 30
1252 646 27
1252 647 29
1252 647 29
1251 647 25
1251 647 25
1251 647 25
Stop
Start
1088 595 36
1088 595 36
1088 594 36
1087 594 34
1087 592 31
1086 591 28
1086 590 28
1086 590 28
1085 589 25
1085 588 26
1084 588 24
1084 587 26
1083 587 25
1083 586 26
1083 586 26
1082 586 25
1080 586 24
1080 586 24
1079 586 25
1079 586 25
1078 586 26
1078 586 26
1077 585 27
1077 585 27
1076 585 28
1075 584 30
1075 584 30
1074 583 34
1074 582 36
1073 581 38
1073 580 40
1073 580 40
1073 579 41
1072 579 39
1072 578 39
1072 577 40
1071 576 37
1071 575 36
1071 574 37
1071 573 38
1070 573 35
1070 572 36
1070 571 36
1070 571 36
1069 571 32
1069 570 33
1069 570 33
1068 570 32
1068 570 32
1068 570 32
1067 570 33
1067 571 32
1066 571 34
1066 572 33
1066 573 33
1066 574 32
1066 575 32
1066 576 31
1066 577 30
1066 579 29
1066 580 29
1066 581 29
1066 582 29
1066 583 29
1065 584 31
1065 585 29
1065 586 28
1065 587 27
1064 587 30
1064 588 29
1064 589 28
1064 590 28
1064 591 28
1064 592 27
1064 593 26
1064 594 26
1064 595 25
1064 595 25
1064 596 24
1064 597 24
1064 598 24
1064 600 24
1064 601 25
1064 602 25
1064 603 25
1064 604 24
1064 605 25
1064 606 26
1064 607 28
1064 608 29
1064 608 29
1065 609 26
1065 610 27
1065 611 29
1065 611 29
1065 612 30
1065 613 31
1065 614 31
1065 615 31
1065 616 31
1065 617 30
1065 618 29
1065 619 28
1065 619 28
1065 620 27
1065 620 27
1065 620 27
1065 620 27
1066 620 24
1066 621 23
1066 621 23
1066 621 23
1066 621 23
1066 622 23
1066 623 22
1066 623 22
1066 624 23
1066 624 23
1066 624 23
1066 624 23
Stop
Start
1198 411 29
1197 411 27
1196 411 25
1194 410 22
1193 410 21
1191 410 22
1189 410 25
1187 410 25
1186 410 24
1184 410 19
1183 410 17
1182 410 16
1181 410 14
1180 410 14
1179 410 14
1178 410 14
1177 411 14
1176 411 14
1175 411 15
1175 411 15
1174 411 15
1173 411 16
1172 411 17
1170 410 21
1169 410 21
1167 409 22
1167 408 23
1166 408 21
1165 407 21
1164 407 19
1163 406 20
1162 405 23
1162 405 23
1161 405 23
1159 405 28
1159 405 28
1156 406 31
1154 406 33
1154 406 33
1153 407 29
1151 407 31
1150 408 27
1148 408 30
1148 408 30
1146 408 34
1143 409 35
1142 409 36
1142 409 36
1142 409 36
1141 409 37
1139 409 39
1136 410 34
1134 410 32
1133 411 26
1131 411 23
1130 411 23
1129 411 24
1127 411 27
1127 411 27
1125 411 34
1124 411 35
1124 411 35
1123 412 29
1120 414 23
1117 416 29
1115 417 34
1114 419 32
1113 420 34
1112 421 34
1111 422 34
1110 423 32
1109 424 29
1108 425 27
1106 426 31
1105 427 34
1104 429 34
1103 431 37
1102 432 40
1102 433 38
1101 434 40
1101 435 35
1101 436 30
1101 437 25
1101 438 20
1101 438 20
1101 439 17
1101 440 15
1101 440 15
1101 442 17
1101 443 18
1101 444 19
1101 445 20
1100 445 27
1100 446 25
1099 447 27
1097 448 37
1096 449 39
1096 449 39
1095 450 38
1095 450 38
1094 451 39
1093 452 38
1092 453 39
1092 454 36
1092 455 34
1091 455 41
1091 456 38
1091 458 33
1091 460 28
1091 461 26
1091 463 23
1091 464 21
1091 465 20
Stop
Start
1086 495 44
1087 494 38
1088 493 33
1090 491 27
1090 489 24
1091 488 28
1092 486 29
1092 485 27
1092 485 27
1093 485 29
1095 485 29
1096 485 28
1098 485 26
1100 485 27
1102 485 32
1104 485 37
1106 484 37
1106 484 37
1108 483 35
1109 482 34
1110 481 33
1113 478 32
1116 476 28
1117 474 24
1119 472 19
1120 472 19
1121 471 17
1122 471 18
1124 470 21
1124 470 21
1126 470 24
1127 470 24
1129 470 22
1133 469 19
1136 468 20
1138 467 20
1140 467 22
1141 467 22
1143 466 21
1145 465 21
1147 464 21
1149 463 23
1151 462 24
1154 460 30
1156 458 33
1157 458 35
1158 456 31
1159 455 29
1160 454 28
1161 452 26
1161 452 26
1161 451 23
1162 450 26
1162 448 22
1163 446 23
1163 445 22
1164 443 22
1165 441 24
1167 440 28
1169 438 26
1171 436 21
1172 436 22
1173 435 20
1174 435 21
1176 435 24
1178 434 25
1178 434 25
1180 434 30
1181 433 28
1183 433 29
1184 432 24
1186 432 25
1188 431 26
1190 430 31
1192 429 32
1193 429 33
1194 429 33
1194 428 30
1195 428 29
1198 429 31
1200 430 37
1202 431 39
1204 432 41
1206 432 38
1208 433 38
1209 434 41
1210 434 41
1211 434 41
1212 434 41
1212 434 41
1213 434 41
1213 434 41
1213 433 41
1214 433 43
1214 432 43
1214 431 44
1213 431 41
1213 430 41
1213 430 41
1212 429 38
1211 428 35
1210 427 34
1208 426 33
1207 424 34
1205 423 33
1204 422 32
1203 421 30
1202 421 30
1202 420 29
1201 419 28
1201 418 27
1201 418 27
1200 417 26
1200 416 26
1200 415 26
1200 415 26
1200 414 26
1199 413 28
1199 412 29
1199 412 29
1199 412 29
Stop
Start
1086 495 44
Stop
Start
1086 491 30
Stop
Start
1091 465 20
1091 465 20
1091 466 18
1091 466 18
1091 466 18
1091 466 18
1091 467 17
1090 467 22
1090 467 22
1090 467 22
1090 468 22
1090 468 22
1089 469 27
1089 470 25
1089 470 25
1089 471 23
1088 471 29
1088 472 28
1088 473 27
1088 474 26
1088 474 26
1088 474 26
1087 475 31
1087 476 31
1087 477 31
1087 477 31
1087 478 32
1087 478 32
1086 479 38
1086 479 38
1086 480 37
1086 480 37
1086 481 35
1086 481 35
1086 482 33
1086 483 31
1085 483 37
1085 484 35
1085 484 35
1085 485 33
1085 485 33
1084 486 35
1084 486 35
1084 487 35
1084 487 35
1084 487 35
1084 488 35
1084 489 36
1084 489 36
1084 490 36
1084 491 38
1084 491 38
1084 492 41
1084 492 41
1084 492 41
1084 492 41
1084 493 43
1085 493 39
1085 494 42
1085 494 42
1085 494 42
1085 494 42
1085 494 42
1085 494 42
1086 495 44
1086 495 44
1086 495 44
1086 495 44
1086 495 44
Stop
New Layer
Start
1280 845 31
1280 845 31
1279 845 31
1279 844 23
1279 844 23
1278 844 24
1277 844 24
1276 844 23
1275 844 22
1274 844 21
1273 844 19
1272 844 17
1271 844 16
1270 845 26
1269 845 27
1267 845 29
1266 845 27
1265 845 26
1264 845 26
1263 845 26
1262 845 27
1261 845 29
1260 845 31
1259 845 33
1258 845 35
1257 845 35
1257 845 35
1256 845 34
1254 845 35
1253 845 36
1252 845 37
1251 844 30
1250 844 29
1248 844 30
1247 844 31
1245 844 34
1244 843 25
1244 843 25
1243 843 26
1242 843 27
1242 843 27
1241 843 26
1239 843 22
1239 843 22
1239 844 29
1238 844 27
1238 844 27
1237 844 24
1237 845 31
1236 845 29
1235 845 26
1234 845 23
1233 846 29
1231 846 25
1229 846 23
1228 846 23
1227 846 24
1226 846 26
1226 846 26
1225 846 28
1224 846 29
1224 846 29
1223 846 29
1222 846 29
1221 846 26
1220 846 23
1219 847 25
1217 847 15
1216 848 20
1215 848 17
1214 849 22
1213 849 19
1213 849 19
1212 849 17
1211 849 15
1210 849 14
1209 849 12
1208 849 11
1208 849 11
1207 849 11
1206 849 12
1205 850 19
1204 850 18
1203 851 22
1202 852 23
1201 852 20
1201 853 24
1199 855 27
1198 855 24
1198 855 24
1198 856 30
1197 856 27
1197 856 27
1196 857 33
1194 857 29
1192 857 27
1189 858 33
1187 859 38
1185 859 34
1184 859 33
1183 859 34
1183 859 34
1182 859 35
1181 859 37
1181 858 29
1180 858 32
1179 857 27
1178 857 29
1176 856 23
1175 855 16
1174 854 11
1172 854 13
1171 854 14
1169 854 16
1167 853 11
1165 853 11
1163 853 11
1162 853 11
1161 853 10
1160 853 10
1160 853 10
1159 853 10
1158 853 11
1156 853 12
1154 853 13
1152 854 19
1151 854 18
1150 854 15
1149 854 12
1149 854 12
1148 855 18
1147 855 17
1145 855 15
1144 855 15
1142 855 15
1140 855 16
1138 855 18
1135 855 17
1133 855 17
1131 855 17
1129 856 24
1128 856 23
1128 856 23
1127 856 23
1126 856 22
1124 856 22
1123 856 22
1122 856 22
1120 855 16
1119 855 16
1118 855 16
1118 855 16
1117 855 17
1116 855 19
1116 855 19
1115 854 14
1115 854 14
1115 854 14
1114 854 16
1113 853 12
1113 853 12
1112 853 15
1111 852 12
1110 852 15
1110 852 15
1109 851 13
1109 851 13
1108 851 18
1107 850 16
1106 850 20
1105 850 24
1104 850 27
1103 849 20
1102 849 21
1102 849 21
1101 849 21
1099 849 18
1097 849 17
1097 849 17
1096 849 16
1095 849 15
1094 849 15
1094 849 15
1093 849 16
1092 849 17
1092 849 17
1092 849 17
1092 849 17
1091 849 19
1090 848 15
1090 848 15
1089 848 18
1089 848 18
1087 848 23
1086 848 24
1085 848 26
1084 848 26
1082 848 23
1081 848 21
1080 848 19
1080 848 19
1079 848 18
1078 848 18
1077 848 17
1076 848 16
1076 848 16
1074 848 15
1072 849 18
1072 849 18
1072 849 18
1071 849 16
1070 849 14
1069 850 17
1068 850 13
1068 850 13
1066 851 12
1065 851 10
1065 852 18
1063 852 16
1062 853 21
1061 853 20
1060 853 20
1059 853 20
1058 854 30
1058 854 30
1057 854 32
1057 854 32
1056 854 35
1056 853 25
1055 853 28
1055 853 28
1055 853 28
1054 853 29
1054 853 29
1054 852 19
1053 852 19
1052 852 18
1052 852 18
1051 852 17
1050 852 16
1049 852 14
1048 852 12
1047 852 10
1046 853 14
1046 853 14
1045 853 11
1045 853 11
1044 854 14
1044 854 14
1043 854 11
1043 855 17
1042 855 13
1041 855 9
1041 855 9
1041 856 14
1040 856 10
1039 857 15
1038 857 13
1037 857 11
1036 857 11
1035 857 13
1035 857 13
1035 857 13
1034 857 15
1034 857 15
1034 857 15
1033 857 19
1032 856 16
1032 856 16
1032 856 16
1031 856 20
1031 855 16
1031 855 16
1030 855 20
1030 854 16
1030 854 16
1030 854 16
1030 853 14
1030 853 14
1030 852 13
1030 851 13
1030 851 13
1031 850 10
1031 850 10
1031 849 14
1031 849 14
1031 848 18
1032 847 16
1033 846 15
1034 845 13
1034 844 18
1034 844 18
1034 843 23
1035 843 17
1037 842 13
1038 841 15
1039 841 14
1040 840 16
1040 840 16
1041 839 20
1042 839 17
1043 838 20
1044 837 22
1045 837 18
1046 836 21
1046 836 21
1047 835 26
1048 835 22
1049 834 26
1049 834 26
1050 833 29
1050 833 29
1051 832 31
1052 832 27
1053 831 28
1054 830 27
1055 829 25
1055 828 28
1055 827 31
1056 826 26
1056 824 31
1057 823 28
1057 821 33
1058 819 33
1058 818 35
1058 817 37
1059 817 31
1059 816 33
1060 815 28
1060 814 29
1060 814 29
1061 813 24
1062 812 20
1063 810 20
1064 809 17
1064 808 20
1064 807 23
1065 806 22
1065 805 26
1066 804 24
1066 802 31
1066 801 33
1067 800 30
1067 799 32
1068 799 26
1068 798 30
1069 797 28
1069 796 32
1070 796 25
1071 795 23
1072 794 24
1072 793 29
1073 792 29
1074 792 25
1075 791 26
1076 790 27
1077 789 28
1078 789 23
1079 788 25
1079 787 31
1079 787 31
1080 787 27
1081 786 29
1082 786 25
1083 785 28
1083 784 34
1084 784 31
1085 784 28
1085 784 28
1086 783 34
1087 783 31
1087 782 39
1089 781 40
1090 781 35
1091 780 39
1092 780 36
1094 779 38
1095 779 36
1096 778 39
1097 778 36
1098 777 38
1098 777 38
1099 776 40
1100 776 37
1101 775 38
1102 775 33
1103 774 34
1103 774 34
1104 774 29
1104 773 34
1105 773 27
1105 773 27
1106 772 24
1107 772 19
1108 771 19
1108 771 19
1109 770 19
1110 769 20
1110 769 20
1111 768 21
1111 768 21
1111 767 25
1111 767 25
1112 767 22
1112 766 26
1112 766 26
Stop
Start
1280 845 31
1280 845 31
1281 844 24
1281 844 24
1281 844 24
1282 844 26
1282 844 26
1282 843 20
1283 843 23
1283 843 23
1283 843 23
1283 842 19
1283 842 19
1284 841 20
1284 841 20
1284 840 17
1284 840 17
1284 840 17
1285 839 20
1285 839 20
1285 838 18
1286 837 22
1286 837 22
1286 836 22
1286 835 23
1286 835 23
1286 834 25
1286 834 25
1286 834 25
1286 834 25
1285 833 23
1285 833 23
1285 832 28
1284 832 25
1283 832 23
1282 831 25
1282 831 25
1281 831 21
1280 831 18
1279 830 18
1278 830 16
1278 829 22
1277 829 19
1277 828 24
1276 827 26
1276 827 26
1275 826 25
1275 826 25
1275 825 28
1274 824 24
1274 823 25
1274 822 27
1274 822 27
1273 821 24
1273 821 24
1273 820 27
1272 820 22
1271 820 20
1271 819 24
1270 819 21
1270 818 25
1269 818 21
1269 818 21
1268 817 21
1268 816 24
1267 814 22
1267 813 24
1267 812 25
1267 812 25
1267 811 26
1266 810 22
1266 809 24
1265 807 21
1265 806 22
1265 805 23
1264 804 20
1264 803 20
1264 802 21
1264 801 22
1263 799 18
1263 799 18
1263 798 19
1263 797 20
1262 797 15
1262 796 16
1262 796 16
1262 795 16
1261 794 10
1261 794 10
1261 793 13
1261 793 13
1261 792 16
1261 792 16
1260 791 16
1260 791 16
1260 790 22
1259 790 17
1259 790 17
1259 790 17
1258 789 19
1258 789 19
1257 788 23
1256 788 19
1256 788 19
1256 787 27
1255 787 24
1255 786 31
1254 786 29
1253 785 32
1253 785 32
1252 785 27
1252 784 32
1251 784 27
1251 784 27
1250 783 29
1249 783 25
1249 782 30
1248 782 26
1248 782 26
1248 782 26
1247 782 21
1246 781 25
1245 781 20
1245 781 20
1244 780 22
1244 780 22
1244 780 22
1244 780 22
1244 780 22
1243 780 19
1243 780 19
1243 779 26
1242 779 23
1242 779 23
1242 779 23
1241 778 25
1240 778 22
1240 777 29
1239 776 29
1238 775 31
1238 775 31
1238 775 31
1237 775 26
1237 774 32
1237 774 32
1236 774 27
1236 774 27
1235 773 29
1234 773 25
1233 773 22
1232 772 24
1231 772 22
1230 771 25
1229 771 22
1229 771 22
1228 771 19
1228 771 19
1227 770 21
1225 769 20
1224 769 19
1223 768 20
1222 767 23
1221 767 22
1221 767 22
1221 766 26
1220 766 24
1220 766 24
1220 766 24
Stop
Start
1219 766 20
1219 766 20
1218 766 18
1217 765 18
1217 764 21
1216 763 19
1216 763 19
1216 762 21
1216 762 21
1216 762 21
1216 762 21
1216 761 24
1216 761 24
1215 760 24
1215 760 24
1214 759 26
1213 758 28
1213 758 28
1212 757 33
1211 757 32
1211 756 38
1210 755 42
1210 755 42
1209 755 38
1209 755 38
1208 754 41
1207 753 40
1206 753 36
1205 753 32
1204 752 35
1203 752 34
1201 752 31
1199 752 30
1198 751 36
1196 751 33
1195 751 31
1194 751 29
1193 751 28
1192 751 28
1191 751 28
1189 751 28
1187 752 22
1186 752 24
1184 752 27
1183 752 29
1181 753 24
1180 753 24
1179 753 23
1178 753 23
1178 753 23
1177 753 22
1176 753 22
1175 753 21
1173 753 18
1171 752 19
1170 752 18
1169 752 17
1168 752 17
1167 751 25
1166 751 25
1164 751 27
1163 750 35
1161 750 32
1160 750 31
1160 750 31
1159 750 30
1159 750 30
1157 750 29
1156 750 28
1155 750 27
1154 750 26
1153 750 25
1152 750 24
1152 750 24
1152 750 24
1150 750 21
1150 750 21
1149 750 20
1149 750 20
1149 750 20
1148 750 19
1148 750 19
1147 749 23
1146 749 23
1145 749 24
1145 749 24
1145 749 24
1144 749 25
1144 749 25
1143 749 27
1143 749 27
1143 749 27
Stop
Start
1142 749 28
1142 749 28
1141 749 29
1140 749 28
1137 749 26
1136 749 24
1135 749 24
1134 749 22
1134 749 22
1134 749 22
1134 749 22
1133 749 22
1132 749 22
1131 749 23
1131 749 23
1130 749 24
1130 749 24
1130 749 24
1129 750 21
1129 750 21
1128 751 18
1128 751 18
1128 751 18
1127 752 18
1126 753 18
1125 754 19
1124 754 24
1124 755 21
1123 755 25
1122 756 27
1122 756 27
1121 756 34
1121 757 31
1121 757 31
1120 758 31
1119 759 31
1118 759 37
1117 760 36
1117 761 30
1116 762 27
1116 763 23
1116 763 23
1116 763 23
1115 764 22
1115 764 22
1115 764 22
1115 765 19
1114 765 22
1113 765 26
1113 766 22
1113 766 22
1113 766 22
Stop
Start
1250 649 28
1249 649 25
1249 650 27
1248 652 31
1247 652 27
1245 653 26
1244 654 27
1244 654 27
1244 654 27
1243 654 23
1243 655 26
1242 656 25
1240 656 18
1239 657 20
1237 657 21
1236 657 21
1235 658 23
1234 659 25
1233 659 21
1232 660 22
1231 660 17
1231 660 17
1230 661 18
1229 661 13
1227 662 13
1225 662 7
1223 663 8
1222 663 7
1222 663 7
1221 664 10
1220 664 9
1219 664 9
1219 665 14
1218 665 13
1216 666 16
1215 667 21
1214 667 18
1213 667 15
1212 668 19
1211 668 17
1210 668 14
1208 669 16
1208 669 16
1207 669 15
1206 669 14
1205 669 14
1203 670 23
1202 670 24
1200 670 22
1199 671 25
1198 671 23
1197 671 21
1196 671 19
1195 671 18
1194 672 23
1192 672 20
1191 672 19
1190 673 24
1188 673 23
1186 674 28
1186 674 28
1185 674 24
1184 674 22
1184 674 22
1183 675 25
1182 675 23
1181 675 22
1180 675 22
1179 675 22
1178 676 31
1177 676 31
1177 676 31
1175 676 28
1173 677 27
1172 677 25
1170 677 22
1169 678 28
1167 678 28
1165 678 27
1163 678 27
1162 678 28
1160 678 30
1159 678 31
1159 678 31
1158 678 31
1156 678 33
1155 677 27
1154 677 28
1153 677 31
1152 677 34
1152 676 26
1152 676 26
1151 676 29
1150 675 24
1149 675 28
1148 675 30
1147 675 32
1147 674 24
1146 674 26
1144 674 26
1143 674 28
1143 674 28
1141 673 24
1140 673 27
1137 672 32
1135 671 28
1133 670 22
1132 669 15
1132 669 15
1131 669 16
1130 669 18
1129 669 21
1128 668 18
1128 668 18
1127 668 22
1125 668 28
1124 668 30
1122 667 25
1120 667 31
1119 667 34
1118 667 37
1116 666 33
1115 666 36
1114 665 30
1112 665 37
1110 664 35
1108 663 34
1106 662 33
1106 662 33
1105 662 36
1104 661 30
1102 660 30
1101 659 27
1100 659 31
1098 658 33
1096 657 37
1095 656 35
1094 655 34
1093 655 39
1092 654 36
1091 654 39
1091 653 31
1090 652 29
1089 651 27
1089 651 27
1088 650 27
1088 650 27
1087 649 25
1086 648 23
1085 647 19
1085 647 19
1085 646 14
1083 645 19
1083 644 15
1081 643 23
1080 643 29
1078 642 33
1077 641 36
1076 640 37
1075 639 37
1074 638 37
1074 638 37
1074 638 37
1073 637 36
1073 637 36
1072 636 35
1072 635 31
1071 634 28
1071 633 24
1070 632 22
1070 632 22
1070 631 18
1069 631 22
1069 630 19
1068 629 21
1068 628 20
1068 628 20
1067 627 23
1066 626 26
1066 625 24
1065 624 29
1065 623 27
1064 623 31
1064 622 30
1064 622 30
1064 621 30
1063 620 35
1063 619 36
1063 618 36
1062 617 44
1062 616 46
1062 615 47
1062 615 47
1062 615 47
1062 614 47
1062 614 47
1062 613 47
1062 613 47
1062 612 47
1062 611 46
1062 610 45
1062 610 45
1062 609 43
1062 607 41
1062 606 40
1062 605 39
1062 604 39
1062 602 38
1062 602 38
1062 601 38
1062 600 38
1062 599 38
1062 598 37
1062 597 37
1062 596 37
1062 595 38
1063 594 31
1063 593 31
1063 592 31
1064 591 28
1064 590 28
1064 589 28
1064 588 29
1064 587 30
1064 587 30
1064 586 31
1064 586 31
1064 586 31
1064 586 31
1064 586 31
Stop
Start
1064 586 31
1064 586 31
1064 586 31
1064 585 32
1064 585 32
1064 584 33
1064 583 33
1064 582 33
1064 581 34
1064 580 34
1064 579 35
1064 578 36
1065 578 33
1065 577 34
1065 577 34
1066 577 30
1067 577 29
1067 578 29
1068 578 29
1068 578 29
1068 579 30
1069 579 31
1069 580 31
1070 581 33
1070 582 32
1070 582 32
1071 582 34
1071 583 32
1071 584 29
1072 584 29
1073 584 30
1074 585 28
1076 585 28
1077 585 27
1077 585 27
1078 585 26
1078 585 26
1079 586 25
1080 587 24
1080 587 24
1081 587 24
1081 589 23
1083 591 21
1083 592 22
1084 594 25
1084 594 25
1085 595 27
1085 596 27
1085 596 27
1086 597 29
1086 597 29
1086 598 27
1087 598 28
1088 598 29
1089 598 29
1089 599 26
1091 599 23
1092 599 21
1094 599 19
1096 599 21
1098 599 26
1098 599 26
1099 599 28
1100 600 26
1102 601 24
1103 601 22
1105 602 18
1107 602 17
1109 603 16
1111 603 17
1114 603 16
1115 603 15
1119 603 17
1122 603 17
1123 603 16
1124 602 18
1124 602 18
1126 602 16
1129 601 15
1130 601 14
1130 601 14
1131 600 16
1132 599 18
1133 598 21
1134 598 21
1135 597 23
1136 596 23
1137 595 23
1138 594 23
1139 594 20
1140 593 22
1141 593 22
1141 593 22
1142 593 22
1144 593 24
1146 593 26
1148 593 26
1150 593 28
1151 593 31
1154 594 44
1155 595 45
1156 596 45
1157 597 42
1157 597 42
1158 597 45
1158 597 45
1158 598 40
1158 599 35
1159 600 34
1159 601 29
1159 602 24
1159 603 21
1159 604 19
1160 605 23
1160 605 23
1160 607 23
1160 607 23
1160 609 23
1160 610 23
1160 612 24
1161 612 25
1161 613 25
1161 615 24
1162 616 24
1163 617 25
1164 618 25
1164 618 25
1166 619 27
1166 620 25
1168 622 22
1171 623 22
1172 624 21
1174 624 24
1177 625 24
1179 626 20
1180 627 17
1181 627 17
1182 627 17
1183 627 17
1183 627 17
1184 627 20
1185 628 15
1187 628 19
1188 629 17
1190 630 20
1192 631 22
1194 632 23
1195 633 19
1196 633 18
1196 633 18
1197 634 13
1199 634 11
1200 634 11
1202 634 12
1203 634 12
1204 634 12
1206 633 22
1207 633 24
1207 632 30
1208 632 33
1209 632 34
1209 632 34
1211 632 36
1212 632 35
1213 632 34
1216 632 32
1218 632 31
1220 632 34
1221 632 35
1221 632 35
1221 632 35
1222 632 37
1224 633 35
1225 634 31
1226 634 33
1227 635 31
1227 635 31
1228 636 30
1228 637 28
1229 637 30
1229 638 28
1229 639 26
1229 639 26
1230 640 28
1230 640 28
1230 641 26
1230 641 26
1230 643 22
1231 644 22
1231 644 22
1232 645 20
1232 645 20
1233 645 20
1233 646 16
1234 646 16
1234 646 16
1236 646 16
1237 645 18
1237 644 20
1238 644 20
1238 644 20
1238 643 22
1239 642 24
1239 641 27
1240 641 27
1241 640 30
1243 639 33
1244 639 33
1244 639 33
1245 639 33
1245 639 33
1246 639 33
1247 639 33
1247 639 33
1248 639 33
1249 639 33
1250 640 29
1250 640 29
1251 640 30
1251 641 26
1251 641 26
1252 641 29
1252 641 29
1252 642 25
1253 642 28
1253 643 27
1253 643 27
1253 644 26
1253 645 27
1253 645 27
1253 645 27
1253 646 30
1253 646 30
1253 646 30
1252 647 29
1252 647 29
1252 648 32
1251 648 29
1251 648 29
1251 648 29
1251 648 29
1250 648 26
1250 648 26
1250 648 26
Stop
Start
1191 431 37
1191 431 37
1190 431 34
1190 431 34
1188 431 26
1185 432 25
1184 432 24
1184 432 24
1184 432 24
1181 433 28
1180 433 27
1179 433 25
1179 434 28
1178 434 25
1176 434 21
1174 434 18
1173 435 20
1172 435 19
1172 435 19
1171 435 18
1170 436 20
1169 437 23
1168 437 22
1167 439 26
1166 441 27
1166 442 28
1165 443 26
1164 445 25
1164 446 27
1164 447 29
1163 448 27
1163 449 29
1162 450 26
1161 452 26
1160 453 26
1158 454 24
1156 456 28
1155 458 31
1154 459 30
1153 460 28
1152 462 26
1151 464 26
1150 465 26
1149 466 26
1149 466 26
1148 468 31
1147 469 33
1145 470 32
1145 471 36
1144 472 35
1143 473 35
1142 474 36
1141 474 35
1140 474 33
1138 475 31
1136 475 29
1134 475 27
1133 475 25
1133 475 25
1132 475 25
1131 475 25
1131 475 25
1130 474 24
1129 473 24
1128 472 23
1128 471 23
1127 470 24
1126 469 24
1125 468 23
1125 468 23
1124 468 21
1124 468 21
1123 467 19
1121 467 14
1120 467 14
1117 468 17
1116 469 18
1114 470 21
1113 471 22
1111 472 24
1111 473 25
1110 474 24
1109 475 24
1108 476 24
1107 477 26
1105 479 29
1103 480 30
1101 481 26
1099 482 20
1097 483 21
1096 484 25
1095 484 25
1095 485 29
1094 486 33
1093 487 34
1092 489 31
1091 489 28
1091 490 28
1090 491 27
1089 491 26
1089 491 26
1089 492 29
1088 492 30
1087 492 31
1086 492 34
1086 492 34
1085 491 33
1084 490 36
1084 489 36
1084 489 36
1084 488 35
1084 487 35
1084 486 35
1084 485 37
1084 483 43
1084 481 49
1085 479 45
1085 477 46
1086 474 39
1087 472 34
1087 470 38
1088 469 34
1088 467 36
1089 465 32
1089 463 34
1090 462 31
1090 460 35
1091 459 30
1091 458 33
1092 456 31
1093 455 31
1093 454 33
1094 453 33
1094 453 33
1094 452 36
1095 451 35
1096 450 35
1096 450 35
1097 449 35
1098 448 31
1098 447 33
1098 446 37
1099 446 31
1099 445 34
1099 444 34
1099 443 32
1100 442 23
1100 441 21
1100 440 21
1101 438 20
1101 437 25
1102 436 25
1102 434 34
1103 433 33
1104 432 30
1104 431 32
1104 431 32
1105 430 28
1106 428 27
1107 427 26
1107 426 27
1108 425 27
1108 424 31
1109 424 29
1109 423 34
1110 422 36
1111 421 37
1112 421 34
1113 419 37
1114 418 35
1115 416 37
1115 416 37
1116 415 36
1116 415 36
1117 414 35
1118 414 31
1119 413 32
1119 413 32
1121 412 34
1123 412 29
1125 412 26
1127 412 19
1130 411 23
1131 411 23
1133 411 26
1135 411 29
1137 411 28
1139 411 27
1141 410 31
1142 410 30
1143 410 30
1143 410 30
1143 410 30
1145 409 32
1146 408 34
1146 408 34
1148 407 34
1149 406 36
1150 406 35
1151 405 40
1152 405 39
1153 405 39
1153 404 44
1153 404 44
1154 404 43
1154 404 43
1156 404 41
1158 403 39
1160 403 34
1161 403 33
1163 403 33
1165 403 36
1166 403 38
1167 403 39
1168 404 37
1169 404 38
1171 405 36
1173 405 35
1175 406 29
1176 406 28
1177 407 23
1179 407 22
1181 407 22
1182 407 23
1184 407 26
1185 407 27
1186 407 29
1186 407 29
1188 407 31
1189 406 34
1190 406 34
1192 406 34
1194 406 36
1197 407 39
1198 408 38
1199 409 36
1201 410 35
1202 411 35
1203 412 35
1203 413 32
1204 414 31
1205 415 31
1206 416 30
1207 417 30
1208 417 32
1210 419 32
1211 420 35
1211 420 35
1212 421 38
1213 422 41
1214 424 45
1214 425 45
1214 426 45
1215 428 49
1215 429 49
1215 430 48
1215 431 47
1215 431 47
1215 432 46
1214 433 43
1214 433 43
1212 434 41
1211 434 41
1210 434 41
1210 434 41
1208 434 40
1208 434 40
1207 434 42
1207 433 39
1206 433 40
1206 433 40
1205 432 40
1205 432 40
1204 431 38
1204 431 38
1203 431 39
1203 430 38
1203 430 38
1202 430 38
1202 430 38
1201 430 38
1201 430 38
1200 430 37
1199 430 34
1198 430 34
1198 430 34
1197 430 34
1197 430 34
1197 430 34
1196 430 35
1196 430 35
1195 430 36
1195 431 40
1194 431 42
1194 431 42
1194 431 42
1193 431 42
1193 431 42
1192 431 41
1192 431 41
1192 431 41
1191 431 37
1191 431 37
1191 431 37
1191 431 37
1189 431 30
1189 431 30
Stop
