New Slice
Start
519 194 33
518 195 27
517 195 19
517 195 19
516 195 17
515 195 17
515 195 17
514 195 22
513 195 22
513 195 22
512 195 30
512 196 30
511 196 30
511 197 25
511 197 25
511 197 25
510 197 24
509 197 27
509 198 18
508 198 18
507 199 23
507 199 23
507 199 23
506 199 23
505 199 33
505 200 11
504 200 21
503 201 21
503 201 21
502 202 26
501 202 26
501 203 19
501 203 19
500 203 35
500 204 35
499 204 35
499 205 22
498 205 36
497 205 43
497 206 43
496 207 24
495 207 28
495 207 28
495 208 28
495 209 22
495 209 22
495 210 22
495 211 22
495 211 22
495 212 20
495 213 20
495 213 20
495 214 26
495 215 23
495 215 23
495 215 23
495 216 23
496 217 18
497 217 18
497 218 18
497 218 18
497 219 22
498 219 27
499 219 33
499 219 33
500 219 33
501 219 36
501 219 36
502 219 36
502 218 25
503 218 23
503 218 23
504 218 23
504 217 23
505 217 23
505 217 23
507 217 29
507 217 29
507 217 29
508 217 36
509 217 36
509 217 36
509 216 13
510 216 16
511 216 15
511 216 15
512 216 15
513 216 20
513 216 20
514 216 20
515 216 24
515 216 24
516 216 24
517 216 21
517 216 21
518 216 19
519 216 19
519 216 19
520 216 16
521 216 16
521 216 16
522 216 9
523 217 14
523 217 14
524 217 14
524 217 14
525 217 5
525 218 5
526 218 5
527 219 7
527 219 7
528 220 6
529 220 6
529 221 6
529 221 6
529 221 6
530 221 0
530 222 4
531 223 4
531 223 4
531 223 4
532 223 0
532 224 0
532 225 0
532 225 0
533 225 0
533 226 16
533 227 24
533 227 24
533 228 24
533 229 37
534 229 5
534 230 5
534 231 7
534 231 7
534 232 14
534 233 14
535 233 0
535 233 0
535 234 0
535 235 0
535 235 0
535 236 4
535 237 4
535 237 4
535 238 12
535 239 22
535 239 22
535 240 22
535 241 26
535 241 26
535 242 26
535 243 21
535 243 21
535 244 19
535 245 19
535 245 19
536 246 24
536 247 24
536 247 24
536 248 11
536 249 11
536 249 11
536 250 10
536 251 4
536 251 4
536 252 4
536 253 10
536 253 10
536 254 10
536 255 14
536 255 14
536 256 13
536 257 13
536 257 13
536 258 0
536 259 0
536 259 0
536 260 0
536 261 0
536 261 0
536 262 0
536 263 0
536 263 0
536 264 0
536 265 0
536 265 0
536 266 0
536 267 0
536 267 0
536 268 0
536 269 0
536 269 0
536 270 0
536 271 0
536 271 0
536 272 0
536 273 0
536 273 0
535 274 0
535 275 0
535 275 0
535 276 0
535 277 0
535 277 0
535 278 0
535 279 0
535 279 0
535 280 8
535 281 8
535 281 8
535 282 6
535 283 6
535 283 6
535 284 2
535 285 0
535 285 0
535 286 0
535 287 0
535 287 0
535 288 0
535 289 1
534 289 9
534 290 9
534 291 8
533 292 23
533 293 23
533 293 23
532 294 14
532 295 14
531 295 28
531 295 28
531 296 20
530 296 20
530 297 14
529 297 21
529 298 21
528 298 21
527 298 19
527 299 7
526 299 9
525 299 9
525 299 9
524 300 15
523 300 15
523 300 15
522 300 30
521 301 23
521 301 23
520 301 23
519 301 23
519 301 23
518 301 23
517 301 17
517 301 17
516 301 18
515 301 18
515 301 18
514 301 25
513 301 25
513 301 25
512 301 27
511 301 27
511 301 27
510 301 23
509 301 15
509 301 15
508 301 15
507 301 8
507 301 8
506 301 8
505 301 9
505 301 9
504 301 17
503 301 17
503 301 17
502 301 20
501 300 27
499 299 24
499 299 24
498 299 21
497 299 21
497 299 21
496 299 21
495 299 4
495 298 6
494 297 6
493 297 5
493 297 5
492 297 5
491 296 13
491 295 16
491 295 16
490 294 5
489 294 5
489 293 13
488 293 0
488 293 0
487 292 0
487 291 13
486 291 0
485 291 0
485 290 0
485 289 0
483 289 0
483 289 0
483 289 0
483 288 0
482 287 0
481 287 6
481 287 6
481 286 4
480 285 14
479 285 14
479 284 12
479 283 6
479 283 6
479 283 6
479 282 6
478 281 9
478 281 9
478 280 9
477 280 9
477 279 5
477 279 5
477 278 2
477 277 2
477 277 2
477 276 7
477 275 7
477 275 7
477 274 8
477 273 8
477 273 8
477 272 20
477 271 30
477 271 30
477 270 30
477 269 34
477 269 34
477 268 34
477 267 41
477 267 41
478 266 48
478 265 48
478 265 48
479 264 39
479 263 39
479 263 39
479 263 39
479 262 40
479 261 39
480 261 39
480 261 39
481 259 35
481 259 35
481 259 35
482 258 34
483 257 26
483 257 26
483 257 26
484 257 25
484 256 25
485 255 17
485 255 17
486 255 10
487 255 6
487 255 6
487 255 6
488 255 6
489 255 13
489 255 13
490 255 13
491 255 27
491 255 27
492 255 27
493 255 37
493 255 37
494 255 39
495 255 39
495 255 39
497 255 42
497 255 42
499 255 43
499 255 43
500 255 43
501 255 40
501 255 40
502 255 40
503 255 38
503 255 38
504 255 38
505 255 37
505 255 37
506 255 35
507 255 35
507 255 35
508 255 32
509 254 19
510 254 24
511 254 25
511 253 25
512 253 25
513 253 27
513 253 27
513 252 20
513 251 20
513 251 20
513 250 22
513 249 31
513 249 31
512 248 22
511 248 22
511 247 41
511 247 41
509 247 20
509 246 20
509 246 20
508 245 36
507 245 28
507 245 28
506 244 28
505 243 28
505 243 28
504 243 20
503 243 20
503 242 32
503 242 32
502 241 26
501 241 26
501 240 38
500 240 28
499 239 28
499 239 28
498 239 16
498 238 17
497 238 7
497 237 28
497 237 28
496 237 28
495 236 9
494 236 9
494 235 26
493 235 16
493 235 16
492 235 5
492 234 5
491 234 5
491 234 5
491 233 22
490 233 26
489 233 26
489 233 26
487 233 30
487 233 30
486 233 37
485 233 48
485 234 41
484 235 41
483 235 43
483 236 40
483 237 40
482 237 40
481 237 49
481 238 47
481 239 40
481 239 40
481 240 40
480 241 49
479 242 49
479 243 43
479 243 43
479 244 36
479 245 36
479 245 36
479 246 37
479 247 37
479 247 37
479 247 37
479 248 36
479 249 36
479 249 36
479 251 36
479 251 36
479 252 36
479 253 20
479 253 20
479 254 20
478 255 35
478 255 35
478 256 49
478 257 49
477 257 49
477 258 47
477 259 47
477 259 47
477 260 40
477 261 40
477 261 40
477 262 38
477 263 40
477 263 40
477 264 40
477 265 48
477 265 48
477 266 48
477 267 41
477 267 41
477 268 34
477 269 34
477 269 34
477 270 30
477 271 30
477 271 30
477 272 20
477 273 8
477 273 8
477 274 8
477 275 7
477 275 7
477 275 7
477 276 7
477 277 2
478 277 2
478 278 2
478 279 5
479 279 1
479 280 2
479 281 2
479 281 2
480 281 2
480 282 6
480 283 6
480 283 6
481 283 0
481 284 1
481 285 4
481 285 4
481 286 4
481 287 6
481 287 6
481 287 6
482 287 0
482 288 0
482 289 0
482 289 0
482 290 0
483 291 4
483 291 4
483 292 5
484 293 0
484 294 13
484 295 13
485 295 13
485 296 27
485 297 43
486 297 23
486 297 23
487 297 11
487 298 11
487 299 29
488 299 29
488 301 46
489 301 39
489 301 39
489 301 39
490 302 39
490 303 45
491 303 49
491 303 49
492 303 49
493 303 52
493 304 54
493 304 54
493 305 54
494 305 48
495 305 48
495 305 48
496 305 35
497 305 35
497 305 35
498 305 29
499 305 22
499 305 22
500 305 22
501 305 16
501 305 16
502 305 16
503 305 12
503 306 22
504 306 22
505 306 25
505 306 25
506 306 26
507 306 26
507 306 26
508 306 22
509 307 22
509 307 22
510 307 25
511 307 33
511 307 33
512 307 33
513 307 36
513 307 36
514 307 36
515 307 33
515 307 33
516 307 33
517 307 32
517 307 32
518 307 38
519 307 38
519 307 38
520 307 45
521 307 45
521 307 45
522 307 48
523 306 45
525 306 41
525 306 41
526 306 41
527 306 44
527 306 44
528 305 33
529 305 33
529 305 33
529 305 33
530 305 45
531 305 45
531 305 45
532 304 52
533 304 52
533 304 52
534 304 59
534 303 32
535 303 37
535 303 37
536 303 37
537 303 46
537 303 46
537 302 28
538 302 28
539 302 41
539 301 41
539 301 41
540 301 50
540 300 41
540 299 41
540 299 41
540 298 38
540 297 38
540 297 38
540 296 31
540 295 33
540 295 33
540 294 33
540 293 29
540 293 29
540 292 29
540 291 30
540 291 30
540 290 34
540 289 34
540 289 34
540 288 27
540 287 27
541 286 23
541 285 23
541 285 23
541 284 24
541 283 27
541 283 27
541 282 27
541 281 25
542 281 38
542 279 38
542 279 38
543 277 35
543 277 35
543 276 34
543 275 34
543 275 34
543 274 36
543 273 36
543 273 36
543 272 35
543 271 37
543 271 37
543 270 37
543 269 42
543 268 42
543 267 42
543 267 42
543 266 38
543 265 38
543 265 38
543 264 39
543 263 39
543 263 39
543 262 28
543 261 28
543 260 28
543 259 40
543 259 40
543 258 40
543 257 44
543 257 44
543 256 44
543 255 39
543 254 37
543 253 37
543 252 24
543 251 24
543 251 24
543 250 19
543 249 27
543 249 27
543 248 27
543 247 30
543 247 30
543 246 30
543 245 31
543 245 31
543 244 31
543 243 26
543 243 26
543 242 26
543 241 26
543 241 26
543 240 26
543 239 26
543 239 26
543 238 35
543 237 32
543 237 32
543 236 32
543 235 24
543 235 24
543 234 24
543 233 31
543 233 31
543 232 31
543 231 38
543 231 38
543 230 42
543 229 42
543 229 42
543 228 47
543 227 47
543 227 47
543 226 58
543 225 63
543 225 63
543 224 63
543 223 53
543 223 53
543 222 53
543 221 44
543 221 44
543 220 44
543 219 42
543 219 42
543 218 41
543 217 41
543 217 41
543 216 37
543 215 37
543 215 37
543 214 32
543 213 27
543 212 27
543 211 21
543 211 21
543 210 21
542 209 27
541 209 13
541 207 20
541 207 20
541 207 20
540 206 20
539 206 12
539 205 12
539 205 12
539 204 32
538 203 25
537 203 25
537 203 25
537 202 43
536 201 52
536 201 52
535 201 52
535 200 52
534 199 56
533 199 58
533 199 58
532 198 58
531 198 55
531 197 59
530 197 59
529 197 56
529 197 56
528 197 56
527 197 49
527 196 54
526 196 45
525 196 45
525 196 45
524 196 42
523 196 42
522 196 43
522 195 43
521 195 37
521 195 37
520 195 37
519 195 27
519 195 27
518 195 27
517 195 19
517 195 19
Stop
New Slice
Start
519 193 33
518 193 33
517 193 28
517 193 28
517 194 28
516 194 29
515 194 29
515 195 17
515 195 17
515 195 17
513 196 22
512 197 25
511 197 25
511 197 25
510 197 24
510 198 9
509 198 18
508 199 18
507 199 23
507 199 23
506 200 6
505 200 11
505 201 11
504 201 21
503 202 13
503 202 13
502 203 19
501 203 19
501 204 19
501 205 5
501 205 5
500 206 22
500 207 10
500 207 10
499 208 10
499 209 18
499 209 18
499 210 9
498 210 9
498 211 9
498 211 9
497 212 12
497 213 12
497 213 12
497 214 16
497 215 16
497 215 16
497 216 16
497 217 18
497 217 18
497 218 18
497 219 22
498 219 27
499 219 33
499 219 33
500 219 33
501 219 36
501 219 36
502 219 36
503 219 33
504 219 33
504 219 33
505 219 29
505 218 23
506 218 29
507 218 29
507 218 29
508 218 36
508 217 36
509 217 36
509 217 36
510 217 33
511 217 30
511 217 30
512 217 30
513 217 29
513 216 20
513 216 20
514 216 20
515 216 24
515 216 24
516 216 24
517 216 21
517 216 21
518 216 19
519 216 19
519 216 19
520 216 16
521 216 16
521 216 16
522 216 9
523 216 0
523 217 14
523 217 14
524 217 14
525 217 5
525 218 5
525 219 23
526 219 23
527 219 7
527 220 22
528 221 6
529 221 6
529 222 21
529 223 21
530 224 21
531 225 21
531 225 21
531 226 36
531 227 46
531 227 46
532 228 24
533 229 37
533 230 37
533 231 34
533 231 34
533 232 35
533 233 35
533 233 35
533 234 40
534 235 19
534 235 19
534 236 19
534 237 19
534 237 19
534 238 23
534 239 32
534 240 32
534 241 43
534 243 40
534 245 34
534 247 43
534 248 30
534 250 21
534 251 20
534 253 30
534 254 30
534 255 27
534 256 26
534 257 26
534 257 26
534 258 10
534 259 10
534 259 10
534 260 12
534 261 12
534 261 12
534 262 7
534 263 3
534 263 3
534 265 6
534 265 6
535 267 0
535 267 0
535 268 0
535 269 0
535 269 0
535 270 0
535 271 0
535 271 0
535 272 0
535 272 0
535 273 0
535 273 0
535 274 0
535 275 0
535 275 0
535 276 0
535 277 0
535 278 0
535 279 0
535 279 0
535 280 8
535 281 8
535 281 8
535 282 6
535 283 6
535 283 6
535 284 2
535 285 0
535 285 0
535 286 0
535 287 0
535 287 0
535 289 1
535 290 1
534 291 8
533 291 23
533 292 23
533 293 23
533 293 23
532 295 14
531 295 28
531 295 28
531 296 20
530 297 14
529 297 21
529 298 21
529 298 21
529 299 12
528 299 12
528 299 12
527 299 7
527 299 7
525 300 9
525 300 9
525 301 1
524 301 6
523 301 6
523 301 6
522 301 18
521 301 23
521 301 23
520 301 23
519 301 23
519 301 23
518 301 23
517 301 17
517 301 17
516 301 18
515 301 18
515 301 18
514 301 25
513 301 25
513 301 25
512 301 27
511 301 27
511 301 27
510 301 23
509 301 15
509 301 15
508 301 15
507 301 8
507 301 8
505 301 9
505 301 9
504 301 17
503 301 17
502 301 20
501 301 20
501 301 20
500 301 14
499 301 14
499 301 14
498 301 13
497 301 18
497 301 18
496 301 18
495 301 22
495 300 4
494 300 4
493 299 7
492 299 10
491 299 10
491 298 5
489 297 6
489 297 6
487 297 11
487 297 11
486 296 7
485 295 13
485 295 13
484 295 13
484 294 13
483 294 31
483 293 5
483 293 5
483 293 5
482 293 5
481 292 14
481 291 19
481 290 14
480 289 24
480 289 24
480 288 20
479 288 20
479 287 20
479 286 14
479 285 14
479 284 12
479 283 6
479 283 6
478 283 19
478 282 19
478 281 9
478 281 9
478 280 9
478 279 5
478 279 5
478 278 2
478 277 2
478 277 2
478 276 7
478 275 7
478 275 7
478 274 8
478 273 8
478 273 8
478 272 20
478 271 30
478 271 30
478 270 30
478 269 34
478 269 34
478 268 34
478 267 41
479 267 46
479 267 46
479 266 47
479 265 47
479 265 47
479 264 39
480 263 39
481 263 38
481 262 42
481 261 36
481 261 36
481 261 36
482 261 43
483 260 43
483 259 34
483 259 34
483 259 34
483 258 34
484 258 37
484 257 25
485 257 25
485 257 25
486 256 24
487 256 28
487 256 28
488 256 28
488 255 6
489 255 13
489 255 13
490 255 13
491 255 27
491 255 27
492 255 27
493 255 37
493 255 37
494 255 39
495 255 39
495 255 39
496 255 42
497 255 42
498 255 43
499 255 43
499 255 43
501 255 40
501 255 40
502 255 40
503 255 38
503 255 38
505 255 37
505 255 37
506 255 35
507 255 35
507 255 35
508 255 32
509 255 32
509 255 32
510 255 37
511 255 35
511 255 35
512 255 35
513 254 27
513 253 27
513 253 27
513 252 20
513 251 20
513 251 20
513 250 22
513 249 31
512 249 22
511 248 22
511 247 41
511 247 41
510 247 29
510 246 29
509 246 20
509 245 36
509 245 36
509 245 36
508 245 36
507 244 28
507 243 37
507 243 37
506 243 37
505 243 28
505 242 34
505 241 34
504 241 32
503 241 32
502 240 38
501 239 38
501 239 38
500 239 28
500 238 34
499 238 34
499 237 49
498 237 42
498 237 42
497 237 28
497 236 28
497 235 39
496 235 39
495 235 26
495 235 26
494 234 26
493 233 31
493 233 31
492 233 22
491 233 22
491 233 22
490 233 26
489 233 26
489 233 26
488 233 30
487 233 30
487 233 30
486 233 37
485 233 48
485 234 41
485 234 41
484 235 41
483 235 43
483 235 43
483 236 40
482 236 40
482 237 40
481 237 49
481 237 49
480 237 53
480 238 58
480 239 53
479 239 53
479 240 53
479 241 49
479 241 49
479 242 49
479 243 43
479 243 43
479 244 36
479 245 36
479 245 36
479 246 37
479 247 37
479 247 37
479 248 36
479 249 36
479 249 36
479 250 38
479 251 36
479 251 36
479 252 36
479 253 20
479 253 20
479 254 20
479 255 25
479 256 41
479 257 41
479 257 41
479 258 41
479 259 41
479 259 41
479 260 39
479 261 39
479 261 39
479 262 40
479 263 39
479 263 39
479 264 39
479 265 47
479 265 47
479 266 47
479 267 46
479 267 46
479 268 38
479 269 38
479 269 38
479 270 29
479 271 29
479 271 29
479 271 29
479 273 11
479 273 11
479 274 11
479 275 9
479 275 9
479 276 9
479 277 2
479 277 2
479 278 2
479 279 1
479 279 1
479 280 2
479 281 2
479 281 2
479 282 6
479 283 6
479 283 6
479 284 12
479 285 14
479 285 14
479 286 14
479 287 20
480 287 20
480 287 20
480 288 20
481 289 14
481 289 14
481 290 14
482 291 4
482 291 4
482 292 5
483 292 5
483 293 5
483 293 5
483 293 5
484 294 13
485 294 13
485 295 13
485 295 13
485 295 13
486 295 0
487 296 0
487 297 11
487 297 11
488 297 11
489 298 6
489 299 16
490 299 16
490 299 16
491 299 10
492 300 10
493 300 7
493 301 30
494 301 22
495 301 22
495 301 22
496 301 18
497 301 18
497 301 18
499 302 14
499 303 14
500 303 14
501 303 12
501 303 12
502 303 12
503 303 7
503 303 7
504 303 7
505 303 1
505 303 1
506 303 2
506 304 15
507 304 15
507 304 15
508 304 22
509 304 22
509 304 22
510 304 19
511 304 15
511 305 15
511 305 15
512 305 15
513 305 13
513 305 13
514 305 13
515 305 14
515 305 14
516 305 14
517 305 15
518 305 15
519 305 15
520 305 17
521 305 17
521 305 17
522 305 20
523 305 21
523 305 21
524 305 21
525 305 17
525 305 17
526 305 17
527 305 20
527 305 20
528 305 33
529 304 33
531 304 45
531 303 18
532 303 27
533 303 27
533 302 13
534 302 16
535 301 21
535 301 21
535 301 21
536 300 14
537 300 21
537 299 21
538 299 21
539 298 32
539 297 32
539 296 25
539 295 20
540 295 33
540 295 33
540 294 33
540 293 29
541 293 29
541 292 29
541 291 30
541 291 30
541 290 34
541 289 34
541 289 34
541 287 27
541 287 27
541 286 23
541 285 23
541 285 23
541 284 24
541 283 27
541 283 27
541 282 27
541 281 25
541 280 25
541 279 23
541 279 23
541 278 26
541 277 26
541 277 26
541 276 25
541 275 25
541 274 24
541 273 24
541 273 24
541 272 21
541 271 23
541 271 23
541 270 23
541 269 31
541 269 31
541 268 31
541 267 24
541 267 24
541 266 29
541 265 29
541 265 29
541 264 32
541 263 32
541 263 32
541 262 28
541 261 24
541 261 24
541 259 28
541 259 28
541 258 28
541 257 32
541 257 32
541 256 32
541 255 26
541 255 26
541 254 22
541 253 22
541 252 9
541 251 9
541 251 9
541 250 4
541 249 5
541 249 5
541 248 5
541 247 4
541 247 4
541 246 4
541 245 10
541 245 10
541 244 10
541 243 10
541 243 10
541 242 15
541 241 15
541 241 15
542 240 26
542 239 26
542 239 26
542 238 35
542 237 32
542 237 32
542 236 32
542 235 24
542 235 24
543 235 24
543 234 24
543 233 31
543 233 31
543 232 31
543 231 38
543 231 38
543 230 42
543 229 42
543 229 42
543 228 47
543 227 47
543 227 47
543 226 58
543 225 63
543 225 63
543 224 63
543 223 53
543 223 53
543 222 53
543 221 44
543 220 44
543 219 42
543 219 42
543 218 41
543 217 41
543 217 41
543 216 37
543 215 37
542 215 37
542 215 37
542 214 32
541 213 14
541 213 14
541 212 14
541 211 11
540 211 11
540 211 11
540 210 11
539 209 0
539 209 0
538 207 0
537 207 0
537 207 0
537 206 6
536 205 0
535 205 0
535 205 0
534 204 15
534 203 15
533 203 15
533 203 15
532 203 15
531 202 32
531 201 44
530 201 44
530 201 44
529 201 36
528 200 36
528 199 46
527 199 37
527 199 37
527 199 37
526 199 34
525 198 34
525 197 44
524 197 40
524 197 40
523 197 40
523 196 42
522 196 43
521 196 37
521 195 37
521 195 37
520 195 37
519 195 27
519 195 27
518 195 27
517 194 28
517 194 28
Stop
New Slice
Start
516 196 17
515 196 17
515 196 17
514 196 22
513 196 22
513 196 22
512 196 30
511 196 30
510 196 37
509 196 45
509 197 27
508 197 27
507 197 33
507 197 33
506 197 33
505 198 33
504 199 43
503 199 43
502 199 45
501 200 29
500 201 39
499 201 39
499 201 39
499 201 39
499 202 38
498 203 48
497 203 55
497 203 55
497 204 55
497 205 43
497 205 43
496 205 43
495 207 28
495 207 28
495 209 22
494 209 22
494 210 22
494 211 22
494 211 22
494 212 20
494 213 20
494 213 20
494 214 26
494 215 23
494 215 23
494 217 30
495 217 30
495 218 30
496 218 18
497 218 18
497 218 18
499 218 23
499 218 23
500 218 23
501 218 25
501 218 25
502 218 25
503 218 23
503 218 23
504 218 23
504 217 23
505 217 23
505 217 23
506 217 29
507 217 29
508 217 36
509 217 36
509 217 36
510 217 33
511 216 15
511 216 15
512 216 15
513 216 20
513 216 20
514 216 20
515 216 24
515 216 24
516 216 24
517 216 21
517 216 21
518 216 19
519 216 19
520 216 16
521 216 16
521 216 16
522 216 9
523 216 0
523 216 0
524 216 0
525 216 0
525 216 0
526 216 0
527 216 0
527 217 0
528 217 0
528 219 0
529 219 0
529 219 0
529 220 6
529 221 6
530 221 0
530 221 0
530 222 4
531 222 4
531 223 4
531 223 4
531 224 21
532 225 0
532 225 0
533 226 16
533 227 24
533 227 24
533 228 24
534 229 5
534 229 5
534 230 5
534 231 7
534 231 7
534 232 14
534 233 14
534 234 19
535 235 0
535 235 0
535 237 4
535 237 4
535 238 12
535 239 22
535 240 22
535 241 26
535 241 26
535 242 26
535 243 21
536 243 21
536 244 19
536 245 19
536 245 19
536 246 24
536 247 24
536 248 11
536 249 11
536 249 11
536 251 4
536 251 4
536 252 4
536 253 10
536 254 10
536 255 14
536 255 14
536 256 13
536 257 13
536 257 13
536 258 0
536 259 0
536 259 0
536 260 0
536 261 0
536 261 0
536 262 0
536 263 0
536 264 0
536 265 0
536 266 0
536 267 0
536 267 0
536 268 0
536 269 0
536 269 0
536 270 0
536 271 0
536 271 0
536 272 0
536 273 0
536 273 0
536 274 0
536 275 0
536 275 0
536 276 0
536 277 0
536 277 0
536 278 0
536 279 0
536 279 0
536 280 8
536 281 8
536 281 8
536 282 6
536 283 6
535 283 6
535 284 2
535 285 0
535 285 0
535 286 0
535 287 0
535 287 0
535 287 0
535 288 0
534 289 9
534 289 9
534 290 9
534 291 8
533 291 23
533 292 23
533 293 23
533 293 23
533 294 14
532 295 14
532 295 14
531 296 20
531 297 14
530 297 14
530 297 14
529 297 21
529 298 21
529 299 12
528 299 12
527 299 7
526 299 9
525 299 9
525 300 9
525 300 9
524 300 15
523 300 15
523 301 6
523 301 6
522 301 18
521 301 23
521 301 23
520 301 23
519 301 23
519 301 23
518 301 23
517 301 17
517 301 17
516 301 18
515 301 18
515 301 18
514 301 25
513 301 25
512 301 27
511 301 27
511 301 27
510 301 23
509 301 15
509 301 15
508 301 15
507 301 8
507 301 8
506 301 8
505 301 9
505 301 9
504 301 17
503 301 17
503 301 17
502 301 20
501 301 20
501 301 20
500 301 14
499 301 14
499 301 14
498 301 13
497 301 18
497 301 18
497 300 21
495 300 4
495 299 4
495 299 4
494 299 4
493 299 7
493 298 5
492 297 5
491 297 5
491 297 5
491 296 13
489 296 4
489 295 5
489 295 5
489 295 5
488 295 0
488 294 0
487 294 0
487 293 0
486 293 0
485 292 0
485 291 0
485 291 0
484 291 0
484 290 0
484 289 0
483 289 0
483 289 0
483 288 0
483 287 0
483 287 0
483 286 0
482 285 0
482 285 0
482 284 6
482 283 13
482 283 13
482 282 13
482 281 26
482 281 26
482 280 26
482 279 27
482 279 27
482 278 30
482 277 30
482 277 30
482 276 42
482 275 42
482 274 46
482 273 46
482 273 46
482 272 50
482 271 44
482 271 44
482 270 44
482 269 41
482 269 41
482 268 41
482 267 46
482 267 46
482 266 50
482 265 50
482 265 50
482 264 51
482 263 51
482 263 51
482 262 49
482 261 43
482 261 43
482 260 43
483 260 43
483 259 34
483 259 34
483 258 34
484 257 25
485 257 25
485 256 25
485 256 25
486 255 10
487 255 6
487 254 0
488 254 0
489 254 1
489 253 1
490 253 1
491 253 8
491 253 8
492 253 8
493 253 7
493 253 7
494 253 7
495 253 7
495 253 7
496 253 14
497 253 14
497 253 14
498 253 17
499 253 20
500 253 20
501 253 24
501 253 24
502 253 24
503 253 26
504 253 26
505 253 19
505 253 19
506 253 15
507 253 15
507 253 15
508 253 19
509 253 19
509 253 19
510 253 24
511 253 25
511 253 25
512 253 25
512 253 25
513 252 20
513 251 20
513 251 20
513 250 22
513 249 31
512 249 22
512 249 22
512 248 22
511 247 41
511 247 41
511 246 41
510 245 40
509 245 36
509 245 36
509 245 36
509 244 36
507 244 28
507 243 37
507 243 37
506 242 40
505 242 34
505 241 34
505 241 34
505 241 34
504 241 32
504 240 43
503 240 43
503 240 43
503 239 43
502 239 38
501 238 50
501 238 50
501 237 59
499 237 49
499 237 49
498 236 42
497 236 28
497 235 39
497 235 39
496 235 39
495 235 26
494 234 26
493 234 16
493 234 16
492 233 22
491 233 22
490 233 26
489 233 26
489 233 26
488 233 30
487 233 30
487 233 30
486 233 37
485 233 48
485 233 48
484 233 48
483 233 55
483 234 43
483 234 43
482 235 43
481 235 48
481 236 49
480 237 53
480 237 53
479 237 53
479 238 58
479 239 53
479 239 53
479 240 53
479 241 49
479 241 49
479 242 49
479 243 43
479 243 43
478 244 43
478 245 43
478 245 43
478 246 48
478 247 48
478 247 48
478 248 45
478 249 45
478 249 45
478 250 51
478 251 52
478 251 52
478 252 52
478 253 31
478 253 31
478 254 31
478 255 35
478 255 35
478 256 49
478 257 49
478 257 49
478 258 47
478 259 47
478 259 47
478 260 40
477 261 40
477 261 40
477 262 38
477 263 40
477 263 40
477 264 40
477 265 48
477 265 48
477 266 48
477 267 41
477 267 41
477 268 34
477 269 34
477 269 34
477 270 30
477 271 30
477 271 30
477 272 20
477 273 8
477 273 8
477 275 7
477 275 7
477 276 7
477 277 2
477 277 2
477 278 2
477 279 5
477 279 5
477 280 9
478 281 9
478 281 9
479 281 2
479 282 6
479 283 6
479 283 6
479 284 12
480 285 14
480 286 14
481 287 6
481 287 6
481 288 6
482 289 0
483 289 0
483 291 4
484 291 0
484 291 0
485 292 0
485 293 0
485 293 0
486 294 0
486 295 0
487 295 0
487 295 0
487 296 0
488 297 11
489 297 6
489 298 6
490 299 16
491 299 10
492 300 10
492 301 37
493 301 30
494 301 22
495 301 22
497 301 18
497 302 18
498 302 13
499 303 14
500 303 14
501 303 12
501 303 12
502 303 12
503 304 12
503 304 12
504 304 12
505 304 10
506 305 15
507 305 15
507 305 15
508 305 22
509 305 22
509 305 22
510 305 19
511 305 15
511 305 15
512 305 15
513 305 13
513 305 13
514 305 13
515 305 14
515 305 14
516 305 14
517 305 15
517 305 15
519 305 15
519 305 15
520 305 17
521 305 17
521 305 17
522 305 20
523 305 21
523 305 21
524 305 21
525 305 17
525 305 17
526 305 17
527 305 20
527 305 20
528 305 33
529 305 33
529 305 33
530 305 45
531 305 45
532 305 52
532 305 52
533 305 52
533 305 52
534 305 59
535 305 64
535 304 64
535 304 64
536 303 37
537 303 46
537 303 46
537 302 28
538 301 28
539 301 41
539 301 41
539 300 31
539 299 31
540 299 41
540 299 41
541 298 38
541 297 38
541 297 38
541 296 31
541 295 33
541 294 33
542 293 36
542 293 36
542 292 36
542 291 38
542 291 38
542 290 43
542 289 43
542 289 43
542 288 38
542 287 38
542 287 38
542 286 36
542 285 36
542 284 31
542 283 37
542 283 37
542 282 37
542 281 38
542 281 38
542 280 38
542 279 38
542 279 38
542 278 35
542 277 35
542 277 35
542 276 34
542 275 34
542 275 34
542 274 36
542 273 36
542 273 36
542 272 35
542 271 37
542 271 37
542 269 42
542 269 42
542 268 42
542 267 42
542 267 42
542 266 38
542 265 38
542 265 38
542 264 39
542 263 39
542 263 39
542 262 28
542 261 28
542 261 28
542 260 28
542 259 40
542 259 40
542 258 40
542 257 44
542 257 44
542 256 44
542 255 39
542 255 39
542 254 37
542 253 37
542 253 37
542 252 24
542 251 24
542 251 24
542 250 19
542 249 27
542 248 27
542 247 30
542 247 30
542 246 30
542 245 31
542 245 31
542 244 31
542 243 26
542 243 26
542 242 26
542 241 26
542 241 26
542 240 26
542 239 26
542 239 26
542 238 35
542 237 32
542 237 32
542 236 32
542 235 24
542 235 24
542 234 24
542 233 31
542 233 31
542 232 31
542 231 38
542 231 38
542 230 42
542 229 42
542 228 47
542 227 47
542 227 47
542 226 58
541 226 40
541 225 42
541 225 42
541 224 42
541 223 39
541 223 39
540 222 39
540 221 31
540 221 31
540 220 31
539 219 16
539 219 16
539 218 14
539 217 14
539 217 14
539 216 13
539 215 13
539 215 13
538 214 0
538 213 0
538 213 0
538 212 0
537 211 0
537 210 0
537 209 0
536 209 0
536 208 0
536 207 0
536 207 0
536 205 0
535 205 0
535 205 0
535 204 16
534 203 15
534 203 15
533 202 33
533 202 33
533 201 49
532 201 49
531 200 44
531 200 44
530 199 55
529 199 46
528 199 46
528 198 46
527 198 37
527 197 49
526 197 44
525 197 44
525 197 44
525 197 44
524 196 42
523 196 42
523 196 42
522 196 43
521 195 37
521 195 37
520 195 37
519 195 27
519 195 27
518 195 27
517 195 19
517 195 19
516 195 17
515 195 17
515 195 17
515 195 17
Stop
