New Slice
Start
561 93 13
560 93 7
559 93 7
559 93 7
558 93 3
557 94 8
557 95 8
556 95 8
556 96 2
556 97 4
555 97 8
555 97 8
555 98 8
555 99 6
554 99 6
554 100 6
554 101 2
554 101 2
554 102 2
554 103 2
553 103 8
553 104 6
553 105 6
553 106 4
553 107 4
552 107 4
552 107 4
552 108 5
552 109 5
552 109 5
551 110 12
551 111 7
551 111 7
551 112 7
551 113 7
551 114 7
550 114 23
550 115 24
550 115 24
550 116 19
550 117 19
550 117 19
550 118 14
550 119 14
550 119 14
550 120 10
550 121 11
550 121 11
550 122 11
550 123 12
550 123 12
550 124 12
550 125 21
550 125 21
550 127 18
550 127 18
550 128 20
550 129 20
550 129 20
550 130 19
550 131 19
550 131 19
550 132 17
550 133 22
550 133 22
550 134 22
550 135 27
550 135 27
550 136 27
550 137 27
550 137 27
550 138 32
550 139 32
550 139 32
550 140 36
550 141 36
550 141 36
550 142 29
550 143 29
550 143 29
550 144 22
550 145 26
550 145 26
550 146 26
550 147 36
550 147 36
550 148 36
550 149 38
550 149 38
550 150 35
550 151 35
550 151 35
550 152 29
550 153 29
550 153 29
550 154 21
549 155 21
549 155 21
549 156 25
549 157 17
549 157 17
549 158 17
549 159 21
549 159 21
549 159 21
549 160 21
549 161 11
549 161 11
549 162 2
548 162 19
548 163 19
548 163 19
548 164 16
547 165 16
547 166 15
547 167 15
547 167 15
547 168 17
547 169 5
547 169 5
546 169 16
546 170 16
546 171 16
546 171 16
546 172 16
546 173 23
546 173 23
546 174 12
546 175 12
546 175 12
546 176 7
546 177 7
546 177 7
546 178 5
546 179 10
546 179 10
546 180 10
546 181 11
546 181 11
546 182 11
546 183 12
546 183 12
546 184 12
546 185 12
546 185 12
546 186 14
546 187 14
546 188 8
546 189 8
546 189 8
546 190 9
546 191 15
546 191 15
546 192 15
546 193 11
546 193 11
546 194 11
546 195 2
546 195 2
546 196 2
546 197 2
546 197 2
546 198 2
546 199 2
545 200 2
545 201 2
545 201 2
545 202 2
545 203 5
545 203 5
544 204 5
543 205 6
543 206 6
543 207 10
542 207 10
541 208 4
541 209 8
541 209 8
540 209 8
540 210 3
539 210 4
539 211 4
539 211 4
538 212 2
537 213 2
536 213 2
536 214 3
535 214 3
535 215 3
534 215 2
534 215 2
533 216 2
533 217 2
532 217 2
531 217 3
531 218 3
530 218 3
529 219 3
529 219 3
529 220 2
528 221 2
528 221 2
527 221 4
527 222 2
526 223 11
525 224 2
525 224 2
525 225 2
524 225 7
524 226 2
523 226 2
523 227 2
523 227 2
523 228 2
522 229 2
522 229 2
522 230 2
521 230 19
521 231 8
521 231 8
521 232 2
520 233 2
520 233 2
519 234 2
519 235 2
519 235 2
519 235 2
518 236 2
517 237 2
517 237 2
517 238 2
517 239 2
517 239 2
516 239 5
516 240 5
515 241 6
515 242 6
515 243 10
515 243 10
515 245 12
515 245 12
514 247 27
514 248 37
514 249 37
514 250 35
515 250 21
515 250 21
516 250 21
517 250 8
517 250 8
519 250 3
519 250 3
519 251 31
520 251 24
521 251 24
521 251 24
522 251 22
523 251 35
523 251 35
524 251 35
525 251 42
525 251 42
526 251 42
527 251 53
527 251 53
528 251 66
529 251 66
529 251 66
530 251 73
531 251 73
531 251 73
532 251 61
533 251 61
533 250 45
533 250 45
533 249 17
535 249 21
535 249 21
535 249 21
536 249 21
537 248 22
537 247 2
538 247 2
539 247 4
539 246 4
539 245 3
541 245 2
541 245 2
541 245 2
542 244 7
543 243 3
543 243 3
544 242 11
545 241 11
545 241 11
545 240 5
545 239 5
545 239 5
546 238 6
547 238 23
547 237 22
547 237 22
547 235 9
548 235 9
549 234 21
549 233 3
549 233 3
549 233 3
550 232 3
550 231 2
550 231 2
551 231 4
551 230 4
551 229 4
551 229 4
552 228 9
552 227 9
552 226 6
553 226 6
553 225 4
553 225 4
553 224 4
553 224 4
554 223 6
554 222 6
555 221 2
555 221 2
555 220 2
555 219 3
555 219 3
556 218 2
556 217 2
557 216 2
557 215 2
557 215 2
557 214 2
558 213 2
559 212 10
559 211 7
559 211 7
559 210 7
559 209 5
559 209 5
560 209 5
560 208 4
560 207 4
560 205 5
561 205 14
561 204 12
561 203 12
561 203 12
561 202 16
561 201 23
561 201 23
561 200 23
561 199 23
561 199 23
561 197 18
561 197 18
561 196 6
561 195 6
561 195 6
561 194 14
561 193 14
561 192 17
561 191 17
561 191 17
561 190 17
561 189 11
561 189 11
561 188 11
561 187 4
561 187 4
562 185 9
562 185 9
562 184 15
562 183 15
562 182 15
562 181 15
562 180 13
562 179 13
562 179 13
562 178 14
562 177 17
562 177 17
562 176 17
562 175 17
562 175 17
562 174 17
562 173 23
562 173 23
562 172 22
563 172 35
563 171 35
563 171 35
563 170 35
563 169 35
563 168 33
563 167 31
563 166 31
563 165 26
563 164 26
564 163 17
564 163 17
564 162 17
564 161 19
564 161 19
564 159 26
564 159 26
564 158 28
564 157 28
564 157 28
564 156 23
564 155 24
564 155 24
564 153 25
564 153 25
564 152 25
564 151 23
564 151 23
564 150 23
564 149 23
564 149 23
564 148 30
564 147 30
564 147 30
564 146 26
564 145 26
564 145 26
564 144 30
564 143 32
564 143 32
564 142 32
564 141 29
564 141 29
564 140 29
564 139 26
564 139 26
564 138 26
564 137 19
564 137 19
564 136 28
564 135 28
564 134 29
564 133 29
564 133 29
564 132 26
564 131 26
564 131 26
564 130 26
564 129 17
564 129 17
564 128 17
564 127 22
564 127 22
564 126 22
564 125 28
564 125 28
564 124 23
564 123 23
564 123 23
564 122 20
564 121 20
564 121 20
564 120 16
564 119 19
564 119 19
564 118 19
564 117 21
564 117 21
564 116 21
564 115 17
564 114 9
564 113 9
564 113 9
564 112 13
564 111 13
564 111 13
564 110 9
564 109 9
564 109 9
564 108 6
564 107 9
565 107 9
565 106 9
565 105 7
565 105 7
565 104 7
565 103 10
565 103 10
565 102 5
565 101 5
565 101 5
565 100 9
565 99 9
565 99 9
565 98 12
565 97 12
565 97 12
565 96 21
565 95 25
565 95 25
565 94 25
564 93 35
564 93 35
563 93 16
563 92 16
562 91 30
561 91 30
561 91 30
560 91 21
559 91 21
559 91 21
Stop
Start
561 90 42
561 91 30
560 91 21
560 91 21
559 92 7
559 93 7
559 93 7
559 93 7
Stop
New Slice
Start
561 93 13
560 93 7
559 93 7
559 93 7
558 94 2
557 95 8
557 95 8
556 95 8
556 96 2
555 97 8
555 97 8
555 97 8
555 98 8
555 99 6
554 99 6
553 99 19
553 101 10
553 101 10
553 102 10
552 102 10
552 103 8
552 103 8
552 104 6
551 105 13
551 105 13
551 106 10
551 106 10
551 107 10
550 107 20
550 108 18
550 109 23
550 109 23
550 110 23
550 111 22
550 111 22
550 112 22
550 113 23
549 113 23
549 114 23
549 115 24
549 115 24
549 116 19
549 117 19
549 117 19
549 118 14
549 119 14
549 119 14
549 120 10
549 121 11
549 121 11
549 122 11
549 123 12
549 123 12
549 124 12
549 125 21
549 125 21
549 126 18
549 127 18
549 127 18
549 128 20
549 129 20
549 130 19
549 131 19
550 132 17
550 133 22
550 133 22
550 134 22
550 135 27
550 135 27
551 136 11
551 137 14
551 137 14
551 138 23
551 139 23
551 139 23
551 140 30
551 141 30
551 142 26
551 143 26
551 144 20
551 145 23
551 146 23
551 147 29
551 147 29
551 148 29
551 149 32
551 149 32
551 150 26
551 151 26
551 152 14
551 153 14
551 153 14
551 154 5
551 154 5
551 155 5
551 155 5
551 156 9
550 157 17
550 157 17
549 159 21
549 159 21
549 160 21
549 161 11
549 161 11
549 162 2
549 163 2
549 163 2
549 164 6
548 165 16
548 165 16
548 166 15
548 167 15
547 168 17
547 169 5
547 170 5
547 171 4
547 172 4
547 173 6
547 173 6
547 174 2
547 175 2
547 175 2
547 176 2
547 177 2
547 177 2
547 178 2
547 179 2
547 179 2
547 180 2
547 181 2
547 181 2
547 183 2
547 183 2
547 184 2
547 185 2
547 185 2
547 186 5
547 187 5
547 187 5
547 188 2
547 189 2
547 189 2
547 190 3
547 191 5
547 191 5
547 191 5
547 192 5
547 193 3
547 193 3
547 194 3
546 195 2
545 195 12
545 196 12
545 197 6
545 197 6
545 197 6
545 198 2
544 199 2
544 199 2
543 199 17
543 200 14
543 201 14
543 201 14
543 201 14
542 202 10
541 203 12
541 203 12
540 204 12
540 205 2
539 205 6
539 205 6
539 206 6
539 207 3
538 207 13
538 208 13
537 209 5
537 209 5
537 211 4
536 211 4
535 212 2
535 213 2
535 213 2
535 213 2
535 214 3
534 214 2
533 215 2
533 215 2
533 217 2
532 217 2
532 217 2
531 217 3
531 218 3
531 219 2
530 219 2
530 219 2
529 220 2
529 221 2
528 221 2
527 221 4
527 222 2
527 222 2
526 223 11
525 223 11
525 223 11
525 224 2
524 225 7
523 225 7
523 226 2
523 226 2
523 227 2
522 227 8
522 227 8
521 228 26
521 229 19
521 229 19
521 230 19
521 231 8
521 231 8
520 232 2
519 233 3
519 234 2
519 235 2
519 235 2
519 236 2
518 237 2
518 237 2
518 238 2
518 239 2
518 239 2
518 240 2
518 241 2
518 241 2
518 242 2
518 243 2
518 243 2
518 244 2
518 245 2
519 245 2
519 246 6
519 246 6
520 247 2
521 247 2
521 248 2
521 248 2
522 248 6
523 249 4
523 249 4
524 249 4
525 249 3
525 249 3
526 249 3
527 249 5
527 249 5
528 249 9
529 249 9
529 249 9
530 249 13
531 249 13
531 249 13
532 249 17
533 249 17
533 249 17
535 249 21
535 249 21
536 249 21
537 249 22
537 248 22
537 248 22
538 247 2
539 247 4
539 247 4
539 247 4
539 246 4
540 246 19
541 245 2
541 245 2
542 244 7
543 243 3
543 242 3
543 242 3
543 241 3
544 241 11
544 241 11
545 240 5
545 239 5
545 239 5
546 238 6
546 237 5
547 236 22
547 235 9
547 235 9
547 234 9
547 233 3
548 233 3
548 232 3
549 231 2
549 230 2
549 229 2
550 229 2
550 228 2
551 228 2
551 227 2
551 227 2
552 226 6
552 225 4
553 225 4
553 223 3
554 223 6
554 222 6
555 221 2
555 221 2
555 219 3
556 219 2
556 218 2
556 217 2
557 217 2
557 215 2
557 214 2
558 214 4
558 213 2
558 212 2
558 211 3
559 211 7
559 210 7
559 209 5
559 209 5
559 208 4
559 207 4
560 206 5
560 205 5
560 205 5
560 204 2
561 203 12
561 203 12
561 202 16
561 201 23
561 200 23
561 199 23
562 198 23
562 197 18
562 197 18
562 196 6
563 195 19
563 195 19
563 193 24
563 193 24
563 192 31
563 191 31
563 191 31
563 190 28
563 189 19
563 189 19
563 188 19
563 187 17
563 187 17
563 186 17
563 185 17
563 185 17
563 184 24
563 183 24
563 183 24
563 182 25
563 181 25
563 181 25
563 180 22
563 179 22
563 179 22
563 178 24
563 177 31
563 175 28
563 175 28
563 174 28
563 173 38
563 173 38
563 172 35
563 171 35
563 171 35
563 169 35
563 169 35
563 168 33
563 167 31
563 166 31
563 165 26
563 165 26
563 164 26
563 163 17
563 162 17
563 161 20
563 161 20
563 160 27
563 159 27
563 159 27
563 158 25
563 157 25
563 156 20
563 155 21
563 155 21
563 154 21
563 153 21
563 152 21
563 151 14
563 150 14
563 149 16
563 148 25
563 147 25
563 147 25
563 145 21
563 145 21
563 144 19
563 143 22
563 143 22
563 142 22
563 141 29
563 141 29
563 140 29
563 139 23
563 138 23
563 137 28
563 137 28
563 136 32
563 135 32
563 135 32
563 134 29
563 133 29
563 133 29
563 132 18
563 131 21
563 131 21
563 130 21
563 129 17
563 128 17
563 127 15
563 126 15
563 125 16
563 125 16
563 124 5
563 123 5
563 122 6
563 121 6
563 121 6
563 120 7
563 119 6
563 118 6
563 117 6
563 117 6
563 116 6
563 115 5
563 115 5
563 114 4
563 113 4
563 113 4
564 112 13
564 111 13
565 110 9
565 109 9
565 109 9
565 108 6
565 107 9
565 107 9
565 106 9
565 105 7
565 105 7
565 104 7
565 103 10
565 103 10
565 102 5
565 101 5
565 101 5
565 100 9
565 99 9
565 99 9
565 98 12
565 97 12
565 97 12
564 96 21
563 95 10
563 95 10
563 95 10
563 94 10
562 94 3
561 94 3
561 93 13
561 93 13
Stop
New Slice
Start
558 93 3
558 92 3
557 92 10
557 92 10
556 93 10
556 93 10
555 93 24
555 95 20
555 95 20
555 95 20
555 96 10
554 97 8
554 97 8
554 98 8
553 99 19
553 99 19
553 100 19
553 101 10
553 101 10
553 102 10
553 103 8
552 103 8
552 104 6
552 105 6
552 106 4
552 107 4
552 107 4
552 108 5
552 109 5
552 109 5
552 110 5
552 111 3
552 111 3
552 112 3
552 113 4
552 113 4
552 114 4
552 115 4
552 116 2
552 117 2
551 118 3
551 119 3
551 119 3
551 120 3
551 121 5
551 121 5
551 122 5
551 123 5
551 123 5
551 124 5
551 125 6
551 125 6
551 126 9
551 127 9
551 128 6
551 129 6
551 129 6
551 130 5
551 131 5
551 131 5
551 132 6
551 133 2
551 133 2
551 134 2
551 135 11
551 135 11
551 136 11
551 137 14
551 137 14
551 138 23
551 139 23
551 139 23
551 140 30
551 141 30
551 141 30
551 142 26
551 143 26
551 143 26
551 144 20
551 145 23
551 145 23
551 147 29
551 147 29
551 148 29
551 149 32
551 149 32
551 150 26
551 151 26
551 152 14
550 153 29
550 153 29
550 154 21
550 155 21
549 155 21
549 155 21
549 156 25
549 157 17
549 157 17
548 157 31
548 159 26
548 159 26
547 160 26
547 161 20
547 162 19
546 163 35
546 164 31
546 165 31
545 165 45
545 166 43
545 167 43
545 167 43
545 168 36
545 168 36
545 169 36
545 169 36
545 170 36
545 171 33
545 171 33
545 172 33
545 173 37
545 173 37
545 174 32
545 175 32
545 176 25
545 177 25
545 177 25
545 178 24
545 179 28
545 179 28
545 180 28
545 181 33
545 181 33
545 182 33
545 183 37
545 183 37
545 184 37
545 185 32
545 185 32
545 186 25
545 187 25
546 187 14
546 188 8
547 189 2
547 189 2
547 190 3
547 191 5
547 191 5
547 192 5
547 193 3
547 193 3
547 194 3
547 195 2
547 195 2
547 196 2
547 197 2
547 197 2
546 197 2
546 198 2
546 199 2
545 199 2
545 200 2
545 201 2
545 201 2
544 201 2
544 202 2
543 203 6
543 203 6
542 204 6
542 205 6
541 205 2
541 205 2
541 205 2
540 206 2
539 207 3
539 207 3
538 208 13
537 209 5
537 209 5
537 209 5
536 209 17
535 209 17
535 210 4
535 210 4
533 211 22
533 211 22
533 211 22
532 212 5
531 212 22
531 213 22
531 213 22
529 214 35
529 215 25
529 215 25
528 215 25
527 216 38
527 217 21
527 217 21
526 218 39
525 219 28
525 219 28
525 219 28
525 220 21
524 220 42
524 221 42
523 222 30
523 223 30
523 223 30
522 224 30
522 225 30
521 226 33
521 227 26
521 227 26
521 228 26
521 229 19
521 229 19
520 229 19
520 230 19
520 231 8
519 231 17
519 231 17
519 232 3
519 233 3
519 233 3
519 234 2
519 235 2
519 235 2
519 236 2
519 237 2
519 238 2
519 239 2
519 239 2
519 240 2
519 241 2
519 241 2
519 242 2
518 242 2
518 243 2
518 243 2
518 244 2
518 245 2
518 245 2
518 246 6
518 247 6
519 247 6
519 247 6
520 247 2
520 248 2
521 248 2
521 249 2
522 249 6
523 249 4
523 249 4
524 249 4
525 249 3
525 249 3
526 249 3
527 249 5
527 249 5
528 249 9
529 250 48
529 250 48
530 250 52
531 250 52
531 250 52
532 250 45
533 250 45
533 250 45
534 250 35
535 250 28
535 249 21
537 249 22
537 249 22
537 249 22
538 249 22
539 249 31
539 248 31
540 247 19
541 247 19
541 247 19
542 247 36
543 246 36
543 245 7
544 245 23
544 245 23
545 245 23
545 244 23
545 243 15
546 243 31
547 243 42
547 242 30
548 241 30
549 241 34
550 240 29
550 239 29
551 239 42
551 239 42
551 239 42
551 238 52
552 238 45
552 237 34
553 237 34
553 236 34
553 235 29
554 235 17
555 234 17
555 233 24
555 233 24
556 231 23
557 230 28
557 229 28
558 229 24
558 228 31
559 227 26
559 227 26
559 226 32
559 225 37
560 225 37
560 224 37
560 223 36
561 223 33
561 223 33
561 221 33
561 221 33
561 220 33
561 219 29
561 218 22
561 217 22
561 217 22
561 216 21
562 216 21
562 215 21
562 215 21
563 213 14
563 213 14
563 212 14
563 211 20
563 210 20
563 209 14
563 208 18
563 207 18
563 207 18
564 205 26
564 205 26
564 204 31
564 203 31
564 202 37
564 201 37
564 200 37
564 199 35
564 198 35
564 197 36
564 196 33
564 195 33
564 194 30
564 193 30
564 192 31
564 191 31
564 189 31
564 189 31
564 188 31
564 187 27
564 186 27
564 185 26
564 185 26
564 183 30
564 182 25
564 181 25
564 181 25
564 179 26
564 178 27
564 177 30
564 176 30
564 175 33
564 174 33
564 173 34
564 173 34
564 172 38
564 171 38
564 171 38
564 170 40
564 169 40
564 169 40
564 168 39
564 167 40
564 166 40
564 165 30
564 165 30
564 164 30
564 163 17
564 163 17
564 162 17
564 161 19
564 161 19
564 160 26
564 159 26
564 158 28
564 157 28
564 155 24
564 155 24
564 154 24
564 153 25
564 152 25
564 151 23
564 150 23
564 149 23
564 147 30
564 146 26
564 145 26
564 144 30
564 143 32
564 143 32
564 142 32
564 141 29
564 140 29
564 139 26
564 138 26
564 137 19
564 137 19
564 136 28
564 135 28
564 135 28
564 134 29
564 133 29
564 132 26
564 131 26
564 131 26
564 130 26
564 129 17
564 128 17
564 127 22
564 126 22
564 125 28
564 125 28
564 123 23
564 123 23
564 122 20
564 121 20
564 120 16
564 119 19
564 119 19
564 118 19
564 117 21
564 117 21
564 116 21
564 115 17
564 115 17
564 114 9
564 113 9
564 113 9
564 112 13
564 111 13
564 111 13
564 110 9
564 109 9
564 109 9
564 108 6
564 107 9
564 107 9
564 106 9
564 105 7
564 105 7
564 104 7
564 103 10
564 103 10
564 102 5
564 101 5
564 101 5
564 100 9
564 99 9
564 99 9
564 98 12
564 97 12
564 97 12
563 96 2
563 95 10
562 95 3
562 94 3
561 94 3
561 93 13
560 93 7
560 93 7
559 93 7
559 93 7
559 92 7
558 92 3
558 92 3
Stop
