New Slice
Start
614 353 64
614 354 96
613 354 82
613 354 82
612 354 82
611 355 69
611 355 69
610 355 60
609 355 60
608 355 48
607 355 48
607 356 82
606 356 65
605 357 98
605 357 98
604 357 83
603 357 75
603 357 75
602 357 75
601 357 70
601 357 70
600 357 70
599 357 70
599 357 70
598 357 66
597 357 66
597 357 66
596 357 57
595 357 57
595 357 57
594 357 53
593 357 53
593 357 53
592 357 54
591 357 60
591 357 60
591 356 27
590 356 27
589 356 41
589 356 41
588 356 41
587 356 58
587 356 58
586 356 70
586 355 35
585 355 35
585 355 35
584 355 40
583 355 40
582 355 39
582 355 39
581 355 43
581 355 43
580 355 43
579 355 58
579 355 58
578 354 58
577 354 69
576 353 34
575 353 41
575 353 41
575 353 41
574 352 53
573 352 53
573 351 10
572 351 17
571 351 17
571 351 17
569 350 67
569 349 30
568 349 30
567 349 55
567 348 17
566 347 17
565 347 38
565 346 15
565 345 15
564 345 15
563 345 23
563 344 10
562 343 22
562 343 22
561 341 12
561 341 12
561 339 1
560 339 18
560 338 18
560 337 4
559 337 4
559 336 0
559 335 0
559 335 0
559 334 3
559 333 3
559 333 3
559 332 16
560 331 21
560 331 21
561 331 0
561 330 0
561 329 0
561 329 0
562 328 0
563 327 0
563 327 0
563 326 0
563 325 1
563 324 3
564 323 0
564 323 0
564 322 0
564 321 0
564 321 0
564 320 0
564 319 0
564 319 0
564 318 0
564 317 2
564 317 2
564 316 2
564 315 23
564 315 23
564 314 14
564 313 14
564 313 14
564 312 15
564 311 15
564 311 15
564 310 24
564 309 24
564 309 24
564 308 29
564 307 25
564 307 25
564 306 25
564 305 28
564 305 28
564 304 28
564 303 50
564 303 50
564 302 48
564 301 48
564 301 48
565 300 43
565 299 43
565 299 43
565 298 50
565 297 50
565 297 50
565 296 65
565 295 76
565 295 76
565 294 76
565 293 83
565 293 83
565 292 83
566 291 60
567 290 60
567 289 60
567 289 60
567 288 67
567 287 67
568 286 42
568 285 42
569 285 42
569 285 42
569 284 53
569 283 80
569 283 80
569 282 80
570 281 75
571 280 61
571 279 71
571 279 71
571 279 71
572 278 79
573 277 83
573 277 83
573 277 83
573 276 89
575 275 86
575 275 86
575 275 86
576 274 80
577 273 80
577 273 80
577 273 80
578 273 61
579 272 79
579 271 91
580 271 82
581 271 82
581 271 82
581 270 82
582 269 62
583 269 49
583 269 49
583 269 49
583 268 49
584 268 49
584 267 61
585 267 38
585 267 38
585 266 52
586 266 52
586 265 52
586 265 52
586 264 80
587 264 51
587 263 51
587 263 51
587 262 52
587 262 52
587 261 33
587 261 33
587 260 33
587 259 21
587 259 21
587 257 23
587 257 23
586 257 23
586 256 23
586 255 14
585 255 14
585 254 3
585 253 3
585 253 3
585 252 12
585 251 12
585 251 12
585 250 12
585 249 6
584 249 14
584 248 14
584 247 9
584 247 9
584 246 9
583 245 10
583 245 10
583 244 10
583 243 5
583 243 5
583 242 16
583 241 16
583 241 16
583 240 24
583 239 24
583 239 24
583 238 9
583 237 0
583 237 0
583 236 0
583 235 3
583 235 3
583 234 3
583 233 10
583 233 10
583 232 10
583 231 0
583 231 0
583 230 6
583 230 6
583 229 6
583 229 6
583 228 11
583 227 11
583 227 11
583 226 13
583 225 1
583 225 1
583 224 1
582 224 13
582 223 33
582 223 33
582 222 33
582 221 38
582 221 38
582 220 38
582 219 42
582 219 42
582 218 32
582 217 32
582 217 32
582 216 30
582 215 30
582 215 30
582 214 29
582 213 25
582 211 22
582 211 22
582 210 22
582 209 20
582 209 20
582 208 14
582 207 14
582 207 14
582 206 16
582 205 16
582 205 16
582 204 8
582 203 8
582 203 8
581 202 28
581 201 12
580 201 12
580 200 12
579 199 19
579 199 19
579 199 19
579 198 19
579 197 4
579 197 4
579 195 9
579 195 9
579 194 0
579 193 0
579 193 0
579 192 1
579 191 1
580 191 0
580 191 0
581 191 0
581 191 0
582 191 0
582 190 4
583 190 4
583 190 4
584 190 4
585 190 0
585 190 0
586 190 0
587 190 0
587 190 0
588 190 0
589 190 0
589 190 0
589 191 0
590 191 0
590 192 0
591 193 0
591 193 0
591 194 0
591 195 5
591 195 5
591 195 5
592 195 11
592 196 11
592 197 12
592 197 12
592 198 17
593 199 48
593 200 58
593 201 58
593 201 58
593 202 67
593 203 66
593 203 66
593 204 66
593 205 59
593 206 59
593 207 56
593 207 56
593 208 56
594 208 56
594 209 44
594 209 44
595 210 41
595 211 41
595 211 41
595 212 11
596 212 11
596 213 11
597 213 22
597 213 22
598 213 22
599 213 21
599 213 21
600 213 11
601 212 11
601 211 41
602 211 20
603 211 20
603 210 20
603 209 61
604 209 40
605 209 22
605 208 23
605 207 23
605 207 23
605 206 30
605 205 30
605 205 30
606 205 30
606 204 36
606 203 36
606 203 36
606 202 31
606 201 36
606 201 36
606 200 36
606 199 44
606 199 44
606 198 44
606 197 51
606 197 51
606 196 54
606 195 54
606 195 54
606 194 46
606 193 46
606 193 46
606 192 34
606 191 34
607 191 7
607 190 35
608 189 58
609 189 37
609 189 37
610 189 37
611 189 48
611 189 48
611 189 48
612 189 75
612 190 46
613 190 46
613 191 29
613 191 29
614 191 57
614 192 57
614 193 36
614 193 36
615 194 36
615 195 32
615 195 32
615 196 32
615 197 32
615 197 32
615 198 33
615 199 33
615 199 33
616 200 93
616 201 93
616 201 93
616 202 106
616 203 127
616 203 127
616 204 127
616 205 137
616 205 137
616 206 137
616 207 117
616 207 117
616 208 117
616 209 102
616 209 102
616 210 116
616 211 116
616 212 124
615 213 77
615 213 77
615 214 77
615 215 89
615 215 89
615 215 89
615 216 89
615 217 102
615 217 102
614 217 102
614 218 102
613 219 65
613 220 86
613 220 86
613 221 86
613 221 86
612 221 86
611 222 70
611 223 70
611 223 70
611 223 70
610 223 38
609 224 61
609 225 61
609 225 61
608 225 40
608 226 64
607 226 64
607 226 64
607 227 86
606 227 75
606 227 75
605 227 75
605 227 75
605 228 75
604 228 70
604 229 97
603 229 89
603 229 89
602 230 89
601 231 94
601 231 94
601 232 94
600 232 94
599 233 83
599 233 83
599 234 84
599 235 84
598 236 73
597 236 73
597 237 73
597 237 73
597 238 71
597 239 83
597 239 83
596 240 57
596 241 71
596 241 71
596 242 71
596 243 58
596 243 58
595 243 58
595 244 55
595 245 55
595 245 55
595 246 54
595 247 54
595 247 54
595 248 55
595 249 55
595 250 51
595 251 59
595 251 59
595 252 59
595 253 47
595 253 47
595 254 47
595 255 38
595 255 38
595 256 31
595 257 31
595 257 31
595 258 23
595 259 23
595 259 23
596 261 21
597 261 49
597 261 49
597 262 37
597 263 13
598 263 13
599 263 34
599 264 34
599 265 0
600 265 5
601 266 5
601 266 5
602 267 3
603 267 3
604 267 16
605 267 25
605 267 25
606 267 25
607 267 20
607 267 20
608 267 20
609 267 7
609 267 7
609 267 7
610 267 7
611 266 21
611 265 21
612 265 8
613 265 8
613 265 8
614 264 14
615 263 14
615 263 14
615 263 14
615 262 30
615 261 38
616 261 31
616 260 31
617 260 36
617 259 51
617 259 51
618 259 51
618 260 36
618 261 36
618 261 36
618 262 30
618 263 27
618 263 27
618 264 27
618 265 18
617 265 18
617 266 18
617 267 18
617 267 18
617 268 22
617 269 22
617 269 22
616 270 11
616 271 11
616 271 11
616 272 28
616 273 33
616 273 33
616 274 33
616 275 29
616 275 29
616 276 29
616 277 23
616 277 23
616 278 23
616 279 30
616 279 30
617 280 46
617 281 46
617 281 46
617 281 46
618 282 22
618 283 22
618 283 22
619 283 47
619 284 26
619 285 17
620 285 17
621 285 41
621 286 41
621 287 23
622 288 23
622 289 33
622 289 33
623 289 56
623 290 56
623 291 66
623 291 66
623 292 73
623 293 73
622 293 45
621 293 45
621 293 45
620 293 18
619 293 18
619 293 18
618 293 0
617 293 0
616 293 0
615 293 0
614 292 0
613 292 0
612 292 0
611 292 0
611 292 0
610 291 0
609 291 0
608 291 0
607 291 0
607 291 0
605 291 0
605 291 0
604 291 0
603 291 0
603 291 0
601 291 0
601 291 0
600 291 0
599 291 0
599 291 0
598 291 0
597 291 0
597 291 0
596 291 0
595 291 0
595 291 0
594 291 0
593 291 0
593 292 0
592 293 0
591 293 0
591 293 0
590 293 0
589 294 0
589 295 0
589 295 0
588 297 65
588 297 65
588 298 65
587 298 50
587 299 74
587 300 74
587 301 85
586 302 61
585 303 68
585 304 71
585 305 71
585 305 71
585 306 57
585 306 57
585 307 57
584 307 50
584 308 66
584 309 81
584 309 81
584 310 81
584 311 88
583 311 88
583 312 88
583 313 83
583 313 83
583 314 83
583 315 70
583 315 70
583 316 70
583 317 70
583 317 70
583 318 72
583 319 72
583 319 72
583 320 72
583 321 69
583 321 69
583 323 64
583 324 64
584 325 57
584 325 57
584 326 48
584 327 48
585 328 67
585 329 67
585 329 67
585 330 51
586 331 51
586 331 51
586 332 38
587 332 62
587 333 56
587 333 56
588 334 79
589 335 65
589 335 65
589 336 65
589 336 65
590 337 67
591 338 51
591 339 51
591 339 51
592 339 78
593 340 70
593 341 70
593 341 70
593 342 29
594 342 29
594 343 29
595 343 60
595 343 60
595 343 60
595 344 42
596 345 39
597 345 52
597 345 52
597 345 52
597 346 52
598 347 26
599 347 33
599 347 33
599 347 33
601 347 39
601 348 39
602 348 56
603 349 30
603 349 30
604 349 43
605 349 61
605 349 61
606 349 61
607 349 78
607 350 29
608 350 29
609 350 27
609 350 27
610 350 27
610 351 27
611 351 22
611 351 22
612 351 31
613 351 31
613 351 31
Stop
New Slice
Start
609 189 37
609 189 37
610 189 37
611 189 48
611 189 48
612 189 75
613 189 75
613 189 75
614 189 96
615 190 73
615 191 57
616 191 92
617 192 121
617 193 119
617 193 119
617 194 119
617 195 95
617 195 95
617 196 95
617 197 113
616 197 72
616 199 75
615 199 33
615 199 33
615 200 38
615 201 38
614 201 38
614 201 38
614 202 50
614 203 69
614 203 69
614 204 69
614 205 78
613 205 31
613 206 31
613 207 44
613 208 44
613 209 34
613 209 34
613 210 32
613 211 32
613 211 32
613 212 38
613 213 38
613 213 38
613 214 28
613 215 40
613 215 40
612 215 40
612 216 40
612 217 46
612 217 46
612 219 65
612 219 65
611 219 25
611 220 39
611 221 39
611 221 39
611 222 70
610 223 38
610 223 38
609 224 61
609 225 61
609 225 61
608 225 40
608 226 64
607 227 86
607 227 86
606 227 75
605 227 75
605 227 75
604 227 70
603 227 66
603 227 66
602 227 66
601 227 57
601 227 57
600 227 57
599 227 40
599 228 40
599 228 40
599 229 69
597 229 40
597 229 40
597 230 40
596 230 19
595 231 35
595 231 35
595 231 35
595 232 46
594 233 24
593 235 27
593 235 27
593 236 29
593 237 29
593 238 22
593 238 22
593 239 25
593 240 25
593 241 35
593 241 35
593 242 35
593 243 31
593 243 31
593 244 31
593 245 31
593 245 31
593 246 31
593 247 31
593 247 31
593 248 34
594 249 34
594 249 34
594 250 27
594 251 31
595 251 59
595 251 59
595 252 59
595 253 47
595 253 47
595 253 47
596 254 47
596 255 38
597 255 65
597 255 65
597 256 57
597 256 57
598 257 57
598 258 56
599 258 77
599 259 77
599 259 77
600 260 95
600 261 95
601 261 95
601 262 86
601 262 86
602 263 66
603 263 66
603 263 66
604 264 77
605 265 52
605 265 52
606 265 52
607 265 41
607 265 41
608 265 41
609 265 30
609 265 30
610 265 30
611 265 21
611 264 59
611 263 59
612 263 36
613 262 46
613 261 59
613 259 78
613 259 78
614 259 56
614 258 56
614 257 78
615 257 78
615 257 78
616 257 64
617 257 72
617 257 72
617 257 72
617 258 51
617 259 51
618 259 51
618 259 51
618 260 36
618 261 36
618 261 36
618 262 30
618 263 27
618 263 27
618 264 27
618 265 18
618 265 18
618 266 18
618 267 18
618 267 18
618 268 22
618 269 22
618 269 22
618 270 31
618 271 31
618 271 31
618 272 47
618 273 48
618 273 48
618 274 48
618 275 51
618 275 51
618 276 51
618 277 44
618 277 44
618 278 44
618 279 45
618 279 45
619 280 56
619 281 56
619 281 56
619 281 56
620 282 47
620 283 47
621 283 69
621 284 51
621 285 41
621 285 41
622 285 41
622 286 41
623 287 50
623 287 50
623 288 50
623 289 56
623 289 56
623 290 56
623 291 66
622 291 36
621 291 36
620 292 18
619 292 18
619 292 18
618 292 0
617 292 0
617 293 0
615 293 0
615 293 0
614 293 0
613 293 0
613 293 0
612 293 0
611 293 0
611 293 0
610 293 1
609 293 1
609 293 1
608 293 7
607 293 7
607 293 7
607 292 7
606 292 12
605 292 12
604 292 1
603 292 0
603 292 0
602 292 0
601 292 0
601 292 0
600 292 0
599 292 3
599 292 3
598 292 3
597 292 3
596 292 0
595 292 0
595 292 0
594 292 0
593 292 0
593 292 0
592 292 0
591 292 0
590 292 0
589 293 0
589 293 0
588 293 0
587 294 0
587 295 0
587 295 0
586 296 1
585 297 25
585 298 25
585 299 48
585 299 48
585 300 48
585 301 61
585 301 61
585 302 61
585 303 68
584 303 51
584 304 61
584 305 61
584 305 61
584 306 50
583 306 50
583 307 50
583 307 50
583 308 66
583 309 81
583 309 81
583 310 81
583 311 88
583 311 88
583 312 88
583 313 83
583 313 83
583 314 83
583 315 70
583 315 70
583 316 70
583 317 70
583 317 70
583 318 72
583 319 72
583 319 72
583 320 72
583 321 69
583 321 69
583 322 69
583 323 64
583 323 64
583 324 64
583 325 57
583 325 57
583 326 48
583 327 48
583 327 48
583 328 39
583 329 39
583 329 39
583 330 26
583 331 26
583 331 26
583 332 15
584 333 0
585 333 25
585 334 25
585 335 19
585 335 19
586 336 19
587 337 21
587 337 21
587 337 21
587 338 0
588 338 28
589 339 28
589 339 28
589 339 28
590 340 25
591 340 25
591 340 25
592 341 48
593 341 70
594 341 70
594 342 29
595 342 60
595 342 60
596 342 60
597 342 83
597 343 83
599 343 94
599 343 94
600 343 101
601 344 101
602 345 82
603 345 82
603 345 82
604 345 90
605 345 101
605 345 101
606 346 101
607 347 107
607 347 107
608 347 107
609 347 116
609 347 116
609 348 116
610 348 116
611 348 112
611 349 71
612 349 63
613 349 63
613 349 63
614 349 74
615 349 74
615 349 74
615 350 56
615 351 56
615 351 56
615 351 56
614 351 56
613 351 31
613 351 31
612 351 31
611 351 22
611 351 22
610 351 27
609 351 27
609 351 27
608 351 29
607 351 29
607 351 29
606 351 25
605 351 25
605 351 25
604 351 19
603 351 9
602 351 9
601 351 4
601 351 4
600 351 4
599 351 11
597 351 16
597 351 16
596 351 12
595 351 12
595 351 12
594 351 5
593 351 5
593 351 5
592 351 2
591 351 0
591 351 0
590 351 0
589 351 0
589 351 0
588 351 0
587 351 0
587 351 0
586 351 3
585 351 3
585 351 3
584 351 4
583 351 4
583 351 4
582 351 0
581 351 0
581 351 0
580 351 0
579 351 0
579 351 0
578 351 0
577 351 12
577 350 12
577 350 12
577 349 0
576 349 0
575 349 0
575 349 0
575 349 0
574 349 0
573 349 0
573 348 0
573 348 0
572 348 0
572 347 0
571 347 0
571 347 0
570 347 0
570 346 0
569 346 0
569 346 0
569 345 0
568 345 0
567 345 1
567 344 0
566 344 0
565 343 0
565 343 0
565 343 0
565 342 0
564 341 0
564 341 0
564 340 0
563 339 0
563 339 0
563 338 0
563 337 0
562 336 0
562 335 0
562 335 0
562 334 0
562 333 0
562 333 0
561 331 0
561 331 0
561 330 0
561 329 0
561 329 0
561 328 0
561 327 4
561 327 4
561 326 4
561 325 15
561 325 15
561 324 28
561 323 28
561 323 28
561 322 35
561 321 35
561 321 35
561 320 55
561 319 79
561 318 79
561 317 87
561 316 87
561 315 94
562 314 83
562 313 83
562 312 77
562 311 77
562 310 81
563 310 60
563 309 60
563 309 60
563 308 68
563 307 67
563 305 67
563 305 67
563 304 67
563 303 83
563 303 83
563 302 79
564 301 48
564 301 48
564 300 43
564 299 43
564 299 43
564 298 50
565 297 50
565 297 50
565 297 50
565 296 65
565 295 76
565 295 76
566 295 49
566 293 55
567 293 55
567 292 55
567 291 60
567 291 60
568 290 32
569 289 32
569 289 32
569 289 32
569 288 40
569 287 40
570 287 14
570 286 8
571 286 0
571 285 0
571 285 0
572 285 0
572 284 0
573 283 16
573 283 16
573 282 16
574 281 38
574 281 38
575 281 17
575 279 42
576 279 28
576 278 54
577 278 54
577 277 54
577 277 54
577 276 71
578 276 43
578 275 43
579 275 43
579 273 61
580 273 41
581 271 82
581 271 82
582 270 60
582 269 62
583 269 49
583 269 49
583 268 49
583 267 61
584 267 61
584 267 61
585 266 52
585 265 52
585 265 52
585 264 80
585 263 80
585 263 80
586 263 80
586 262 86
586 261 53
586 261 53
586 260 53
586 259 34
586 259 34
586 258 34
585 257 23
585 257 23
585 256 23
585 255 14
585 254 3
585 253 3
585 253 3
584 252 29
584 251 29
584 251 29
584 250 27
584 249 14
583 249 14
583 249 14
583 247 9
583 247 9
583 246 9
583 245 10
583 245 10
583 244 10
583 244 10
583 243 5
583 243 5
583 242 16
583 241 16
583 241 16
583 240 24
583 239 24
583 238 9
583 237 0
583 236 0
583 235 3
583 234 3
583 233 10
583 233 10
583 232 10
583 231 0
583 231 0
583 230 6
583 229 6
583 229 6
583 228 11
583 227 11
583 227 11
583 226 13
583 225 1
583 224 1
583 223 9
583 223 9
583 222 9
583 221 9
583 221 9
583 220 9
583 219 14
583 219 14
583 218 14
582 218 32
582 217 32
582 217 32
582 216 30
582 215 30
582 215 30
582 214 29
581 213 69
581 213 69
581 212 69
581 211 56
581 211 56
581 210 56
581 209 51
581 208 42
581 207 42
581 207 42
581 206 41
581 205 41
580 205 41
580 204 41
580 203 41
580 203 41
579 202 54
579 201 31
579 201 31
579 200 31
579 199 19
579 199 19
579 198 19
579 197 4
579 197 4
578 196 9
578 195 9
578 195 9
578 194 0
578 193 0
578 193 0
578 192 1
578 191 1
578 191 1
578 190 0
578 189 0
578 189 0
579 188 0
579 187 0
580 187 0
581 187 0
582 186 0
583 186 0
583 186 0
584 186 0
585 185 0
585 185 0
586 185 0
587 185 0
587 185 0
588 186 0
589 187 0
589 187 0
589 187 0
590 187 0
590 188 0
591 188 0
591 189 0
591 191 0
592 191 0
592 192 0
592 193 2
593 194 32
593 195 37
593 196 37
593 197 42
593 197 42
593 198 48
593 199 48
593 199 48
593 199 48
593 200 58
593 201 58
593 201 58
593 202 67
594 203 66
594 203 66
594 204 66
594 205 59
594 205 59
595 205 88
595 206 88
595 207 84
595 207 84
595 208 84
595 209 77
596 209 77
596 210 41
596 211 41
597 211 59
597 211 59
597 212 22
597 213 22
597 213 22
598 213 22
598 214 0
599 214 0
599 215 0
599 215 0
600 215 0
601 215 0
601 215 0
602 215 0
603 213 0
603 213 0
603 212 0
603 211 20
603 211 20
603 211 20
603 210 20
604 209 40
604 209 40
604 208 53
604 207 53
604 207 53
605 207 23
605 206 30
605 205 30
605 205 30
605 203 36
606 203 36
606 202 31
606 201 36
606 201 36
607 199 26
607 199 26
607 198 26
607 197 26
607 197 26
607 196 33
607 195 33
607 195 33
607 194 21
607 193 21
608 193 21
608 192 7
608 191 7
608 191 7
608 190 35
608 189 58
608 189 58
608 188 58
609 187 65
609 187 65
Stop
New Slice
Start
595 191 58
594 192 15
593 191 15
593 191 15
593 191 15
593 190 0
592 189 0
591 189 0
591 188 0
590 188 0
589 188 0
589 188 0
588 188 0
587 188 0
586 188 0
585 188 0
585 188 0
584 188 0
583 188 0
583 188 0
583 189 0
582 189 0
581 189 0
580 189 0
579 190 0
579 191 1
578 191 1
577 191 23
577 192 23
577 193 31
577 193 31
576 193 31
576 194 31
576 195 39
576 195 39
576 196 39
576 197 38
576 197 38
576 198 58
577 198 58
577 199 58
577 199 58
578 199 19
578 201 31
579 201 31
579 201 31
580 202 28
580 203 41
580 203 41
580 204 41
581 204 41
581 205 41
581 205 41
581 206 41
581 206 41
581 207 42
581 207 42
582 208 14
582 209 20
582 209 20
582 210 22
582 211 22
583 211 5
583 211 5
583 212 0
583 213 0
583 213 0
583 214 10
583 215 15
583 215 15
583 216 15
583 217 14
583 217 14
583 218 14
583 219 14
583 219 14
583 220 9
583 221 9
583 221 9
583 222 9
583 223 9
583 223 9
583 224 1
583 225 1
583 225 1
583 226 13
583 227 11
583 227 11
583 228 11
583 229 6
583 229 6
583 230 6
583 231 0
583 231 0
583 232 10
583 233 10
583 234 3
583 235 3
583 235 3
583 236 0
583 237 0
583 237 0
583 238 9
583 239 24
583 239 24
583 240 24
583 241 16
583 241 16
583 242 16
583 243 5
583 243 5
583 245 10
583 245 10
583 246 9
583 247 9
583 247 9
583 248 14
583 249 14
583 249 14
583 250 27
583 251 29
583 251 29
583 252 29
583 253 27
583 253 27
584 255 32
584 255 32
584 256 33
584 257 33
585 257 23
585 257 23
585 257 23
585 258 34
585 259 34
586 259 34
586 259 34
587 261 33
587 261 33
587 262 52
587 263 51
588 263 25
588 264 25
588 265 13
588 265 13
588 266 13
588 267 13
588 268 8
588 269 8
588 269 8
588 271 1
588 271 1
587 271 0
587 272 0
587 273 0
587 273 0
586 273 0
586 274 0
585 275 0
584 275 0
584 275 0
583 275 0
582 276 0
581 277 0
580 277 0
579 277 17
579 277 17
579 278 17
578 279 6
577 279 28
577 279 28
577 280 6
576 281 6
575 281 17
574 282 16
573 283 16
573 283 16
573 284 0
572 285 0
572 285 0
572 286 0
571 287 0
571 287 0
571 287 0
571 289 0
570 289 8
570 289 8
570 290 8
570 291 4
570 291 4
569 293 18
569 293 18
569 295 13
569 295 13
569 296 6
569 297 0
569 297 0
569 298 0
569 299 0
569 299 0
569 300 0
568 300 0
568 301 0
568 301 0
568 302 0
568 303 0
568 303 0
568 304 0
568 305 0
568 305 0
568 306 0
567 307 0
567 307 0
567 308 0
567 309 0
567 309 0
567 310 0
567 311 0
567 311 0
567 312 0
567 313 0
567 313 0
567 314 0
566 315 0
566 315 0
566 317 0
565 317 2
565 319 0
565 319 0
564 321 0
564 321 0
564 322 0
564 323 0
563 323 3
563 324 3
563 325 1
563 325 1
563 326 0
563 327 0
563 327 0
563 328 0
563 329 0
562 329 0
562 329 0
562 330 0
562 331 0
561 331 0
561 332 0
561 333 0
561 333 0
561 334 0
561 335 0
561 335 0
561 336 0
561 337 0
561 337 0
561 338 1
561 339 1
561 339 1
561 340 12
561 341 12
561 341 12
561 342 22
562 343 22
563 343 6
563 344 10
563 344 10
563 345 23
564 345 15
565 345 15
565 345 15
565 346 15
566 346 1
567 347 17
567 347 17
567 347 17
568 347 0
569 347 0
569 348 0
569 348 0
570 349 1
571 349 0
571 349 0
572 350 17
573 351 10
573 351 10
574 351 10
575 351 11
575 351 11
576 352 34
577 352 34
577 353 34
578 353 28
579 353 28
579 353 28
580 353 16
581 353 16
581 353 16
582 353 6
583 353 7
583 353 7
584 353 7
585 353 9
585 353 9
586 353 9
587 353 6
587 353 6
587 354 29
588 354 23
588 355 23
589 355 23
589 355 23
590 355 13
591 355 13
591 355 13
592 355 6
593 355 0
593 355 0
594 355 0
595 356 26
596 357 57
597 357 66
597 357 66
598 357 66
599 357 70
599 357 70
601 357 70
601 357 70
602 357 75
603 357 75
603 357 75
604 357 83
605 357 98
605 357 98
606 357 98
607 357 105
607 357 105
608 357 105
609 357 109
609 357 109
610 357 109
611 357 106
611 357 106
612 357 104
612 356 105
613 356 105
613 356 105
614 356 102
615 355 96
615 355 96
615 355 96
616 355 101
617 354 99
617 354 99
617 353 91
618 353 91
618 353 91
619 352 98
618 352 91
617 351 89
616 351 79
615 351 56
613 351 31
613 351 31
612 351 31
611 351 22
611 351 22
610 351 27
609 351 27
609 351 27
608 351 29
607 351 29
607 351 29
606 351 25
605 351 25
605 351 25
604 351 19
603 351 9
603 351 9
602 350 9
601 350 4
601 350 4
601 349 20
600 349 20
599 349 22
599 348 33
598 348 26
598 347 26
597 347 26
597 347 26
597 347 26
596 346 39
596 345 39
595 345 39
595 344 42
595 343 60
595 343 60
594 342 29
594 341 70
594 341 70
594 340 70
593 340 70
593 339 91
593 339 91
593 338 91
593 337 92
593 337 92
592 336 88
591 335 81
591 334 89
591 334 89
591 333 89
591 333 89
590 332 89
590 331 94
589 331 87
589 329 93
589 329 93
589 329 93
588 328 93
588 327 89
588 327 89
587 325 78
587 325 78
587 323 92
586 323 80
586 322 84
586 321 84
585 320 95
585 319 92
585 318 92
585 317 93
585 317 93
585 316 93
585 315 96
584 314 83
584 313 83
584 313 83
584 312 88
583 312 88
583 311 88
583 311 88
583 310 81
583 309 81
583 308 66
583 307 50
583 307 50
583 306 50
583 305 61
583 304 61
583 303 51
583 303 51
583 302 32
583 301 32
583 301 32
583 300 17
583 299 17
583 299 17
584 299 17
584 298 0
585 297 25
585 297 25
585 297 25
585 296 1
586 295 0
587 295 0
588 295 0
589 294 0
589 294 0
591 293 0
591 293 0
592 293 0
593 293 0
593 293 0
594 293 0
595 293 0
595 293 0
596 293 0
597 293 3
597 293 3
598 293 3
599 293 3
599 293 3
600 293 0
601 293 0
602 293 0
603 293 0
603 293 0
603 293 0
604 293 1
605 293 12
605 293 12
606 293 12
607 293 7
607 293 7
608 294 55
609 294 47
609 294 47
610 294 47
611 294 34
611 294 34
612 294 21
613 294 21
615 294 17
615 294 17
616 294 23
617 294 31
617 294 31
618 294 31
619 294 50
619 293 18
619 293 18
619 293 18
620 292 18
620 291 6
620 291 6
620 290 12
620 289 12
620 289 12
620 288 6
620 287 6
620 287 6
620 286 17
620 285 17
620 285 17
619 285 17
619 284 26
619 283 47
619 283 47
618 283 22
618 282 22
617 282 22
617 281 46
617 281 46
616 279 30
616 279 30
615 277 1
615 277 1
615 276 1
615 275 1
615 275 1
615 273 13
615 273 13
615 272 4
615 271 0
615 271 0
615 270 0
615 269 0
616 269 3
617 268 22
617 267 18
617 266 18
618 265 18
619 265 52
619 265 52
619 264 43
619 263 43
620 263 43
621 261 86
621 261 86
621 260 86
621 259 91
621 259 91
621 258 91
621 257 100
621 257 100
621 256 100
621 255 120
621 255 120
620 255 104
619 255 104
619 255 104
618 255 83
617 255 83
617 255 83
616 256 64
615 257 78
615 257 78
614 257 78
613 257 101
612 258 78
612 259 78
611 259 88
611 259 88
610 260 88
609 260 88
609 261 88
608 261 95
608 261 95
607 261 95
607 262 104
606 262 101
605 262 101
605 262 101
604 262 92
603 262 97
603 262 97
602 262 97
601 262 86
601 262 86
600 262 86
600 261 95
599 261 76
599 261 76
598 261 49
597 261 49
597 260 49
597 259 56
596 259 23
596 259 23
595 259 23
595 257 31
595 257 31
595 256 31
595 255 38
595 255 38
594 253 20
594 253 20
594 252 31
594 251 31
594 251 31
594 250 27
594 249 34
594 249 34
594 248 34
594 247 31
594 246 31
594 245 31
594 245 31
594 244 31
594 243 31
594 243 31
594 242 35
594 241 35
594 241 35
595 241 71
595 240 57
595 239 57
595 239 57
595 238 45
595 237 54
595 237 54
596 236 54
597 235 66
597 235 66
597 234 66
597 233 68
598 233 68
598 232 68
598 231 57
599 231 78
599 231 78
599 231 78
600 230 84
600 229 84
601 229 84
601 228 57
601 228 57
601 227 57
602 227 66
603 227 66
603 227 66
603 226 49
604 225 22
605 225 29
605 225 29
605 225 29
605 224 29
606 223 12
607 222 16
607 221 11
607 221 11
607 221 11
607 220 11
608 219 8
608 219 8
608 218 0
609 218 1
609 217 1
609 216 0
609 215 0
610 214 0
610 213 1
610 213 1
611 212 13
611 211 11
611 211 11
611 210 11
611 209 10
611 209 10
611 207 14
611 207 14
611 206 11
611 205 11
611 205 11
611 204 14
611 203 14
611 203 14
612 202 18
612 201 10
612 201 10
612 200 10
612 199 15
612 199 15
612 198 15
612 197 14
612 197 14
612 196 14
612 195 14
612 195 14
612 194 18
612 193 18
612 193 18
612 192 29
612 191 29
611 191 4
611 190 23
611 189 48
611 189 48
611 188 48
610 187 65
610 187 65
609 186 65
609 185 101
608 185 112
607 185 112
607 185 112
607 186 81
607 187 81
606 187 102
606 187 102
605 189 87
605 189 87
605 190 61
605 191 34
605 191 34
605 192 34
605 193 46
605 193 46
605 194 46
605 195 54
605 195 54
605 196 54
605 197 51
605 197 51
605 198 44
605 199 44
605 199 44
605 200 36
605 201 36
605 201 36
605 202 31
605 203 36
604 203 54
604 203 54
603 204 70
603 205 80
602 205 80
601 206 98
601 207 107
600 207 107
599 207 112
599 207 112
599 208 112
598 208 103
597 208 103
597 208 103
596 208 84
595 207 84
594 207 56
593 205 59
593 205 59
593 204 66
593 203 66
593 203 66
593 202 67
593 201 58
592 201 22
592 200 22
592 199 17
592 199 17
592 198 17
592 197 12
592 197 12
592 196 11
592 195 11
592 195 11
593 195 37
593 194 32
593 193 32
593 192 15
593 192 15
Stop
