New Slice
Start
584 94 7
583 93 20
583 93 20
582 93 18
581 93 24
581 94 19
581 94 19
581 95 19
580 95 19
579 95 35
579 96 16
579 97 5
579 98 5
579 99 2
578 99 2
578 100 2
578 101 3
578 101 3
578 102 3
578 103 2
577 103 21
577 104 27
577 105 27
577 105 27
577 106 23
577 107 23
577 107 23
577 108 16
577 109 12
577 109 12
577 110 12
577 111 13
577 111 13
577 112 13
577 113 27
577 113 27
577 114 27
577 115 20
577 115 20
577 116 24
577 117 24
577 118 23
577 119 23
577 119 23
578 120 13
578 121 22
578 121 22
578 122 22
578 123 17
578 123 17
578 124 17
578 125 27
578 126 32
578 127 32
578 128 23
578 129 23
578 129 23
578 130 23
578 131 23
578 131 23
578 132 27
578 133 28
578 133 28
578 134 28
578 135 30
578 135 30
578 136 30
578 137 32
578 138 30
578 139 30
578 139 30
578 140 21
578 141 21
578 141 21
578 142 15
578 143 15
578 144 17
578 145 24
578 145 24
578 146 24
578 147 34
578 147 34
578 149 31
578 149 31
578 150 32
578 151 32
578 152 33
578 153 33
578 153 33
578 154 33
578 155 33
578 156 33
578 157 31
578 157 31
578 158 31
578 159 21
578 159 21
578 160 21
578 161 26
578 161 26
578 162 27
578 163 27
578 163 27
578 164 23
578 165 23
578 165 23
578 167 20
578 167 20
578 168 28
578 169 23
578 170 23
578 171 30
578 171 30
578 172 30
578 173 25
578 174 17
578 175 17
578 175 17
578 176 16
578 177 16
578 177 16
578 179 10
578 179 10
578 180 10
578 181 10
578 181 10
578 182 10
578 183 14
578 183 14
578 184 14
578 185 21
578 185 21
578 186 25
578 187 25
578 188 19
578 189 19
578 189 19
578 190 13
578 191 9
578 191 9
578 192 9
578 193 7
578 193 7
578 194 7
578 195 5
578 195 5
578 196 5
578 197 7
578 197 7
578 198 9
578 199 9
578 199 9
578 200 5
579 201 5
579 201 5
579 202 3
579 203 7
579 203 7
579 204 7
579 205 6
579 205 6
579 205 6
580 206 2
580 207 6
580 207 6
580 208 6
580 209 2
580 209 2
580 210 2
580 211 2
580 212 2
580 213 2
580 213 2
580 214 2
580 215 2
580 215 2
580 216 2
580 217 2
580 217 2
580 218 2
580 219 3
580 219 3
580 220 3
580 221 3
581 221 3
581 222 2
581 223 2
581 223 2
581 224 3
581 225 3
581 225 3
581 226 3
581 227 11
582 227 3
582 227 3
582 229 18
583 229 3
583 229 3
583 230 3
583 231 13
583 231 13
584 232 17
584 233 17
584 234 29
584 235 29
585 235 17
585 235 17
585 236 16
585 237 16
585 237 16
586 238 21
586 239 22
587 239 9
587 240 9
587 241 19
588 241 4
588 242 4
589 242 4
589 243 16
589 243 16
590 243 2
590 244 5
591 244 5
591 244 5
592 244 4
593 245 4
593 245 4
594 245 4
595 245 11
595 245 11
596 245 11
597 245 19
597 245 19
598 245 19
599 245 15
599 245 15
600 245 3
600 245 3
601 245 3
602 246 28
603 246 28
603 246 28
604 247 20
604 247 20
605 247 3
605 247 3
605 248 18
606 248 18
607 249 4
607 249 4
608 249 4
608 250 19
609 250 2
609 250 2
610 250 2
611 250 2
611 250 2
612 250 2
613 250 2
613 250 2
614 250 15
614 249 2
615 249 2
615 248 2
616 247 5
617 247 9
617 246 9
617 245 2
618 245 2
618 245 2
619 244 11
619 243 2
620 243 2
620 242 3
621 242 9
621 241 9
622 241 9
622 240 2
623 240 11
623 239 11
623 239 11
623 239 11
624 238 16
624 237 2
624 237 2
625 237 2
625 235 3
625 235 3
625 234 3
625 233 6
625 233 6
625 232 6
625 231 15
625 231 15
625 230 13
625 229 13
625 229 13
625 228 23
625 227 23
625 227 23
624 226 30
624 225 46
623 225 36
623 225 36
623 224 36
622 224 19
622 223 30
621 223 30
621 223 30
620 222 18
620 221 41
619 221 41
619 221 41
618 220 28
617 220 28
617 219 44
616 219 31
615 219 14
615 218 32
615 218 32
614 217 32
613 217 20
613 216 32
612 216 32
612 215 32
611 215 17
610 215 8
609 214 21
608 213 20
608 213 20
607 213 20
607 212 20
606 212 2
606 211 20
605 211 20
605 210 20
604 210 6
604 209 12
603 209 5
602 208 16
602 207 16
601 207 2
601 206 10
601 206 10
600 205 10
600 204 25
599 204 10
599 203 10
599 203 10
599 202 20
599 202 20
599 201 29
598 201 14
598 201 14
598 200 14
598 199 18
597 199 18
597 199 18
597 198 18
597 197 24
597 197 24
597 196 43
597 195 43
597 195 43
597 194 38
597 193 38
597 193 38
597 192 27
597 191 27
597 191 27
597 190 22
597 189 21
597 188 21
597 187 18
597 187 18
597 186 18
597 185 8
597 184 8
597 183 8
597 183 8
597 182 6
597 181 6
597 181 6
597 180 8
597 179 8
597 179 8
597 178 3
597 177 14
597 177 14
597 176 14
597 175 17
597 174 17
597 173 24
596 172 17
596 171 17
596 171 17
596 170 27
595 169 27
595 169 27
595 167 33
595 167 33
595 166 33
594 165 14
594 164 14
594 163 21
593 162 21
593 161 25
593 161 25
593 160 29
593 159 29
593 158 33
592 157 26
592 155 30
592 155 30
592 154 30
592 153 32
592 152 32
592 151 32
592 149 26
592 149 26
592 148 23
592 147 23
592 146 15
592 145 15
592 145 15
592 144 16
592 143 11
592 143 11
592 142 11
592 141 12
592 141 12
592 139 7
592 139 7
592 137 15
592 137 15
592 136 9
593 135 17
593 135 17
593 133 8
593 132 15
593 131 17
593 131 17
594 131 17
594 130 17
594 129 9
594 129 9
594 128 9
595 127 16
595 127 16
595 126 16
595 125 24
595 125 24
595 124 23
595 123 23
595 123 23
595 122 16
595 121 16
595 121 16
595 119 10
595 119 10
595 118 10
595 117 14
595 117 14
595 116 14
595 115 20
595 115 20
595 114 16
595 113 16
595 113 16
595 112 21
595 111 21
595 111 21
595 110 19
595 109 19
595 109 19
595 108 19
594 107 18
594 107 18
594 106 18
593 105 22
593 105 22
593 104 22
593 103 20
592 103 8
592 103 8
591 102 4
591 102 4
591 101 4
590 101 4
589 101 2
589 100 7
589 100 7
588 99 7
587 99 2
587 98 4
587 97 4
586 97 2
586 97 2
585 96 5
585 95 19
585 95 19
585 95 19
584 95 7
584 95 7
Stop
New Slice
Start
583 95 7
583 95 7
582 95 6
581 95 19
581 96 10
581 96 10
581 97 3
580 97 3
580 97 3
579 98 5
579 99 2
579 99 2
579 99 2
579 100 2
579 101 3
579 102 3
578 103 2
578 103 2
577 104 27
577 105 27
577 105 27
577 106 23
577 107 23
577 107 23
577 108 16
577 109 12
577 109 12
577 110 12
577 111 13
577 111 13
577 112 13
577 113 27
577 114 27
577 115 20
577 115 20
577 117 24
577 117 24
577 118 23
577 119 23
577 119 23
577 120 24
577 121 26
577 121 26
577 122 26
577 123 40
577 123 40
577 124 40
577 125 42
577 125 42
577 126 30
577 127 30
577 127 30
577 128 26
577 129 26
577 129 26
577 130 32
577 131 32
577 131 32
577 132 34
578 133 28
578 133 28
578 134 28
578 135 30
578 135 30
578 136 30
578 137 32
579 137 32
579 137 32
579 138 30
579 139 30
579 140 21
579 141 21
579 142 15
579 143 15
579 143 15
579 144 17
579 145 24
579 145 24
580 146 15
580 147 20
580 147 20
580 148 20
580 149 19
580 149 19
580 150 19
580 151 19
581 151 19
581 152 24
581 153 24
581 153 24
581 154 24
581 155 24
581 155 24
581 156 21
581 157 18
581 157 18
582 158 6
582 159 4
582 159 4
582 160 4
582 161 6
582 161 6
582 162 3
583 163 3
583 163 3
583 164 2
583 165 2
583 165 2
583 166 2
583 167 2
583 167 2
583 168 2
583 169 2
583 169 2
583 170 2
583 171 3
583 171 3
583 172 3
583 173 3
583 173 3
583 174 4
583 175 4
583 175 4
583 176 4
583 177 4
583 177 4
583 179 5
583 179 5
583 180 5
583 181 5
583 181 5
583 182 5
583 183 5
583 183 5
582 185 2
582 185 2
582 186 3
582 187 3
581 187 10
581 187 10
581 188 8
581 189 8
581 189 8
581 190 4
581 191 2
581 191 2
581 192 2
581 193 3
581 193 3
581 194 3
580 194 3
580 195 4
580 195 4
580 196 4
580 197 3
580 197 3
580 198 2
580 199 2
580 199 2
580 200 3
580 201 3
580 201 3
580 202 3
580 203 3
580 203 3
580 205 2
580 206 2
580 207 6
580 207 6
580 208 6
580 209 2
580 209 2
580 210 2
580 211 2
580 211 2
580 212 2
580 213 2
580 213 2
580 214 2
580 215 2
580 215 2
581 215 2
581 216 2
581 217 2
581 217 2
581 218 2
581 219 3
581 220 3
582 220 2
582 221 2
582 222 2
583 223 2
583 223 2
583 224 2
583 225 2
583 225 2
583 226 2
584 227 2
585 228 2
585 229 2
585 229 2
585 230 2
586 231 3
586 233 6
587 233 2
587 234 6
587 235 6
587 235 6
587 236 6
588 236 2
588 237 2
589 238 2
589 239 2
589 239 2
589 239 2
589 240 2
590 241 2
591 241 2
591 242 2
592 243 5
593 243 3
593 243 3
594 243 3
595 243 2
595 243 2
595 244 11
596 244 11
597 244 19
597 244 19
598 244 19
599 244 15
599 244 15
600 244 3
601 244 3
602 245 2
603 245 2
603 245 2
604 245 4
605 245 2
606 246 3
606 247 3
607 247 2
607 247 2
608 247 2
609 247 2
609 248 2
609 248 2
610 249 2
611 249 2
611 249 2
612 249 2
613 249 2
614 249 2
615 249 2
616 249 14
617 249 24
617 248 24
618 247 9
619 247 28
619 247 28
619 247 28
620 246 28
620 245 11
620 245 11
621 245 26
621 244 26
621 243 16
621 243 16
621 243 16
621 242 9
622 241 9
622 241 9
623 240 11
623 239 11
623 239 11
623 238 2
623 237 2
624 237 2
625 236 2
625 235 3
625 234 3
625 233 6
625 233 6
625 233 6
625 232 6
625 231 15
625 231 15
625 230 13
625 229 13
625 229 13
625 228 23
625 227 23
625 227 23
625 226 30
624 225 46
623 223 45
623 223 45
623 222 45
622 221 45
622 221 45
621 220 45
621 219 43
620 219 45
620 218 43
619 218 43
619 217 43
618 217 40
618 216 42
617 215 42
616 215 46
616 214 46
615 214 44
615 213 40
614 213 40
614 213 40
613 212 39
613 212 39
613 211 37
612 211 37
611 211 38
611 210 38
610 210 37
610 209 46
609 209 46
609 209 46
608 208 40
607 207 40
607 207 40
606 207 40
605 206 48
605 205 48
605 205 48
604 205 45
603 204 37
603 203 37
603 202 41
602 202 41
602 201 40
601 201 38
601 200 38
601 200 38
601 199 39
600 199 39
600 198 39
600 197 35
599 197 34
599 196 43
599 195 43
599 195 43
598 194 38
598 193 38
598 193 38
597 192 27
597 191 27
597 191 27
597 190 22
597 189 21
597 189 21
597 188 21
597 187 18
597 187 18
597 186 18
597 185 8
596 185 2
596 184 2
596 183 2
596 183 2
596 182 2
596 181 2
596 181 2
596 180 2
596 179 2
596 179 2
596 178 3
596 177 3
596 177 3
596 176 3
596 175 8
596 175 8
596 174 8
596 173 13
596 173 13
596 172 17
596 171 17
596 171 17
596 170 27
596 169 27
596 169 27
596 168 35
596 167 33
595 167 33
595 166 33
595 166 33
595 165 30
595 165 30
595 164 30
595 163 29
595 163 29
594 162 21
594 161 25
594 161 25
593 161 25
593 160 29
593 160 29
593 159 29
593 158 33
593 157 33
592 157 26
592 157 26
592 156 30
592 155 30
592 155 30
592 154 30
592 153 32
592 153 32
592 152 32
592 151 32
592 151 32
592 150 32
592 149 26
592 149 26
592 148 23
592 147 23
592 147 23
593 146 27
593 145 27
593 145 27
593 144 28
593 143 19
593 143 19
593 142 19
593 141 12
594 141 12
594 140 12
594 139 17
595 139 28
595 139 28
595 137 26
595 137 26
595 136 26
595 135 26
595 135 26
595 134 26
595 133 26
595 133 26
596 131 22
596 130 22
597 129 19
597 129 19
597 128 19
597 127 20
597 127 20
597 126 20
597 125 29
598 124 35
598 123 35
598 123 35
598 122 30
598 121 30
598 120 22
598 119 18
598 118 18
598 117 27
598 117 27
598 115 31
598 115 31
598 113 28
598 113 28
598 112 25
598 111 25
598 111 25
598 110 21
597 109 21
597 108 24
597 107 23
597 107 23
596 106 20
596 105 27
595 105 27
595 105 27
595 104 27
594 103 20
593 103 20
593 102 24
593 101 24
592 101 17
591 101 4
591 100 14
591 99 14
590 99 14
589 99 7
589 98 16
589 97 16
588 97 16
587 97 4
587 97 4
586 97 2
585 97 2
585 97 2
585 97 2
Stop
New Slice
Start
587 93 34
586 93 24
585 93 24
585 93 24
584 93 20
583 93 20
583 94 7
582 94 6
581 95 19
581 95 19
580 95 19
579 96 16
579 97 5
578 97 5
578 98 5
577 99 30
577 99 30
577 100 30
577 101 25
576 101 25
576 102 25
576 103 21
576 103 21
576 104 27
576 105 27
575 105 21
575 106 24
575 107 24
575 108 17
575 109 17
575 109 17
575 110 17
575 111 18
575 112 18
575 113 24
575 113 24
575 114 24
575 115 21
575 115 21
575 116 29
575 117 29
575 117 29
575 118 27
575 119 27
575 119 27
575 120 28
576 121 26
576 121 26
576 122 26
576 123 40
576 123 40
576 124 40
576 125 42
576 125 42
577 125 42
577 126 30
577 127 30
577 128 26
577 129 26
577 129 26
578 130 23
578 131 23
578 131 23
578 132 27
578 133 28
579 134 28
579 135 30
579 135 30
579 137 32
579 137 32
579 138 30
579 139 30
579 139 30
580 140 11
580 141 11
580 141 11
580 142 13
580 143 13
581 143 13
581 144 18
581 145 15
581 145 15
581 146 15
581 147 20
581 148 20
581 149 19
581 150 19
581 151 19
581 152 24
581 153 24
581 153 24
581 154 24
581 155 24
581 155 24
581 157 18
581 157 18
581 158 18
581 159 12
581 159 12
581 160 12
581 161 17
581 162 14
581 163 14
581 163 14
581 164 13
581 165 13
581 166 13
581 167 13
581 167 13
581 168 17
581 169 12
581 169 12
581 171 12
581 171 12
581 172 12
581 173 9
581 173 9
581 175 4
581 175 4
581 176 3
581 177 3
581 177 3
581 178 4
581 179 2
581 179 2
581 180 2
581 181 2
581 182 2
581 183 2
581 183 2
581 184 2
581 185 6
581 185 6
581 186 10
581 187 10
581 187 10
581 188 8
581 189 8
581 190 4
581 191 2
581 192 2
580 193 3
580 194 3
580 195 4
580 195 4
580 196 4
580 197 3
580 197 3
580 198 2
580 199 2
579 199 9
579 200 5
579 201 5
579 201 5
579 203 7
579 203 7
579 204 7
579 205 6
579 205 6
579 205 6
578 207 8
578 207 8
578 208 8
578 209 2
578 209 2
578 210 2
578 211 2
578 211 2
578 212 2
578 213 2
578 213 2
578 214 2
578 215 2
578 215 2
578 216 2
578 217 2
578 217 2
578 218 2
578 219 3
578 219 3
578 220 5
578 221 5
579 221 5
579 221 5
579 222 4
579 223 4
580 224 3
580 225 3
581 225 3
581 226 3
581 227 11
581 227 11
581 228 11
582 229 18
582 230 18
583 230 3
583 231 13
583 231 13
583 232 17
583 232 17
583 233 17
584 233 17
584 234 29
584 235 29
585 235 17
585 236 16
585 237 16
586 237 16
586 238 21
586 239 22
587 239 9
587 239 9
587 240 9
588 241 4
588 241 4
589 242 4
589 242 4
590 243 2
591 243 2
591 243 2
591 243 2
592 243 5
593 244 4
593 244 4
594 244 4
595 244 11
595 244 11
596 244 11
597 244 19
597 244 19
598 244 19
599 244 15
599 244 15
600 244 3
601 244 3
601 244 3
603 245 2
603 245 2
605 246 3
605 247 3
606 247 3
606 247 3
607 247 2
607 248 4
608 248 4
608 249 4
609 249 2
609 249 2
609 250 2
610 250 2
611 250 2
611 250 2
612 250 2
613 250 2
613 250 2
614 250 15
615 250 15
615 250 15
616 249 14
617 249 24
617 249 24
618 249 24
618 248 24
619 248 43
619 247 28
619 247 28
620 246 28
621 245 26
621 244 26
621 243 16
621 243 16
622 242 9
622 241 9
623 241 23
623 240 11
623 239 11
623 238 2
623 237 2
624 237 2
624 236 2
624 235 3
624 235 3
624 234 3
624 233 6
624 233 6
624 232 6
624 231 15
624 231 15
624 230 13
624 229 13
624 229 13
624 228 23
624 227 23
624 227 23
624 226 30
623 225 36
623 225 36
623 225 36
622 224 19
622 223 30
621 223 30
621 223 30
621 222 30
620 221 41
619 221 41
619 221 41
617 220 28
617 219 44
616 219 31
616 219 31
615 218 32
614 217 32
613 217 20
613 217 20
612 216 32
611 215 17
611 215 17
610 215 8
610 214 21
609 214 21
609 213 32
608 213 20
608 213 20
607 212 20
607 211 29
606 211 20
606 211 20
605 211 20
605 210 20
605 209 23
605 209 23
604 209 12
603 208 16
603 207 16
603 207 16
603 206 28
603 205 28
602 205 28
601 203 25
601 203 25
601 203 25
601 202 32
601 201 38
600 201 38
600 200 38
599 200 29
599 199 32
599 199 32
599 198 32
599 198 32
599 197 34
599 197 34
599 196 43
599 195 43
598 195 43
598 195 43
598 194 38
598 193 38
598 193 38
598 192 27
598 191 27
598 191 27
598 190 22
598 189 21
598 189 21
598 188 21
598 187 18
598 187 18
598 186 18
598 185 8
598 185 8
598 184 8
598 183 8
598 182 6
598 181 6
598 181 6
597 180 8
597 179 8
597 178 3
597 178 3
597 177 14
597 177 14
597 176 14
597 175 17
597 175 17
597 174 17
597 173 24
596 172 17
596 171 17
596 171 17
596 170 27
595 169 27
595 168 35
595 167 33
595 167 33
595 166 33
595 165 30
595 164 30
595 163 29
595 162 29
595 161 29
595 161 29
595 160 36
595 159 36
595 159 36
595 158 37
594 157 33
594 157 33
594 156 31
594 155 27
594 155 27
594 154 27
594 153 25
594 153 25
594 152 25
594 151 32
594 151 32
594 150 32
594 149 27
594 149 27
594 148 29
594 147 29
594 147 29
594 146 27
594 145 27
594 145 27
594 144 28
594 143 19
594 142 19
594 141 12
594 141 12
594 140 12
594 139 17
594 138 17
594 137 20
594 137 20
594 136 17
594 135 17
594 135 17
594 134 8
594 133 8
594 133 8
594 132 15
594 131 17
594 131 17
594 130 17
594 129 9
594 129 9
594 128 9
595 128 14
595 127 16
595 125 24
595 125 24
595 123 23
595 123 23
595 123 23
595 122 16
595 121 16
595 120 13
596 120 13
596 119 10
596 119 10
596 118 10
596 117 14
596 117 14
596 116 14
596 115 20
597 115 31
597 114 28
597 113 28
597 113 28
597 112 25
597 111 25
597 111 25
597 110 21
597 109 21
597 109 21
597 108 24
596 107 20
595 107 20
595 106 20
595 105 27
595 105 27
595 104 27
594 103 20
593 103 20
593 102 24
593 102 24
593 101 24
592 101 17
592 101 17
592 100 26
591 100 14
591 99 14
591 98 28
590 98 28
590 97 28
589 97 16
589 96 20
588 95 35
587 95 30
587 95 30
587 94 30
587 94 30
Stop
