New Slice
Start
585 189 17
584 189 5
583 189 5
583 189 5
582 189 14
581 189 31
581 189 31
580 189 31
579 189 41
579 189 41
578 189 41
577 190 24
577 190 24
576 191 21
575 191 17
575 191 17
574 191 13
573 191 13
573 191 13
572 191 14
571 192 14
571 193 0
570 193 1
569 193 11
569 194 11
568 194 11
567 195 4
567 195 4
567 195 4
566 195 4
566 196 4
565 196 14
565 197 1
564 197 1
564 197 1
563 198 14
563 198 14
563 199 14
562 199 38
562 200 20
561 201 20
561 201 20
561 202 10
561 203 6
560 203 20
560 204 20
560 205 20
560 205 20
559 207 23
559 207 23
559 209 20
559 209 20
559 210 13
559 211 13
559 211 13
559 212 16
559 213 16
559 213 16
559 214 23
559 215 19
559 215 19
559 216 19
559 217 19
559 217 19
559 218 19
559 219 21
559 220 14
559 221 14
559 221 14
559 222 3
559 223 3
559 223 3
559 224 1
559 225 1
559 225 1
559 226 8
559 227 10
559 227 10
559 228 10
559 229 2
559 229 2
559 230 2
559 231 4
559 231 4
559 233 13
559 233 13
559 234 14
559 235 14
559 235 14
558 236 10
558 237 10
558 237 10
557 238 17
557 239 27
557 239 27
557 240 27
557 241 22
557 241 22
557 242 22
557 243 19
557 243 19
557 243 19
557 244 19
557 245 19
557 245 19
557 246 20
557 247 20
557 247 20
557 249 10
556 249 10
556 249 10
556 250 15
556 251 17
555 253 41
555 253 41
555 254 41
555 255 38
555 256 40
555 257 40
555 257 40
555 258 46
555 259 46
555 259 46
555 260 44
554 261 44
554 262 38
554 263 37
554 263 37
554 264 37
554 265 40
554 265 40
554 266 40
554 267 42
554 267 42
554 268 35
554 269 35
554 269 35
554 270 31
554 271 31
554 271 31
554 272 38
554 273 35
554 274 35
554 275 32
554 275 32
554 276 32
554 277 37
554 277 37
554 278 37
554 279 32
554 279 32
554 280 26
554 281 26
554 282 29
555 283 29
555 284 29
555 285 26
555 285 26
555 286 26
555 287 32
555 287 32
555 288 32
555 288 32
555 289 33
555 289 33
555 290 33
555 291 39
556 292 32
556 293 32
556 293 32
557 294 33
557 295 33
557 295 33
557 296 32
557 297 38
557 297 38
557 298 38
558 299 32
559 299 37
559 299 37
559 300 37
559 301 40
559 301 40
559 301 40
559 302 40
559 303 44
560 303 44
560 303 44
561 303 46
561 304 59
561 305 59
561 305 59
562 306 62
563 307 60
563 307 60
565 308 66
565 309 71
565 309 71
566 309 76
567 309 76
567 309 76
568 310 75
569 311 75
570 311 71
571 311 72
571 311 72
572 311 72
573 311 76
573 311 76
574 311 76
575 311 76
575 312 76
576 312 72
577 312 72
577 312 72
578 312 69
579 312 69
580 312 69
581 312 69
581 312 69
582 312 69
583 312 74
583 312 74
584 312 74
585 312 79
585 311 79
586 311 79
587 311 80
587 311 80
587 311 80
588 311 77
589 311 77
589 310 58
589 310 58
590 309 59
591 309 59
592 309 63
593 309 71
593 308 45
593 308 45
594 308 45
595 308 53
595 307 30
595 307 30
596 307 30
597 307 44
597 307 44
597 307 44
598 306 44
599 306 58
600 305 49
601 305 49
601 305 49
601 304 49
603 304 66
603 303 44
604 303 61
604 303 61
605 302 51
605 301 51
605 301 51
606 300 45
607 300 67
607 299 67
607 299 67
607 297 59
608 297 59
608 295 37
609 295 51
609 295 51
609 294 51
609 293 39
609 293 39
610 292 39
610 291 33
610 291 33
610 290 19
611 289 28
611 289 28
611 288 31
611 287 31
611 287 31
612 287 45
612 286 49
612 285 49
612 285 49
612 284 40
613 284 40
613 283 41
613 283 41
613 282 41
613 281 31
613 281 31
613 280 31
613 279 29
614 279 41
614 278 44
614 277 44
614 276 40
614 275 40
615 275 40
615 274 40
615 273 40
615 273 40
615 272 42
615 271 40
615 271 40
615 270 40
615 269 42
615 269 42
615 268 42
615 267 31
615 267 31
615 266 26
615 265 26
615 265 26
615 264 27
615 263 27
615 263 27
615 261 35
615 261 35
615 260 35
615 259 43
615 258 43
615 257 41
615 257 41
615 256 41
615 255 47
615 255 47
615 254 56
614 253 56
613 253 36
613 252 38
613 251 38
613 251 38
613 250 42
613 249 41
611 248 23
611 247 19
611 247 19
610 246 10
610 245 8
609 245 8
609 243 12
608 243 0
608 242 3
608 241 3
607 241 3
607 240 9
607 239 9
607 239 9
607 238 9
606 237 0
605 237 0
605 236 0
605 235 15
605 235 15
605 234 15
605 233 14
604 233 0
604 232 0
604 231 0
603 231 0
603 230 0
603 229 0
603 229 0
603 228 0
602 227 0
602 227 0
602 226 0
602 225 1
601 225 0
601 225 0
601 224 0
601 223 0
601 223 0
600 222 0
599 221 0
599 221 0
598 221 6
597 221 6
597 222 0
597 222 0
597 223 0
597 223 0
596 224 12
596 225 12
595 225 12
595 226 18
595 227 22
595 229 22
594 229 32
594 230 32
593 231 30
593 232 25
593 233 25
593 233 25
593 234 22
592 235 35
592 235 35
591 236 37
591 237 37
591 237 37
591 238 33
591 239 33
591 239 33
591 240 33
591 241 30
591 241 30
591 242 30
591 243 26
591 243 26
592 244 7
592 245 7
593 245 0
593 246 24
593 246 24
593 247 24
594 247 24
594 247 24
595 248 35
595 248 35
595 249 35
596 249 35
596 249 35
597 249 25
597 250 35
598 251 43
599 251 31
599 251 31
599 252 31
600 252 17
600 253 26
601 253 26
601 254 26
602 254 10
603 255 19
603 255 19
603 256 33
604 257 17
605 258 27
605 259 27
605 259 27
605 260 27
605 261 27
606 261 27
607 262 27
607 263 32
607 263 32
607 264 32
607 265 26
607 265 26
607 265 26
607 266 26
607 267 17
607 267 17
607 268 11
607 269 11
607 270 9
607 271 9
607 272 2
607 273 0
607 273 0
607 274 0
607 275 7
607 275 7
607 276 7
607 277 7
607 278 7
607 279 6
607 280 7
606 281 3
606 282 0
605 283 0
605 283 0
605 285 0
604 285 5
604 286 5
603 287 11
603 287 11
603 288 11
602 289 8
602 289 8
601 290 20
601 291 17
601 292 10
600 292 10
600 293 10
599 294 20
599 295 20
599 295 20
599 296 21
598 297 13
598 297 13
597 298 13
597 299 10
597 299 10
597 300 10
596 301 10
596 301 10
595 302 10
595 302 10
595 303 20
594 304 10
594 305 10
593 305 10
593 305 10
593 306 25
592 306 26
592 307 26
591 307 37
591 307 37
591 308 41
590 309 59
589 309 58
589 309 58
588 309 58
588 310 58
587 310 61
587 310 61
587 311 80
586 311 79
585 311 79
585 311 79
585 311 79
584 311 74
583 312 74
583 312 74
582 312 69
581 312 69
581 312 69
580 312 69
579 312 69
579 312 69
578 312 69
577 312 72
577 312 72
576 312 72
575 312 76
575 312 76
574 312 76
573 312 76
572 312 72
571 312 72
571 312 72
570 312 71
569 312 75
569 312 75
568 312 75
567 312 76
567 312 76
566 312 76
565 312 74
565 312 74
564 311 74
563 311 83
563 311 83
562 310 77
561 310 77
561 309 77
561 309 77
560 308 78
560 307 66
560 307 66
559 306 66
559 305 60
559 305 60
558 304 64
558 303 51
558 303 51
558 302 39
557 301 41
557 301 41
557 300 35
557 299 35
557 299 35
557 298 38
557 297 38
557 297 38
557 296 32
557 295 33
557 295 33
556 293 32
556 293 32
556 292 32
556 291 38
556 291 38
556 290 38
556 289 38
556 289 38
556 288 28
556 287 28
556 287 28
556 286 24
556 285 24
556 285 24
557 285 24
557 284 20
557 283 13
557 283 13
558 283 12
559 282 18
559 281 7
559 281 7
559 281 7
559 280 7
560 280 7
560 279 6
560 279 6
561 278 9
561 277 9
561 277 9
561 276 3
561 275 3
562 275 3
562 274 0
562 273 0
562 273 0
562 272 1
562 271 1
562 271 1
562 269 0
562 269 0
563 268 4
563 267 4
563 267 4
563 266 6
563 265 6
563 265 6
563 264 1
563 263 1
563 263 1
563 262 9
563 261 10
563 261 10
563 260 10
563 259 19
563 259 19
563 258 19
563 257 21
563 256 21
563 255 22
563 254 17
563 253 17
563 253 17
563 252 20
563 251 20
563 251 20
563 250 26
563 249 27
563 249 27
563 247 21
563 247 21
563 246 21
563 245 22
563 245 22
563 244 22
563 243 31
563 243 31
563 242 38
563 241 38
563 241 38
563 240 39
563 239 39
563 238 33
563 237 25
563 236 25
563 235 29
563 235 29
563 234 29
563 233 28
563 233 28
563 232 28
563 231 21
563 231 21
563 230 19
563 229 19
563 229 19
563 228 21
563 227 21
563 226 19
563 225 12
563 224 12
563 223 14
563 223 14
563 221 5
563 221 5
563 220 5
563 219 2
563 219 2
563 218 0
563 217 0
563 216 0
563 215 0
564 215 0
565 214 0
565 213 0
565 213 0
565 213 0
566 212 7
566 211 3
567 211 3
567 211 3
567 210 3
568 210 19
569 209 8
569 209 8
569 209 8
570 209 20
571 209 31
571 209 31
571 208 14
572 208 14
572 207 14
573 207 20
574 207 20
574 207 20
575 207 30
576 207 38
577 206 37
578 206 38
578 205 38
579 205 38
579 205 38
580 205 33
581 205 33
582 205 27
583 205 28
583 205 28
584 204 27
585 204 39
585 203 39
586 203 39
587 203 49
587 202 42
589 201 34
589 201 34
589 200 34
590 199 24
591 199 24
591 198 24
591 197 17
591 197 17
591 196 16
591 195 16
591 195 16
591 194 15
591 193 15
591 193 15
591 192 27
591 191 27
591 191 27
590 191 27
589 190 40
589 189 56
589 189 56
588 189 56
587 189 40
587 189 40
587 189 40
Stop
New Slice
Start
584 190 0
583 190 0
583 190 0
582 190 1
581 190 18
581 190 18
580 190 18
579 190 32
579 190 32
578 190 32
577 190 24
575 190 24
575 190 24
574 191 13
573 191 13
572 192 14
571 192 14
571 193 0
570 193 1
569 193 11
569 193 11
568 194 11
567 195 4
567 195 4
566 195 4
566 195 4
565 195 14
565 196 14
564 197 1
563 197 26
563 198 14
562 199 38
561 199 38
561 199 38
561 200 20
561 201 20
560 202 34
559 203 20
559 203 20
559 204 20
559 205 20
559 206 20
559 207 23
559 208 23
559 209 20
559 210 13
559 211 13
559 211 13
558 211 28
557 212 50
557 213 50
557 213 50
557 214 43
557 215 52
557 216 52
557 217 48
557 217 48
557 218 48
557 219 40
557 219 40
557 221 36
557 221 36
557 223 45
557 223 45
557 224 41
557 225 41
557 225 41
556 227 29
556 228 29
556 229 32
556 230 32
556 231 20
555 233 37
555 234 23
555 235 23
555 236 22
554 238 26
554 239 32
554 240 32
554 241 32
554 241 32
554 242 32
554 243 27
554 243 27
554 244 35
554 245 35
554 245 35
554 246 41
554 247 41
554 247 41
554 248 32
554 249 32
554 249 32
554 251 37
554 251 37
554 252 37
554 253 41
554 253 41
554 254 41
554 255 38
554 257 40
554 257 40
554 258 46
554 259 46
554 261 44
554 261 44
554 262 38
554 263 37
554 263 37
554 264 37
554 265 40
554 265 40
554 266 40
554 267 42
554 267 42
554 268 35
554 269 35
554 269 35
554 270 31
554 271 31
554 271 31
554 272 38
554 273 35
554 273 35
554 275 32
554 275 32
554 276 32
554 277 37
554 277 37
554 278 37
554 279 32
554 279 32
554 281 26
554 281 26
554 283 29
554 283 29
554 284 29
554 285 26
554 285 26
554 286 26
554 287 32
554 287 32
554 288 32
554 289 33
554 289 33
554 290 33
554 291 39
555 291 39
555 291 39
555 292 35
555 293 35
555 293 35
555 294 41
555 294 41
555 295 41
555 295 41
555 296 38
556 297 38
557 297 38
557 298 38
557 299 35
557 299 35
557 300 35
558 301 39
559 302 40
559 303 44
559 303 44
559 304 60
560 304 60
561 305 59
561 305 59
562 306 62
563 307 60
563 307 60
565 308 66
565 309 71
567 309 76
567 309 76
568 310 75
569 310 75
569 310 75
570 310 66
571 310 63
572 311 72
573 311 76
573 311 76
574 311 76
575 311 76
576 311 72
577 311 72
579 311 69
579 311 69
580 311 69
581 311 69
581 312 69
581 312 69
582 312 69
583 312 74
583 312 74
584 312 74
585 312 79
585 312 79
586 312 79
587 311 80
587 311 80
588 311 77
589 310 58
589 310 58
590 310 59
591 309 59
591 309 59
591 309 59
592 308 43
593 308 45
593 307 25
593 307 25
593 307 25
593 306 25
594 306 25
594 305 10
595 305 17
595 305 17
596 305 17
597 304 30
597 303 29
599 303 32
599 302 28
599 302 28
600 301 26
601 301 26
601 301 26
601 300 13
602 300 17
603 299 17
603 299 17
604 299 25
605 298 36
606 297 36
607 297 59
607 297 59
607 296 48
608 296 48
608 295 37
609 295 51
609 295 51
609 294 51
609 293 39
610 292 39
610 291 33
610 290 19
610 289 19
610 289 19
610 288 19
610 287 19
611 286 34
611 285 34
611 285 34
611 285 34
611 284 32
611 283 33
611 283 33
611 282 33
611 281 22
611 281 22
611 280 22
611 279 22
611 279 22
612 279 29
612 278 29
612 277 29
612 277 29
612 276 23
612 275 23
612 275 23
612 274 28
612 273 28
613 272 32
613 271 32
613 271 32
613 270 32
613 269 34
613 269 34
613 268 34
613 267 28
613 267 28
613 265 23
613 265 23
614 264 27
614 263 27
614 263 27
614 262 31
614 261 35
615 261 35
615 260 35
615 259 43
615 259 43
615 257 41
615 257 41
615 256 41
615 255 47
615 255 47
615 254 56
615 253 56
615 253 56
615 251 57
615 250 61
614 249 61
614 248 61
614 247 64
614 246 64
613 245 35
613 245 35
613 245 35
613 244 35
613 243 43
613 243 43
612 242 41
612 241 41
612 240 50
611 239 29
611 239 29
611 238 35
611 237 39
611 237 39
611 236 39
610 235 32
610 235 32
610 234 32
609 234 32
609 233 40
609 233 40
609 232 40
609 232 40
609 231 47
608 231 29
608 230 27
608 229 27
608 229 27
607 228 33
607 227 33
607 226 43
606 225 34
606 225 34
606 224 34
605 224 34
605 223 47
605 223 47
605 222 47
605 222 47
605 221 57
604 221 37
604 221 37
603 220 21
603 219 53
603 219 53
602 219 53
602 219 53
601 219 40
601 219 40
600 219 40
599 219 25
599 219 25
598 219 17
597 219 17
597 219 17
597 219 17
597 220 6
596 221 21
595 221 21
595 222 8
595 223 8
595 223 8
594 224 27
594 225 27
593 225 27
593 226 31
593 227 37
593 227 37
593 228 37
593 228 37
593 229 32
593 230 32
593 231 30
593 232 25
593 233 25
592 233 29
592 233 29
592 234 35
592 235 35
592 235 35
592 236 25
592 237 25
592 237 25
592 238 16
592 239 16
592 239 16
592 240 16
592 241 12
592 241 12
592 242 12
593 243 0
593 243 0
593 244 0
594 245 0
595 245 0
595 247 16
596 247 16
597 248 25
597 249 25
598 249 25
599 250 18
599 251 31
599 251 31
600 251 17
601 252 17
601 253 26
602 253 10
602 254 10
603 254 10
603 255 19
603 255 19
604 256 17
604 257 17
604 257 17
605 257 14
605 258 27
605 259 27
606 260 27
606 261 27
606 261 27
607 261 32
607 262 27
607 263 32
607 263 32
607 264 32
607 265 26
607 266 26
607 267 17
607 267 17
607 268 11
607 269 11
607 269 11
607 270 9
607 271 9
607 271 9
607 272 2
607 273 0
607 273 0
607 274 0
607 275 7
607 275 7
607 276 7
607 277 7
606 277 7
606 278 7
605 279 3
605 279 3
605 280 3
605 281 3
605 281 3
605 282 0
605 283 0
604 283 5
604 283 5
603 284 15
603 285 13
603 285 13
603 285 13
603 286 13
603 287 11
602 288 11
601 289 20
601 290 20
601 290 20
601 291 17
600 291 17
600 292 10
600 293 10
599 293 18
599 294 20
599 295 20
599 295 20
598 296 24
598 297 13
597 298 13
597 299 10
597 300 10
597 301 20
596 301 10
596 302 10
595 303 20
595 303 20
595 304 17
595 305 17
594 305 10
593 306 25
593 307 25
592 307 26
591 307 37
591 308 41
590 309 59
589 309 58
589 309 58
588 309 58
587 309 61
587 309 61
586 309 66
585 309 66
585 309 66
585 310 66
584 310 66
583 310 66
583 310 66
582 310 62
581 310 59
581 311 69
579 311 69
579 311 69
578 311 69
577 311 72
577 311 72
576 311 72
575 311 76
575 311 76
574 311 76
573 310 68
571 310 63
571 310 63
570 310 66
569 309 75
569 309 75
568 309 75
567 309 76
567 309 76
567 308 78
566 308 78
565 308 66
565 307 64
563 307 60
562 307 62
561 306 62
561 306 62
561 305 59
560 305 60
559 304 60
559 304 60
559 303 44
558 303 51
558 303 51
558 302 39
557 301 41
557 301 41
557 301 41
557 300 35
557 299 35
556 299 35
555 298 48
555 297 48
555 297 48
555 296 38
555 295 41
555 295 41
555 294 41
555 293 35
555 293 35
555 292 35
555 291 39
555 291 39
555 290 33
555 289 33
555 289 33
556 288 28
556 287 28
557 286 24
557 285 24
557 284 20
558 284 19
559 283 18
559 283 18
559 282 18
559 281 7
560 281 7
560 280 7
561 280 19
561 279 15
561 279 15
561 278 9
561 277 9
561 277 9
561 276 3
562 275 3
562 275 3
562 274 0
562 273 0
562 273 0
562 272 1
563 271 0
563 270 0
563 269 4
563 269 4
563 268 4
563 267 4
563 267 4
563 266 6
563 265 6
563 264 1
563 263 1
563 263 1
563 262 9
563 261 10
563 260 10
563 259 19
563 259 19
563 258 19
563 257 21
563 257 21
563 256 21
563 255 22
563 254 17
563 253 17
563 252 20
563 251 20
563 251 20
563 250 26
563 249 27
563 249 27
563 248 27
563 247 21
563 247 21
563 246 21
563 245 22
563 245 22
563 244 22
563 243 31
563 243 31
563 242 38
563 241 38
563 239 39
563 239 39
563 238 33
563 237 25
563 237 25
563 236 25
563 235 29
563 235 29
563 234 29
563 233 28
563 232 28
564 232 36
564 231 40
564 230 35
564 229 35
564 229 35
564 228 27
564 227 27
564 227 27
565 226 34
565 225 33
565 225 33
565 224 33
565 223 20
566 222 41
566 221 27
566 220 27
567 220 27
567 219 32
567 218 24
567 217 24
567 217 24
568 216 39
568 215 39
569 215 39
569 214 28
569 214 28
569 213 26
570 213 40
571 212 42
571 211 36
571 211 36
572 210 36
573 210 39
573 209 39
574 209 39
575 209 45
575 208 30
577 208 38
577 207 38
577 207 38
578 207 40
579 206 38
579 206 38
580 205 33
581 205 33
581 205 33
581 205 33
582 204 23
583 204 27
583 203 27
584 203 27
585 203 39
585 202 31
586 202 31
586 201 14
587 201 26
587 200 26
587 199 9
587 199 9
587 198 9
587 197 7
587 197 7
588 196 14
588 195 14
588 194 10
588 193 10
588 193 10
588 192 20
588 191 20
588 191 20
588 190 40
588 189 56
587 189 40
587 189 40
586 189 17
585 188 17
584 188 5
583 188 5
583 188 5
Stop
New Slice
Start
587 192 7
587 191 7
586 191 0
585 191 0
585 191 0
584 191 0
583 191 0
583 191 0
582 191 0
581 191 0
581 191 0
580 191 0
579 191 13
578 191 13
577 191 21
575 191 17
575 191 17
575 191 17
573 191 13
573 191 13
572 191 14
571 191 14
570 192 19
569 192 27
569 193 11
568 193 11
567 193 21
567 193 21
566 193 21
565 193 32
565 193 32
565 194 32
563 195 32
563 195 32
562 196 50
562 197 46
561 197 46
561 197 46
561 199 38
561 199 38
560 200 47
559 201 47
559 201 47
559 202 34
559 203 20
559 203 20
559 204 20
559 205 20
559 205 20
559 206 20
559 207 23
559 207 23
559 208 23
559 209 20
559 209 20
559 210 13
559 211 13
559 211 13
559 213 16
559 213 16
559 214 23
559 215 19
559 215 19
559 216 19
559 217 19
559 217 19
559 218 19
559 219 21
559 219 21
559 221 14
559 221 14
559 222 3
559 223 3
559 223 3
559 224 1
559 225 1
559 226 8
559 227 10
559 228 10
559 229 2
559 229 2
559 231 4
559 231 4
559 232 13
559 233 13
559 235 14
559 235 14
558 237 10
558 238 7
557 239 27
557 239 27
557 240 27
557 241 22
557 241 22
557 242 22
557 243 19
557 243 19
557 244 19
557 245 19
557 245 19
557 247 20
557 247 20
557 248 10
557 249 10
557 249 10
557 251 17
557 251 17
557 253 16
557 253 16
557 254 16
557 255 20
557 255 20
557 256 23
556 257 23
556 258 24
556 259 24
556 260 20
556 261 20
556 261 20
556 262 24
556 263 29
556 263 29
556 264 29
556 265 26
556 265 26
556 266 26
556 267 25
556 267 25
556 268 24
556 269 24
556 269 24
556 270 22
556 271 22
556 271 22
556 272 21
556 273 20
556 274 20
556 275 22
556 275 22
556 276 22
556 277 26
556 278 26
556 279 20
556 279 20
556 280 13
556 281 13
556 281 13
556 282 13
556 283 13
556 283 13
556 284 20
556 285 24
556 285 24
556 286 24
556 287 28
556 287 28
556 288 28
556 289 38
556 289 38
556 290 38
556 291 38
556 291 38
556 292 32
557 292 32
557 293 32
557 293 32
557 294 33
557 295 33
557 296 32
557 297 38
558 297 35
558 297 35
558 298 35
558 299 32
558 299 32
558 300 32
558 301 39
559 301 40
559 303 44
559 303 44
559 304 60
559 305 60
559 305 60
559 306 66
559 306 66
559 307 66
559 307 66
560 308 78
560 309 88
561 309 77
561 310 77
561 311 93
562 311 93
563 311 83
563 311 83
564 311 74
565 311 74
565 311 74
565 312 74
566 313 108
567 313 108
567 313 108
568 313 96
569 314 96
571 314 80
571 314 80
572 314 80
573 314 81
573 315 101
575 315 98
575 315 98
576 315 97
577 315 97
577 315 97
578 315 96
579 315 96
579 315 96
580 315 95
581 315 95
581 315 95
583 315 100
584 314 78
584 313 78
585 313 83
586 313 83
587 312 80
588 312 77
588 311 77
589 311 77
590 311 73
591 310 59
591 310 59
591 309 59
592 309 63
593 309 71
593 309 71
594 309 71
595 308 53
595 308 53
597 307 44
597 307 44
598 307 44
599 307 58
599 307 58
599 306 58
600 306 69
601 305 49
601 305 49
602 305 66
603 305 66
603 305 66
604 304 83
604 303 61
605 303 72
605 303 72
606 303 72
607 302 72
607 301 72
607 301 72
607 301 72
608 299 67
609 299 75
609 298 73
609 297 73
609 297 73
609 296 60
609 295 51
609 295 51
609 294 51
610 293 39
610 293 39
611 293 44
611 292 44
611 291 44
611 290 28
611 289 28
611 288 31
611 287 31
611 287 31
611 286 34
611 285 34
611 285 34
611 284 32
611 283 33
611 282 33
611 281 22
612 281 31
612 279 29
612 278 29
612 277 29
612 277 29
612 276 23
612 275 23
612 275 23
612 274 28
612 273 28
612 273 28
612 272 32
612 271 32
612 270 32
612 269 34
612 269 34
612 268 34
612 267 28
612 267 28
612 266 23
612 265 23
612 265 23
612 264 22
612 263 22
612 263 22
612 262 24
612 261 19
612 261 19
612 260 19
612 259 30
612 259 30
612 258 30
612 257 27
612 257 27
612 256 27
612 255 29
612 255 29
612 254 36
612 253 36
612 253 36
612 252 38
612 251 38
612 250 42
612 249 41
612 249 41
612 248 41
612 247 38
612 247 38
612 246 38
612 245 35
612 245 35
612 244 35
612 243 43
612 243 43
612 242 41
612 241 41
612 241 41
612 240 50
612 239 50
612 239 50
611 238 35
611 237 39
611 237 39
611 236 39
611 235 40
611 235 40
610 233 40
610 233 40
610 231 47
609 231 47
609 231 47
609 230 47
609 229 47
609 229 47
608 229 27
608 227 33
607 227 33
607 226 43
607 225 47
606 225 34
606 225 34
606 224 34
605 223 47
605 223 47
605 222 47
604 221 37
604 221 37
603 220 21
603 219 53
603 219 53
602 219 53
601 218 53
601 217 53
601 217 53
601 217 53
600 217 53
599 217 44
599 217 44
598 216 61
597 216 61
597 216 61
596 217 41
595 218 41
595 219 23
595 220 21
595 221 21
595 221 21
595 222 8
594 222 27
594 223 27
594 224 27
594 225 27
594 225 27
594 226 31
594 227 37
594 228 37
594 229 32
594 229 32
594 230 32
594 231 30
593 231 30
593 231 30
593 232 25
593 233 25
593 233 25
593 234 22
593 235 22
593 235 22
593 236 15
593 237 15
593 237 15
593 238 7
593 239 6
593 239 6
593 240 6
593 241 0
593 241 0
593 242 0
593 243 0
594 243 0
595 244 0
595 245 0
595 245 0
595 246 16
596 247 16
597 247 6
597 247 6
597 248 25
597 249 25
598 249 25
599 249 9
599 250 18
599 250 18
599 251 31
600 251 17
601 252 17
601 253 26
601 254 26
602 254 10
603 255 19
603 255 19
603 256 33
603 256 33
603 257 33
603 257 33
604 257 17
604 258 25
604 259 25
605 259 27
605 260 27
605 261 27
605 261 27
605 262 30
605 263 25
605 263 25
605 264 25
606 265 17
606 265 17
606 266 17
606 267 11
606 267 11
606 268 15
606 269 15
606 269 15
606 270 18
606 271 18
606 271 18
606 272 11
606 273 7
606 273 7
606 274 7
606 275 7
606 275 7
606 276 7
606 277 7
606 277 7
605 277 7
605 278 7
605 279 3
605 279 3
605 280 3
605 281 3
604 281 7
604 282 5
604 283 5
604 283 5
603 284 15
603 285 13
603 285 13
603 286 13
602 287 11
602 287 11
602 288 11
601 289 20
601 289 20
601 290 20
601 291 17
601 291 17
601 292 10
600 293 10
600 293 10
600 294 11
600 295 11
599 295 20
599 296 21
599 297 12
599 297 12
598 298 13
598 299 10
597 299 10
597 300 10
597 301 20
597 301 20
597 301 20
596 301 10
596 303 20
595 303 20
595 303 20
595 304 17
595 305 17
594 305 10
594 306 25
593 306 25
593 307 25
593 307 25
592 308 43
591 309 59
591 309 59
591 310 59
590 310 59
589 311 77
589 311 77
588 311 77
587 311 80
587 312 80
586 312 79
585 312 79
585 312 79
584 312 74
583 312 74
583 313 78
583 313 78
582 313 78
581 313 82
581 313 82
580 313 82
579 313 87
579 313 87
578 313 87
577 313 82
577 313 82
576 313 82
575 313 83
575 313 83
574 313 81
573 313 81
573 312 76
572 312 72
571 312 72
571 312 72
570 312 71
569 312 75
569 311 75
568 311 75
567 311 76
567 311 76
566 311 76
565 310 71
564 310 71
563 310 67
563 309 67
562 309 77
561 309 77
561 309 77
561 309 77
560 309 88
559 308 78
559 307 66
559 307 66
559 307 66
558 306 72
557 306 75
557 305 67
557 304 67
557 303 57
557 303 57
557 302 41
556 301 41
555 301 45
555 301 45
555 300 44
555 299 44
555 299 44
555 298 48
555 297 48
555 297 48
555 296 38
555 295 41
555 295 41
555 294 41
555 293 35
555 293 35
555 292 35
555 291 39
555 290 33
556 289 38
556 288 28
557 287 28
557 287 28
557 286 24
558 285 28
558 285 28
559 284 24
559 283 18
559 283 18
560 282 18
560 281 7
561 281 19
561 280 19
561 279 15
561 279 15
562 277 9
563 277 17
563 277 17
563 276 9
563 275 9
563 275 9
563 274 4
563 273 4
564 273 24
564 273 24
564 272 22
564 271 28
564 271 28
564 270 28
564 269 28
565 269 28
565 268 28
565 267 29
565 267 29
565 266 37
565 265 37
565 265 37
565 264 34
565 263 34
565 262 34
565 261 24
565 261 24
565 260 24
565 259 28
565 259 28
565 258 28
565 257 39
565 257 39
565 256 39
565 255 42
565 255 42
565 254 38
565 253 38
565 253 38
565 252 35
565 251 35
565 251 35
565 249 41
565 249 41
565 248 41
565 247 44
565 247 44
565 246 44
565 245 48
565 245 48
565 244 48
565 243 51
565 243 51
565 242 61
565 241 61
565 241 61
565 240 53
565 239 53
564 237 38
564 237 38
563 236 25
563 235 29
563 234 29
563 233 28
563 233 28
563 232 28
563 231 21
563 231 21
563 230 19
563 229 19
563 229 19
563 228 21
563 227 21
562 227 15
562 226 9
562 225 2
562 224 2
562 223 0
562 223 0
562 222 0
562 221 7
562 221 7
562 220 7
562 219 9
562 219 9
562 218 5
562 217 5
562 217 5
563 216 0
563 215 0
563 215 0
563 215 0
563 214 0
563 213 0
564 213 0
565 213 0
565 212 0
565 211 0
566 211 3
567 211 3
567 210 3
568 209 8
569 209 8
570 209 20
571 209 31
571 209 31
571 209 31
572 209 31
573 209 39
573 209 39
574 208 20
575 207 30
575 207 30
577 207 38
578 207 40
579 206 38
579 205 38
580 205 33
581 205 33
581 204 26
582 204 23
582 203 23
583 203 27
583 203 27
584 202 24
584 201 10
585 201 14
585 201 14
585 201 14
586 199 0
587 199 9
587 198 9
587 197 7
587 197 7
587 196 1
587 195 1
587 195 1
587 194 0
587 193 0
587 193 0
587 192 7
587 191 7
587 191 7
587 191 7
Stop
