New Slice
Start
565 360 24
565 360 24
564 360 24
563 360 8
563 360 8
562 360 4
561 360 4
561 360 4
560 360 6
559 360 6
558 360 8
557 360 0
557 360 0
556 360 0
555 360 0
555 360 0
554 360 0
553 360 0
553 360 0
552 360 0
551 360 0
551 360 0
550 360 0
549 360 0
549 360 0
548 360 0
547 360 0
547 360 0
546 360 0
545 360 0
545 360 0
544 360 0
543 360 0
543 360 0
542 360 0
541 360 1
541 360 1
540 360 1
539 360 11
539 360 11
538 360 19
537 360 19
537 360 19
536 360 28
535 360 28
535 360 28
534 360 29
533 360 39
533 360 39
532 360 39
531 359 55
531 359 55
530 359 55
529 358 52
529 358 52
528 357 52
527 357 58
527 357 58
527 356 30
526 356 37
525 355 30
525 355 30
524 354 49
524 353 33
523 353 33
523 353 33
523 352 33
523 351 24
523 351 24
523 350 24
523 349 14
523 349 14
523 348 1
523 347 1
523 347 1
523 346 12
522 346 25
522 345 25
522 345 25
522 344 20
522 343 13
522 343 13
522 342 13
522 341 18
522 341 18
522 340 18
522 339 18
522 339 18
522 338 18
522 337 22
522 337 22
522 336 27
522 335 27
522 335 27
522 334 27
522 333 27
522 333 27
522 332 33
522 331 39
522 331 39
522 330 39
522 329 44
522 329 44
522 328 44
522 327 31
523 327 8
523 327 8
523 326 8
523 325 20
523 325 20
523 324 19
523 323 19
523 323 19
523 322 7
523 321 7
523 321 7
524 320 7
524 319 16
524 319 16
524 318 16
524 317 24
524 317 24
524 316 24
524 315 17
524 315 17
524 314 19
524 313 19
524 313 19
524 312 16
524 311 16
524 311 16
524 310 21
524 309 21
524 309 21
524 308 16
524 307 7
524 307 7
524 306 7
524 305 0
524 305 0
524 304 0
524 303 7
524 303 7
524 302 3
524 301 3
524 301 3
524 300 0
524 299 0
524 299 0
524 298 6
524 297 6
524 297 6
524 296 0
524 295 6
524 295 6
524 294 6
524 293 8
524 293 8
524 292 8
524 291 13
524 291 13
524 290 12
524 289 12
524 289 12
524 288 10
524 287 10
524 287 10
524 286 17
524 285 17
525 284 0
525 283 0
525 283 0
525 282 0
525 281 7
525 281 7
525 280 7
525 279 21
525 279 21
525 278 25
526 277 25
526 277 25
526 276 29
527 275 13
527 275 13
527 274 30
528 273 10
528 273 10
529 273 10
529 272 28
529 271 27
530 270 8
530 269 14
530 269 14
530 268 14
531 268 14
531 267 31
531 267 31
531 267 31
531 266 45
532 266 26
533 265 26
533 265 26
533 265 26
533 264 38
533 263 38
533 263 38
533 262 22
533 261 26
533 261 26
533 261 26
532 260 26
532 259 11
532 259 11
531 259 34
531 258 34
531 257 27
531 257 27
531 256 27
531 255 21
530 255 21
530 254 10
530 253 10
529 253 38
529 252 38
529 251 38
529 251 38
529 250 29
529 249 12
529 249 12
529 248 12
529 247 15
529 247 15
529 245 14
529 245 14
529 244 14
529 243 21
529 243 21
529 242 9
529 241 9
529 241 9
529 240 25
529 239 25
529 239 25
529 238 21
529 237 8
529 237 8
529 236 8
529 235 16
529 235 16
529 234 16
529 233 18
529 233 18
529 232 18
529 231 10
529 231 10
529 230 3
529 229 3
529 229 3
529 228 1
529 227 1
529 226 0
529 225 0
529 225 0
529 224 0
529 223 0
529 223 0
529 222 0
528 221 0
528 221 0
527 219 11
527 219 11
527 218 0
527 217 0
527 217 0
527 216 0
527 215 0
527 215 0
527 214 0
527 214 0
527 213 0
527 213 0
527 212 0
527 211 0
527 211 0
527 210 0
527 209 0
527 209 0
526 208 31
526 207 31
526 207 31
526 206 29
526 205 29
526 205 29
527 204 0
527 203 0
527 203 0
528 203 0
529 203 0
529 203 0
529 203 0
530 204 0
531 204 0
531 205 0
531 205 0
531 205 0
533 206 4
533 207 14
533 207 14
533 208 14
533 209 15
533 209 15
533 210 1
533 211 1
533 211 1
533 212 3
533 213 3
534 213 31
534 214 34
534 215 35
534 215 35
534 216 35
534 217 33
534 217 33
534 218 33
534 219 36
534 219 36
534 220 23
535 221 48
535 221 48
535 222 41
535 223 41
535 223 41
535 225 46
535 225 46
535 226 42
535 227 43
535 227 43
535 228 43
535 229 39
535 229 39
535 230 39
535 231 42
535 231 42
535 232 27
535 233 27
535 233 27
535 234 25
535 235 25
535 235 25
535 236 26
535 237 26
535 237 26
535 238 22
535 239 21
535 239 21
535 240 21
535 241 14
535 242 14
535 243 9
535 243 9
535 244 0
536 245 0
536 245 0
537 246 28
537 247 28
537 247 28
537 248 25
538 249 25
539 249 27
539 250 23
539 251 6
540 251 18
540 252 18
541 252 18
541 253 0
541 253 0
542 253 5
542 254 5
543 254 5
543 254 5
544 254 22
544 255 0
545 255 0
545 255 0
545 255 0
546 255 7
547 255 22
547 255 22
548 255 22
549 255 29
549 255 29
550 255 29
551 255 30
551 255 30
552 255 34
553 255 34
553 255 34
554 255 36
555 255 36
555 255 36
556 255 33
557 255 33
558 255 25
559 255 11
559 254 19
560 254 19
560 253 19
560 253 19
561 252 17
561 251 17
561 251 17
561 250 17
561 249 19
561 249 19
561 248 19
561 247 16
561 247 16
561 246 16
561 245 18
561 245 18
561 244 18
561 243 16
561 243 16
561 242 1
561 241 1
561 241 1
561 240 0
561 239 0
561 239 0
561 239 0
561 238 0
561 237 0
560 237 1
560 237 1
560 236 1
559 236 1
559 235 0
559 235 0
559 234 0
559 233 0
558 233 0
558 232 0
558 231 0
558 231 0
558 230 0
557 230 6
557 229 6
557 228 0
557 227 0
556 227 0
555 226 0
555 225 0
555 225 0
555 224 0
554 224 0
554 223 0
553 223 0
553 223 0
553 222 0
553 221 0
553 221 0
553 220 0
553 219 7
553 219 7
553 218 30
553 218 30
554 218 41
555 218 41
555 219 18
555 219 18
556 219 46
556 220 15
557 220 15
557 221 15
558 221 43
558 221 43
559 221 64
559 222 47
559 223 47
559 223 47
559 224 18
560 225 18
561 225 48
561 226 10
561 227 0
562 227 0
563 227 12
563 228 12
563 229 0
563 229 0
563 230 0
563 231 0
564 231 16
564 231 16
565 231 16
565 232 3
565 233 3
565 233 3
565 234 2
565 235 2
566 235 22
566 236 12
566 237 12
566 237 12
566 238 0
567 239 0
567 239 0
567 240 0
567 241 0
567 241 0
567 242 0
567 243 0
567 243 0
567 244 0
567 245 0
567 245 0
567 246 0
567 247 0
567 247 0
567 248 0
567 249 0
567 249 0
567 250 0
567 251 0
567 251 0
567 252 0
567 253 0
567 253 0
567 255 0
567 255 0
567 256 0
567 257 0
567 257 0
567 258 0
567 259 0
567 259 0
568 260 9
568 261 9
568 261 9
569 262 0
569 262 0
569 263 0
570 264 0
570 265 0
571 265 1
571 265 1
571 266 1
572 267 0
572 267 0
573 268 0
573 268 0
573 269 0
574 269 0
574 269 0
575 270 0
575 271 0
575 271 0
576 271 17
576 272 7
577 273 0
577 273 0
578 273 7
579 273 7
579 274 7
579 275 3
580 275 22
580 276 22
580 277 20
580 277 20
580 278 20
579 278 1
579 279 0
579 279 0
579 280 5
579 281 5
578 281 5
577 281 0
577 282 7
577 282 7
577 283 7
576 283 7
576 283 7
575 284 18
575 284 18
574 284 5
573 284 5
573 283 0
572 283 0
571 283 0
571 283 0
570 282 3
569 281 0
569 281 0
568 281 0
568 281 0
567 281 19
566 281 19
565 281 39
564 281 39
563 281 49
563 281 49
562 281 55
561 281 55
561 281 55
560 281 55
559 281 55
559 281 55
558 281 50
557 281 47
557 281 47
556 281 47
555 281 44
555 281 44
554 281 44
553 281 36
553 281 36
552 281 36
551 281 25
551 281 25
550 281 6
550 281 6
549 281 6
549 282 30
548 282 15
548 283 15
547 283 15
547 283 15
547 283 15
546 284 25
546 285 35
546 285 35
545 285 14
545 286 14
545 287 27
545 287 27
544 287 27
544 288 27
543 289 17
543 289 17
543 289 17
543 290 17
542 291 29
542 291 29
542 292 32
541 292 14
541 293 14
541 293 14
541 294 22
541 295 22
541 295 22
541 296 25
541 297 41
540 297 41
540 298 41
540 299 39
540 299 39
539 300 17
539 301 29
539 301 29
539 302 29
539 303 37
539 303 37
539 304 41
539 305 41
539 305 41
539 306 38
539 307 38
539 307 38
539 308 46
538 309 28
538 309 28
538 310 28
538 311 28
538 311 28
538 312 28
538 313 26
538 313 26
538 314 26
538 315 24
538 315 24
538 316 27
538 317 27
538 317 27
538 318 33
538 319 33
538 319 33
538 320 31
538 321 27
538 321 27
538 322 27
538 323 22
537 323 22
537 324 22
537 325 33
537 325 33
537 326 29
537 327 29
537 327 29
537 328 27
537 329 27
537 329 27
537 330 28
537 331 28
537 331 28
537 332 37
537 333 30
537 333 30
537 334 30
537 335 27
537 335 27
537 336 27
537 337 25
537 337 25
537 338 7
537 339 7
537 339 7
537 340 0
537 341 0
537 341 0
537 342 0
537 343 0
538 343 0
539 343 11
539 343 11
540 344 17
541 344 17
541 345 0
541 345 0
543 345 21
543 345 21
543 346 21
545 347 25
545 347 25
546 347 43
547 347 55
547 347 55
548 348 55
549 348 60
549 349 53
549 349 53
550 349 53
551 349 54
551 350 41
552 351 44
552 351 44
553 351 44
553 351 44
553 352 51
554 352 63
554 353 63
555 353 63
555 353 63
556 353 70
556 354 73
557 354 73
557 355 73
557 355 73
558 355 62
558 356 56
559 356 58
559 357 22
560 357 22
561 357 20
561 357 20
562 358 20
563 358 19
563 358 19
564 358 24
565 359 24
565 359 24
565 359 24
Stop
New Slice
Start
565 359 24
565 360 24
564 360 24
563 360 8
563 360 8
562 361 40
561 361 40
561 361 40
560 361 40
559 361 40
559 361 40
558 361 40
557 361 33
557 361 33
556 361 33
555 361 21
555 361 21
554 361 21
553 361 12
553 361 12
552 361 12
551 361 9
551 361 9
550 361 11
549 361 11
549 361 11
548 361 5
547 361 5
547 361 5
546 361 12
545 361 30
545 361 30
544 361 30
543 361 35
543 361 35
542 361 35
541 361 28
541 361 28
540 361 28
539 361 29
539 361 29
538 361 39
537 361 39
537 361 39
536 360 28
535 360 28
535 359 28
535 359 28
534 359 29
534 358 0
533 357 13
533 357 13
532 356 0
531 356 0
531 356 0
531 355 0
530 355 0
530 355 0
529 355 0
529 354 0
529 354 0
528 354 0
527 353 0
527 353 0
526 352 12
525 351 5
525 351 5
525 351 5
524 350 24
524 349 14
523 349 14
523 349 14
523 348 1
523 347 1
523 347 1
523 347 1
523 346 12
523 345 12
523 345 12
523 344 1
523 343 0
523 343 0
523 342 0
523 341 10
523 341 10
523 340 10
523 339 3
523 338 3
523 337 4
523 337 4
523 336 11
523 335 11
523 335 11
523 334 9
523 333 9
523 333 9
523 332 6
523 331 12
524 331 12
524 330 12
524 329 7
524 329 7
524 328 7
524 327 8
524 326 8
524 325 20
524 325 20
524 324 19
524 323 19
524 322 7
524 321 7
524 320 7
524 319 16
524 319 16
524 318 16
524 317 24
524 317 24
524 316 24
524 315 17
524 315 17
524 314 19
524 313 19
524 312 16
524 311 16
524 309 21
524 309 21
524 308 16
524 307 7
524 306 7
524 305 0
524 305 0
524 304 0
524 303 7
524 303 7
524 302 3
524 301 3
524 301 3
524 300 0
524 299 0
524 299 0
524 298 6
524 297 6
524 297 6
524 296 0
524 295 6
524 295 6
524 294 6
524 293 8
524 292 8
524 291 13
524 291 13
524 290 12
524 289 12
524 289 12
524 288 10
524 287 10
524 287 10
524 286 17
524 285 17
524 285 17
524 284 15
524 283 18
525 283 0
525 282 0
525 281 7
525 281 7
525 280 7
525 279 21
525 279 21
526 278 25
526 277 25
527 277 8
527 276 13
527 275 13
527 275 13
527 274 30
527 273 30
528 273 10
528 273 10
529 272 28
529 271 27
529 271 27
529 271 27
529 270 27
529 269 37
530 269 14
531 268 14
531 267 31
531 267 31
531 266 45
531 265 45
531 265 45
532 264 38
532 263 38
533 263 38
533 262 22
533 261 26
533 261 26
533 260 26
533 259 11
533 259 11
533 258 11
532 258 11
532 257 6
532 256 6
531 255 21
531 255 21
531 254 10
531 253 10
530 253 10
530 252 16
530 251 16
530 251 16
530 250 13
530 249 0
530 248 0
530 247 0
530 247 0
529 246 15
529 245 14
529 244 14
529 243 21
529 243 21
529 242 9
529 241 9
529 241 9
529 240 25
529 239 25
529 239 25
529 238 21
529 237 8
529 237 8
529 236 8
529 235 16
529 235 16
529 234 16
529 233 18
529 233 18
529 232 18
529 231 10
529 231 10
529 230 3
529 229 3
529 229 3
529 228 1
529 227 1
529 227 1
529 227 1
529 226 0
529 225 0
529 225 0
528 225 0
528 224 0
528 223 0
528 222 0
528 221 0
528 221 0
528 220 0
528 219 0
528 219 0
528 218 0
528 217 0
528 217 0
528 216 0
528 215 0
528 215 0
528 214 0
528 213 0
528 213 0
528 212 0
528 211 0
528 211 0
528 210 0
528 209 0
529 209 0
529 208 0
529 208 0
530 208 0
531 208 0
531 208 0
531 209 0
531 209 0
531 210 0
532 211 1
532 211 1
532 212 3
532 213 3
532 213 3
532 214 10
533 214 10
533 215 8
533 215 8
533 216 8
533 217 6
533 217 6
533 218 6
533 219 0
533 219 0
533 220 0
533 221 0
533 221 0
534 222 25
534 223 25
534 224 28
534 225 28
534 225 28
534 226 27
534 227 29
534 227 29
535 228 43
535 229 39
535 229 39
535 230 39
535 231 42
535 231 42
535 232 27
535 233 27
535 233 27
535 235 25
535 235 25
536 236 26
536 237 26
536 237 26
536 239 21
536 239 21
536 240 21
536 241 14
537 241 45
537 241 45
537 243 37
537 243 37
537 244 31
537 244 31
537 245 31
537 245 31
537 246 28
538 247 28
538 247 28
539 248 27
539 249 27
539 249 27
540 250 36
541 251 18
541 251 18
542 251 28
542 252 28
543 252 28
543 252 28
544 253 22
545 253 22
545 253 22
546 253 35
547 253 43
548 254 43
549 254 48
549 254 48
550 254 48
551 255 30
551 255 30
552 255 34
553 255 34
553 255 34
554 255 36
555 255 36
555 255 36
556 255 33
557 255 33
557 255 33
558 255 25
559 255 11
559 255 11
559 254 19
560 254 19
561 253 7
561 253 7
561 252 17
561 251 17
561 251 17
561 250 17
561 250 17
561 249 19
561 249 19
561 248 19
561 247 16
561 247 16
561 246 16
561 245 18
561 245 18
561 244 18
561 243 16
561 243 16
561 242 1
561 241 1
561 241 1
561 239 0
561 239 0
561 238 0
561 237 0
561 237 0
561 237 0
561 236 0
561 235 0
560 235 0
560 234 0
559 233 0
559 233 0
559 233 0
558 232 0
557 231 19
557 231 19
557 231 19
556 230 6
555 230 26
555 229 26
555 229 26
554 228 12
553 228 33
553 227 33
553 227 33
553 227 33
552 226 0
551 226 21
551 225 7
551 225 7
551 224 7
551 223 7
551 223 7
551 222 7
551 221 4
551 221 4
551 220 4
551 219 15
552 219 7
553 219 7
553 219 7
554 219 18
555 219 18
555 219 18
555 220 0
556 220 15
557 221 15
557 221 15
557 222 0
558 223 17
559 223 47
559 224 18
559 225 18
559 225 18
559 226 0
560 226 0
561 227 0
561 227 0
561 228 0
562 229 0
563 229 0
563 230 0
563 231 0
564 231 16
565 232 3
565 233 3
565 233 3
566 234 22
567 234 22
567 235 22
567 235 22
567 236 12
568 237 35
568 237 35
568 238 32
568 239 23
568 239 23
569 239 23
569 240 23
569 241 20
569 241 20
569 242 20
569 243 16
569 243 16
569 244 8
569 245 8
569 245 8
569 246 0
569 247 0
569 247 0
569 248 1
569 249 1
569 249 1
569 250 6
569 251 0
569 251 0
569 252 0
569 253 0
569 253 0
569 254 0
569 255 0
569 255 0
569 256 6
569 257 6
569 257 6
569 258 12
569 259 12
569 259 12
569 260 9
569 261 9
569 261 9
569 262 0
570 263 0
570 263 0
570 264 0
571 265 1
571 265 1
571 266 1
572 267 0
572 267 0
573 267 4
573 268 0
574 269 0
575 269 10
575 270 0
575 270 0
576 271 17
577 271 17
577 272 7
577 272 7
578 273 7
579 274 7
579 275 3
579 275 3
580 276 22
580 277 20
580 277 20
580 278 20
580 279 15
580 279 15
580 280 24
579 280 5
579 281 5
579 281 5
579 281 5
578 281 5
578 282 24
577 283 7
577 283 7
576 283 7
575 283 0
575 283 0
574 283 0
573 283 0
573 283 0
572 283 0
571 283 0
571 283 0
570 282 3
569 281 0
568 280 0
567 280 19
567 279 0
566 279 0
565 279 0
565 279 0
564 279 0
563 279 18
563 279 18
562 279 24
561 279 24
561 278 0
561 278 0
560 278 0
559 278 0
559 278 0
558 278 0
557 278 0
557 278 0
556 278 0
555 278 0
555 278 0
553 278 0
553 279 6
552 279 6
551 279 0
551 279 0
550 279 0
549 280 6
548 281 0
547 281 0
547 282 15
546 282 0
546 283 0
545 283 0
545 284 3
545 284 3
544 285 14
544 286 14
543 287 3
543 287 3
543 288 3
543 289 17
543 289 17
543 290 17
542 290 17
542 291 29
542 291 29
541 293 14
541 293 14
541 294 22
541 295 22
541 295 22
541 296 25
540 297 41
540 298 41
540 299 39
539 299 17
539 300 17
539 301 29
539 301 29
539 302 29
538 303 23
538 304 28
538 305 28
538 305 28
537 306 23
537 307 23
537 308 29
537 309 28
537 309 28
537 310 28
537 311 28
537 311 28
537 312 28
537 313 26
536 313 1
536 314 1
536 315 4
536 315 4
535 316 4
535 317 4
535 317 4
535 318 4
535 319 4
535 319 4
535 320 10
535 321 0
535 321 0
535 322 0
535 323 4
535 323 4
535 324 4
535 325 13
535 325 13
535 326 4
535 327 4
535 327 4
535 328 4
535 329 4
535 329 4
535 330 10
535 331 10
535 331 10
535 332 16
535 333 12
535 333 12
535 334 12
535 335 16
535 335 16
536 336 16
536 337 11
536 337 11
537 337 25
537 338 7
537 339 7
537 340 0
538 340 0
538 341 0
539 341 17
539 342 11
539 342 11
539 343 11
540 343 36
541 344 17
541 345 0
541 345 0
541 346 0
542 347 2
543 349 0
543 349 0
544 350 0
544 351 0
545 351 0
545 352 0
545 353 0
546 353 4
547 353 17
547 354 0
548 354 0
549 354 10
549 354 10
550 354 10
551 354 29
551 354 29
552 354 45
553 354 45
553 354 45
553 355 45
554 355 65
555 355 65
555 355 65
556 355 73
557 355 73
557 355 73
558 355 62
559 355 52
559 356 58
560 356 58
561 356 55
561 356 55
562 356 55
563 357 19
563 357 19
564 357 24
565 357 24
565 358 24
566 359 43
567 359 43
567 360 43
567 360 43
Stop
New Slice
Start
564 361 52
563 361 42
563 361 42
562 361 40
561 361 40
561 361 40
560 361 40
559 361 40
559 361 40
558 361 40
557 361 33
556 361 33
555 361 21
555 361 21
554 361 21
553 361 12
553 361 12
552 361 12
551 361 9
551 361 9
550 361 11
549 361 11
549 361 11
548 361 5
547 361 5
547 361 5
546 361 12
545 361 30
545 361 30
543 361 35
543 361 35
541 361 28
541 360 1
541 360 1
540 360 1
539 360 11
539 360 11
539 359 11
537 359 19
537 359 19
536 359 28
535 359 28
535 359 28
534 358 0
533 358 13
533 358 13
531 357 34
531 357 34
531 357 34
530 357 34
529 356 14
529 355 0
529 355 0
528 355 0
527 354 5
527 353 0
526 353 12
526 352 12
525 352 12
525 351 5
525 351 5
525 351 5
525 350 5
524 349 14
524 349 14
524 348 1
524 347 1
523 346 12
523 345 12
523 345 12
523 345 12
523 344 1
523 343 0
523 343 0
523 342 0
523 341 10
522 341 18
522 341 18
522 340 18
522 339 18
522 339 18
522 338 18
522 337 22
522 337 22
522 336 27
522 335 27
522 335 27
522 334 27
522 333 27
522 333 27
522 332 33
522 331 39
522 331 39
522 329 44
522 329 44
522 327 31
522 327 31
522 326 31
522 325 43
522 325 43
522 324 52
522 323 52
522 323 52
523 323 19
523 322 7
523 321 7
523 321 7
523 320 7
523 319 16
523 319 16
523 317 24
523 317 24
523 316 24
523 315 17
523 315 17
523 314 19
523 313 19
523 313 19
523 312 16
523 311 16
523 311 16
523 310 21
523 309 21
523 309 21
523 308 16
523 307 7
523 307 7
523 306 7
523 305 0
523 305 0
523 304 0
523 303 7
523 303 7
523 302 3
523 301 3
523 301 3
523 300 0
523 299 0
523 299 0
523 298 6
523 297 6
523 297 6
522 297 24
522 296 17
522 295 27
522 295 27
522 294 27
522 293 32
522 293 32
522 292 32
522 291 33
522 291 33
522 290 29
522 289 29
522 289 29
522 288 35
522 287 35
522 287 35
522 286 45
523 285 17
523 285 17
523 284 15
523 283 18
524 283 18
524 282 18
524 281 30
525 281 7
525 280 7
525 279 21
525 279 21
525 278 25
526 278 25
526 277 25
526 277 25
527 276 13
527 275 13
527 275 13
527 274 30
528 274 10
528 273 10
529 273 10
529 272 28
530 271 8
530 271 8
531 271 8
531 270 8
531 270 8
531 269 14
532 269 0
532 268 0
533 268 0
533 267 11
533 267 11
533 266 26
533 266 26
534 265 1
534 264 8
534 263 8
534 262 4
533 262 22
533 261 26
533 261 26
533 260 26
533 259 11
532 258 11
531 258 34
531 257 27
531 256 27
531 256 27
531 255 21
531 255 21
530 255 21
530 254 10
529 253 38
529 253 38
529 252 38
529 251 38
529 251 38
529 250 29
529 249 12
529 249 12
528 248 12
528 247 15
528 247 15
528 246 15
528 245 14
528 245 14
528 244 14
527 244 33
527 243 30
527 243 30
527 242 24
527 241 24
527 241 24
527 240 32
527 239 32
527 239 32
527 239 32
527 238 34
527 237 23
527 237 23
527 236 23
527 235 22
527 235 22
527 234 22
527 233 33
526 233 45
526 232 45
526 231 45
526 231 45
526 230 42
526 229 42
526 229 42
526 228 42
526 227 42
526 227 42
526 226 41
526 225 33
526 225 33
526 224 33
526 223 35
526 223 35
526 222 35
526 221 36
526 221 36
526 220 36
526 219 29
526 219 29
526 218 25
526 217 25
526 217 25
526 216 26
526 215 26
526 215 26
526 214 28
526 213 26
526 213 26
526 212 26
526 211 29
526 211 29
526 210 29
526 209 25
526 209 25
526 208 31
526 207 31
526 207 31
527 207 0
527 207 0
528 207 0
529 207 0
529 207 0
529 207 0
530 207 0
531 208 0
531 209 0
531 209 0
531 210 0
531 211 0
531 211 0
531 212 0
531 213 0
531 213 0
532 213 3
532 214 10
533 215 8
533 215 8
533 216 8
533 217 6
533 217 6
533 217 6
533 218 6
533 219 0
533 219 0
533 220 0
533 221 0
533 221 0
533 222 3
533 223 3
534 223 25
534 224 28
534 225 28
534 225 28
534 226 27
534 227 29
535 227 43
535 228 43
535 229 39
535 229 39
535 230 39
535 231 42
535 231 42
535 232 27
535 233 27
535 233 27
535 234 25
535 235 25
535 235 25
535 236 26
535 237 26
535 237 26
535 237 26
535 238 22
535 239 21
535 239 21
535 240 21
535 241 14
535 241 14
535 242 14
536 242 14
536 243 9
536 243 9
536 244 0
537 245 31
537 246 28
537 247 28
537 247 28
537 248 25
537 249 25
538 249 25
539 250 23
539 251 6
539 251 6
540 252 18
541 252 18
541 253 0
541 253 0
542 253 5
543 254 5
543 254 5
544 255 0
545 255 0
545 255 0
546 255 7
547 255 22
547 256 0
547 256 0
548 256 0
549 256 0
549 256 0
550 256 0
551 256 0
551 256 0
552 256 0
553 256 0
553 256 0
554 256 0
555 256 0
555 256 0
556 256 0
557 256 0
557 256 0
558 256 0
559 256 0
559 256 0
560 256 0
561 255 0
561 255 0
561 254 7
561 254 7
561 253 7
561 253 7
561 252 17
561 251 17
561 251 17
561 250 17
562 249 19
562 249 19
562 248 19
562 247 16
562 247 16
562 246 16
562 245 18
562 245 18
562 244 18
562 243 16
562 243 16
562 242 1
562 241 1
562 240 0
562 239 0
561 239 0
561 238 0
561 237 0
561 237 0
561 236 0
561 235 0
560 235 0
560 234 0
560 233 0
559 233 0
559 233 0
559 232 0
558 231 0
558 231 0
557 231 19
557 230 6
557 230 6
557 229 6
556 229 6
555 229 26
555 228 12
555 228 12
555 227 12
555 227 12
554 227 12
553 226 0
553 225 0
553 225 0
553 224 0
552 224 0
552 223 0
551 223 7
551 223 7
551 222 7
551 221 4
551 221 4
552 220 0
553 220 0
553 220 0
554 220 0
555 220 0
555 220 0
556 220 15
556 221 15
557 221 15
557 221 15
557 221 15
557 222 0
557 223 0
558 223 17
559 223 47
559 224 18
559 224 18
559 225 18
559 225 18
560 225 18
561 226 10
561 227 0
562 227 0
562 228 0
563 228 12
563 229 0
563 229 0
563 229 0
563 230 0
564 230 29
564 231 16
564 231 16
565 231 16
565 232 3
565 233 3
565 233 3
565 234 2
566 235 22
566 235 22
566 236 12
566 237 12
566 237 12
566 238 0
566 239 0
567 239 0
567 240 0
567 241 0
567 241 0
567 243 0
567 243 0
567 244 0
567 245 0
567 245 0
568 246 0
568 247 0
568 247 0
568 248 1
568 249 1
568 249 1
568 250 6
568 251 0
568 251 0
568 252 0
569 253 0
569 253 0
569 254 0
569 255 0
569 256 6
569 257 6
569 257 6
569 258 12
569 259 12
570 259 25
570 260 28
570 261 28
571 261 27
571 261 27
571 262 22
571 263 9
572 263 9
572 263 9
573 263 23
573 264 23
573 265 23
573 265 23
574 266 23
574 267 4
574 267 4
575 267 24
575 268 10
575 269 10
575 269 10
575 269 10
576 269 28
576 270 17
577 270 17
577 271 17
577 271 17
577 271 17
577 272 7
578 273 7
578 273 7
579 274 7
579 275 3
579 275 3
579 276 3
579 277 1
579 277 1
579 277 1
579 278 1
579 279 0
579 279 0
579 280 5
579 281 5
579 281 5
579 282 24
579 283 24
578 283 24
577 283 7
577 283 7
577 283 7
576 283 7
575 283 0
575 283 0
574 283 0
573 283 0
573 283 0
572 283 0
571 283 0
571 283 0
571 283 0
569 283 15
569 283 15
568 282 15
567 281 19
566 281 19
565 281 39
565 281 39
564 281 39
563 280 49
563 280 49
562 279 24
561 279 24
561 279 24
560 279 25
559 279 25
559 279 25
558 279 20
557 280 47
556 280 47
555 281 44
554 281 44
553 281 36
553 282 60
552 282 60
551 283 50
551 283 50
550 283 30
549 283 30
549 284 41
548 284 38
548 285 49
547 285 49
547 285 49
546 285 35
545 286 14
545 286 14
545 287 27
544 287 27
543 288 3
543 288 3
543 289 17
542 289 17
542 289 17
541 290 0
541 291 13
540 291 13
540 292 14
539 293 0
539 293 0
539 294 0
538 294 0
538 295 0
538 295 0
537 297 4
537 297 4
537 298 4
536 299 0
536 299 0
536 300 0
535 301 0
535 301 0
535 302 0
535 303 0
535 303 0
535 304 3
535 305 3
535 305 3
535 306 0
535 307 0
535 307 0
535 308 10
535 309 1
535 309 1
535 310 1
535 311 0
535 311 0
535 312 0
535 313 1
535 313 1
535 314 1
535 315 4
535 315 4
535 316 4
535 317 4
535 317 4
535 318 4
535 319 4
535 319 4
535 320 10
535 321 0
535 321 0
535 322 0
535 323 4
535 324 4
535 325 13
535 325 13
536 326 4
536 327 4
536 327 4
536 328 4
536 329 4
536 329 4
537 330 28
537 331 28
537 331 28
537 332 37
537 332 37
537 333 30
537 333 30
538 334 30
538 335 27
538 336 27
539 337 44
539 337 44
539 338 31
539 339 31
539 339 31
540 340 40
541 341 40
541 341 40
541 342 36
541 343 36
541 343 36
542 343 51
542 344 37
542 345 21
542 345 21
543 345 21
543 346 21
543 347 2
543 347 2
543 348 2
544 348 25
545 349 14
545 349 14
545 350 0
545 350 0
545 351 0
545 351 0
546 351 22
547 352 17
547 353 17
547 353 17
548 353 17
549 353 31
549 353 31
549 354 10
550 354 10
551 354 29
551 354 29
551 355 29
552 355 45
553 355 45
553 355 45
553 355 45
554 355 65
555 356 30
555 356 30
556 356 47
557 357 6
557 357 6
558 357 18
559 357 22
559 357 22
560 357 22
561 358 20
561 358 20
562 358 20
563 359 8
563 359 8
564 359 24
565 359 24
565 360 24
565 361 52
566 361 60
567 362 61
567 362 61
Stop
