New Layer
Start
1177 587 20
1177 587 20
1177 587 20
1176 587 16
1176 586 23
1176 586 23
1176 586 23
1176 586 23
1176 586 23
1175 585 26
1175 585 26
1175 585 26
1175 585 26
1175 585 26
1174 585 22
1174 584 31
1174 584 31
1174 584 31
1174 584 31
1174 584 31
1173 584 25
1173 584 25
1173 584 25
1172 584 21
1172 583 29
1172 583 29
1172 583 29
1172 583 29
1172 583 29
1171 583 26
1171 583 26
1171 582 35
1171 582 35
1170 582 32
1170 582 32
1170 582 32
1170 582 32
1170 582 32
1169 582 29
1169 582 29
1169 581 39
1168 581 36
1168 581 36
1168 581 36
1168 581 36
1168 581 36
1167 580 39
1167 580 39
1167 580 39
1166 580 37
1166 580 37
1166 580 37
1166 580 37
1166 580 37
1165 580 32
1165 580 32
1165 580 32
1165 580 32
1165 580 32
1164 579 37
1164 579 37
1164 579 37
1163 579 33
1163 579 33
1163 579 33
1162 579 30
1161 579 26
1161 578 35
1161 578 35
1160 578 33
1160 578 33
1160 578 33
1159 578 29
1159 578 29
1159 578 29
1158 578 26
1158 578 26
1158 578 26
1158 578 26
1158 578 26
1157 578 22
1157 577 31
1156 577 29
1156 577 29
1156 577 29
1155 577 28
1155 577 28
1155 577 28
1154 577 27
1154 577 27
1154 577 27
1153 577 26
1153 577 26
1153 577 26
1152 577 26
1152 577 26
1152 577 26
1151 577 25
1151 577 25
1150 577 24
1150 577 24
1150 577 24
1149 577 22
1149 577 22
1148 577 20
1148 577 20
1148 577 20
1147 577 18
1147 577 18
1146 577 17
1146 577 17
1146 577 17
1145 577 17
1145 577 17
1144 577 17
1144 577 17
1144 577 17
1143 577 18
1143 577 18
1143 577 18
1142 577 20
1142 577 20
1142 577 20
1141 577 23
1141 577 23
1141 577 23
1140 577 24
1140 577 24
1140 577 24
1139 577 24
1139 577 24
1138 577 24
1138 577 24
1138 577 24
1138 577 24
1137 577 24
1137 577 24
1136 577 23
1136 577 23
1136 577 23
1136 577 23
1135 577 22
1135 577 22
1134 577 22
1134 577 22
1134 577 22
1133 577 23
1133 577 23
1132 576 29
1132 576 29
1132 576 29
1131 576 30
1130 576 31
1130 576 31
1130 576 31
1129 576 31
1129 576 31
1129 576 31
1128 576 32
1128 576 32
1128 576 32
1127 576 31
1127 576 31
1127 576 31
1126 576 31
1126 576 31
1126 576 31
1126 576 31
1126 575 35
1125 575 35
1125 575 35
1124 575 35
1124 575 35
1124 575 35
1124 575 35
1124 575 35
1123 575 35
1123 575 35
1123 575 35
1122 575 36
1122 575 36
1122 575 36
1122 575 36
1121 575 39
1121 575 39
1120 575 41
1120 575 41
1120 575 41
1120 575 41
1119 575 41
1119 575 41
1119 575 41
1118 575 42
1118 575 42
1117 575 41
1117 575 41
1117 575 41
1116 575 38
1116 575 38
1116 575 38
1116 575 38
1115 575 38
1115 575 38
1115 575 38
1115 575 38
1114 575 37
1114 575 37
1114 575 37
1114 575 37
1114 576 30
1113 576 30
1113 576 30
1113 576 30
1113 577 24
1112 577 25
1112 577 25
1112 578 20
1112 578 20
1112 578 20
1112 578 20
1112 578 20
1111 579 17
1111 579 17
1111 579 17
1111 579 17
1111 580 14
1111 580 14
1111 580 14
1110 580 16
1110 580 16
1110 580 16
1110 580 16
1110 580 16
1110 580 16
1109 581 16
1109 581 16
1109 581 16
1109 581 16
1108 581 19
1108 581 19
1108 581 19
1108 581 19
1107 581 21
1107 581 21
1106 581 23
1106 581 23
1106 581 23
1106 581 23
1106 581 23
1105 581 25
1105 581 25
1105 581 25
1105 581 25
1104 581 27
1104 581 27
1104 581 27
1104 581 27
1103 581 26
1103 581 26
1103 581 26
1102 581 25
1102 581 25
1102 581 25
1102 580 30
1102 580 30
1102 580 30
1101 580 28
1101 580 28
1101 580 28
1100 580 26
1100 580 26
1100 580 26
1100 580 26
1100 580 26
1100 580 26
1099 580 25
1099 580 25
1099 580 25
1098 580 25
1098 580 25
1098 580 25
1098 580 25
1098 580 25
1097 580 28
1097 580 28
1097 580 28
1097 581 25
1097 581 25
1096 581 27
1096 581 27
1096 581 27
1096 581 27
1096 582 24
1096 582 24
1096 582 24
1096 582 24
1096 582 24
1095 583 25
1095 583 25
1095 583 25
1095 583 25
1095 584 24
1094 584 27
1094 584 27
1094 584 27
1094 584 27
1094 585 26
1093 585 29
1093 585 29
1093 585 29
1093 586 26
1092 586 29
1092 586 29
1092 586 29
1092 586 29
1092 586 29
1091 587 30
1091 587 30
1091 587 30
1091 587 30
1091 588 26
1091 588 26
1090 588 29
1090 588 29
1090 589 25
1090 590 22
1090 590 22
1090 590 22
1090 590 22
1090 591 20
1090 591 20
1090 592 17
1090 592 17
1090 592 17
1090 593 19
1089 594 26
1089 594 26
1089 594 26
1089 594 26
1089 595 28
1089 595 28
1089 595 28
1089 595 28
1089 596 31
1089 596 31
1089 596 31
1089 596 31
1089 597 33
1089 597 33
1089 598 36
1089 598 36
1089 598 36
1089 598 36
1089 598 36
1090 599 33
1090 599 33
1090 599 33
1090 600 37
1090 600 37
1090 600 37
1090 600 37
1090 600 37
1091 601 35
1091 601 35
1091 601 35
1091 601 35
1091 602 37
1092 602 32
1092 602 32
1092 602 32
1092 602 32
1092 602 32
1092 602 32
1092 603 34
1093 603 30
1093 603 30
1093 603 30
1094 604 28
1094 604 28
1094 604 28
1094 604 28
1094 604 28
1094 604 28
1095 604 26
1095 604 26
1095 605 29
1096 605 26
1096 605 26
1096 605 26
1096 605 26
1096 605 26
1096 605 26
1097 605 23
1097 605 23
1097 605 23
1097 606 25
1097 606 25
1098 606 23
1098 606 23
1098 606 23
1098 606 23
1098 606 23
1098 607 23
1099 607 21
1099 607 21
1099 607 21
1099 608 19
1099 608 19
1099 608 19
1099 608 19
1099 609 18
1099 609 18
1099 609 18
1099 609 18
1099 610 16
1099 610 16
1099 610 16
1099 610 16
1099 610 16
1099 611 15
1099 611 15
1099 611 15
1099 611 15
1099 612 14
1098 612 18
1098 612 18
1098 612 18
1098 613 17
1098 613 17
1097 614 19
1097 614 19
1097 614 19
1097 614 19
1097 615 16
1097 615 16
1096 615 21
1096 615 21
1096 615 21
1096 616 16
1096 616 16
1095 616 24
1095 616 24
1095 616 24
1095 616 24
1095 617 18
1094 617 24
1094 617 24
1094 617 24
1094 617 24
1094 618 18
1094 618 18
1094 618 18
1093 618 26
1093 618 26
1093 618 26
1093 619 21
1093 619 21
1093 619 21
1093 620 16
1093 620 16
1093 620 16
1092 621 19
1092 621 19
1092 621 19
1092 622 15
1092 622 15
1092 622 15
1092 622 15
1092 622 15
1092 623 12
1091 623 18
1091 623 18
1091 623 18
1091 624 16
1091 624 16
1091 624 16
1091 624 16
1090 624 21
1090 624 21
1090 625 18
1090 625 18
1090 625 18
1090 626 15
1090 626 15
1090 626 15
1090 626 15
1090 626 15
1089 626 20
1089 627 17
1089 627 17
1089 627 17
1089 627 17
1089 627 17
1089 628 15
1089 628 15
1089 628 15
1089 628 15
1089 629 12
1089 629 12
1088 629 17
1088 630 16
1088 630 16
1088 630 16
1088 630 16
1088 630 16
1088 630 16
1088 631 15
1088 631 15
1087 631 20
1087 631 20
1087 632 19
1087 632 19
1087 632 19
1087 632 19
1087 633 19
1087 633 19
1087 633 19
1087 633 19
1087 634 18
1087 634 18
1087 634 18
1087 634 18
1087 634 18
1087 634 18
1087 635 17
1087 635 17
1087 635 17
1086 635 23
1086 635 23
1086 636 22
1086 636 22
1086 636 22
1086 636 22
1086 636 22
1086 636 22
1086 637 22
1086 637 22
1086 637 22
1086 638 21
1086 638 21
1086 638 21
1086 638 21
1086 639 21
1086 639 21
1086 639 21
1086 639 21
1086 640 21
1086 640 21
1086 640 21
1086 640 21
1086 641 20
1086 641 20
1086 641 20
1086 641 20
1086 642 20
1086 642 20
1086 642 20
1086 643 20
1086 643 20
1086 644 19
1086 644 19
1086 644 19
1085 644 23
1085 644 23
1085 645 22
1085 645 22
1085 645 22
1085 645 22
1085 646 21
1085 646 21
1085 646 21
1085 647 19
1085 647 19
1085 647 19
1085 648 17
1085 648 17
1085 648 17
1085 648 17
1085 648 17
1085 649 15
1085 649 15
1085 649 15
1085 649 15
1085 650 14
1085 650 14
1085 650 14
1085 650 14
1085 651 13
1085 651 13
1085 651 13
1085 651 13
1085 652 12
1085 652 12
1085 652 12
1085 652 12
1085 653 13
1085 653 13
1085 653 13
1085 653 13
1085 654 14
1085 654 14
1085 654 14
1085 654 14
1085 655 16
1085 655 16
1085 655 16
1085 655 16
1085 656 18
1085 656 18
1085 656 18
1085 656 18
1085 656 18
1085 657 18
1085 657 18
1085 657 18
1085 657 18
1085 658 19
1085 658 19
1085 658 19
1085 658 19
1085 658 19
1085 658 19
1085 659 18
1084 659 22
1084 660 20
1084 660 20
1084 660 20
1084 660 20
1084 660 20
1084 660 20
1084 661 17
1084 661 17
1084 661 17
1084 662 14
1083 662 20
1083 662 20
1083 662 20
1083 662 20
1083 663 17
1083 663 17
1083 663 17
1082 663 22
1082 663 22
1082 664 18
1082 664 18
1082 664 18
1082 664 18
1082 664 18
1081 665 20
1081 665 20
1081 665 20
1081 665 20
1081 665 20
1080 665 24
1080 666 18
1080 666 18
1080 666 18
1080 666 18
1080 666 18
1079 666 23
1079 666 23
1079 667 19
1078 667 24
1078 667 24
1078 667 24
1078 667 24
1078 667 24
1078 668 20
1078 668 20
1078 668 20
1077 668 27
1077 668 27
1077 669 24
1077 669 24
1077 669 24
1077 669 24
1077 670 21
1076 670 28
1076 670 28
1076 670 28
1076 671 25
1076 671 25
1076 671 25
1076 671 25
1076 672 21
1076 672 21
1076 672 21
1076 672 21
1075 672 28
Stop
Start
1074 673 31
1074 673 31
1074 673 31
1074 673 31
1074 673 31
1074 673 31
1073 673 36
1073 674 30
1073 674 30
1073 674 30
1072 674 33
1072 674 33
1072 674 33
1072 675 27
1072 675 27
1072 675 27
1072 675 27
1072 675 27
1072 675 27
1071 675 31
1071 676 25
1071 676 25
1071 676 25
1071 676 25
1070 676 28
1070 676 28
1070 676 28
1070 677 23
1070 677 23
1070 677 23
1070 677 23
1070 677 23
1069 677 26
1069 678 22
1069 678 22
1069 678 22
1069 678 22
1068 678 26
1068 679 22
1068 679 22
1068 679 22
1068 679 22
1068 680 18
1068 680 18
1067 680 22
1067 680 22
1067 680 22
1067 680 22
1066 681 21
1066 681 21
1066 681 21
1066 681 21
1066 682 16
1066 682 16
1066 682 16
1065 682 21
1065 682 21
1065 682 21
1065 683 18
1064 683 23
1064 684 20
1064 684 20
1064 684 20
1064 684 20
1064 684 20
1064 684 20
1064 685 17
1063 685 24
1063 685 24
1063 686 20
1063 686 20
1063 686 20
1063 686 20
1063 686 20
1063 687 16
1063 687 16
1063 687 16
1063 687 16
1063 687 16
1063 688 13
1063 688 13
1063 688 13
1063 688 13
1063 688 13
1063 689 9
1063 689 9
1063 689 9
1062 690 13
1062 690 13
1062 690 13
1062 690 13
1062 691 12
1062 691 12
1062 691 12
1062 691 12
1062 692 11
1062 692 11
1062 692 11
1062 693 12
1062 693 12
1062 693 12
1062 693 12
1062 694 15
1062 694 15
1062 694 15
1062 694 15
1062 695 19
1062 695 19
1063 695 14
1063 696 22
1063 696 22
1063 696 22
1063 696 22
1064 696 18
1064 696 18
1064 697 23
1064 697 23
1064 697 23
1065 697 21
1065 697 21
1065 697 21
1065 697 21
1065 698 27
1066 698 24
1066 698 24
1066 698 24
1066 698 24
1066 698 24
1067 698 23
1067 699 27
1067 699 27
1068 699 26
1068 699 26
1068 699 26
1068 700 31
1068 700 31
1069 700 28
1069 700 28
1069 700 28
1070 700 25
1070 700 25
1070 700 25
1070 701 30
1071 701 27
1071 701 27
1071 701 27
1072 701 21
1072 701 21
1072 702 27
1072 702 27
1073 702 22
1073 702 22
1073 703 26
1074 703 18
1074 703 18
1074 703 18
1074 704 22
1074 704 22
1074 704 22
1075 704 15
1075 704 15
1075 704 15
1075 704 15
1075 705 17
1075 705 17
1075 705 17
1075 706 19
1076 706 14
1076 706 14
1076 706 14
1076 707 14
1076 707 14
1076 707 14
1076 707 14
1076 708 14
1076 708 14
1076 708 14
1076 708 14
1076 708 14
1076 709 15
1076 709 15
1076 709 15
1076 709 15
1076 710 15
1076 710 15
1076 710 15
1076 710 15
1076 710 15
1076 711 15
1076 711 15
1076 711 15
1076 711 15
1076 712 16
1076 712 16
1076 712 16
1076 712 16
1076 713 17
1076 713 17
1076 713 17
1076 713 17
1075 713 23
1075 714 24
1075 714 24
1075 714 24
1075 714 24
1075 715 23
1075 715 23
1075 715 23
1075 716 22
1075 716 22
1075 716 22
1075 716 22
1075 716 22
1074 717 27
1074 717 27
1074 717 27
1074 717 27
1074 718 25
1074 718 25
1074 718 25
1074 719 24
1074 719 24
1074 720 22
1074 720 22
1074 720 22
1074 721 21
1074 721 21
1074 721 21
1074 722 20
1073 722 26
1073 722 26
1073 723 25
1073 723 25
1073 724 24
1073 724 24
1073 724 24
1073 724 24
1073 725 23
1073 725 23
1073 726 22
1073 726 22
1073 726 22
1073 727 21
1073 727 21
1072 728 24
1072 728 24
1072 729 23
1072 729 23
1072 730 24
1072 730 24
1072 731 25
1072 731 25
1072 732 25
1072 732 25
1072 732 25
1072 732 25
1072 733 26
1072 733 26
1072 733 26
1072 734 26
1072 734 26
1072 734 26
1072 734 26
1072 735 27
1072 735 27
1072 735 27
1072 735 27
1072 736 28
1072 736 28
1072 736 28
1072 736 28
1072 737 28
1072 737 28
1072 737 28
1072 737 28
1072 738 29
1072 738 29
1072 738 29
1073 738 25
1073 738 25
1073 739 29
1073 739 29
1073 739 29
1073 739 29
1074 739 26
1074 739 26
1074 740 31
1074 740 31
1074 740 31
1075 740 30
1075 740 30
1075 740 30
1075 740 30
1076 740 30
1076 740 30
1076 740 30
1076 740 30
1077 740 31
1077 740 31
1077 740 31
1077 740 31
1078 740 34
1078 740 34
1078 740 34
1078 740 34
1078 740 34
1079 740 37
1079 740 37
1079 740 37
1079 740 37
1079 740 37
1080 740 40
1080 740 40
1080 739 34
1080 739 34
1080 739 34
1080 739 34
1080 739 34
1081 739 36
1081 739 36
1081 738 29
1081 738 29
1082 738 31
1082 738 31
1082 738 31
1082 738 31
1082 738 31
1082 738 31
1083 738 33
1083 737 24
1083 737 24
1083 737 24
1084 737 24
1084 737 24
1084 737 24
1084 737 24
1084 737 24
1085 737 25
1085 736 18
1085 736 18
1085 736 18
1086 736 20
1086 736 20
1086 736 20
1086 736 20
1086 736 20
1087 736 22
1087 736 22
1087 736 22
1088 736 24
1088 736 24
1088 736 24
1088 736 24
1088 736 24
1089 736 25
1089 736 25
1089 736 25
1090 736 28
1090 735 19
1090 735 19
1090 735 19
1091 735 21
1091 735 21
1091 735 21
1091 735 21
1092 735 23
1092 735 23
1092 735 23
1093 735 25
1093 735 25
1094 735 25
1094 735 25
1094 735 25
1094 735 25
1094 735 25
1095 735 25
1095 735 25
1095 735 25
1095 735 25
1096 735 24
1096 735 24
1096 735 24
1096 735 24
1097 735 24
1097 735 24
1097 735 24
1098 735 24
1098 735 24
1098 735 24
1099 735 24
1099 735 24
1099 735 24
1100 735 25
1100 735 25
1100 735 25
1101 735 26
1101 735 26
1101 735 26
1102 735 28
1102 735 28
1102 735 28
1103 735 29
1103 735 29
1104 735 30
1104 735 30
1104 735 30
1104 735 30
1105 735 30
1105 735 30
1106 735 30
1106 735 30
1106 735 30
1106 735 30
1107 735 29
1107 735 29
1107 735 29
1108 735 29
1108 735 29
1108 735 29
1109 735 29
1109 735 29
1109 735 29
1110 735 28
1110 735 28
1110 735 28
1111 735 28
1111 735 28
1111 735 28
1112 735 28
1112 735 28
1112 735 28
1113 735 28
1113 735 28
1113 735 28
1114 735 29
1114 735 29
1115 735 29
1115 735 29
1115 735 29
1116 735 30
1116 734 22
1117 734 23
1117 734 23
1118 734 23
1118 734 23
1119 734 23
1119 734 23
1120 734 23
1120 734 23
1120 734 23
1121 734 22
1121 734 22
1121 734 22
1122 734 22
1122 734 22
1123 734 22
1123 734 22
1124 734 23
1124 733 12
1125 733 13
1125 733 13
1126 733 15
1126 733 15
1126 733 15
1127 733 16
1127 733 16
1127 733 16
1128 733 17
1128 733 17
1128 733 17
1129 733 19
1130 733 21
1130 733 21
1130 733 21
1131 733 22
1131 733 22
1132 733 24
1132 733 24
1132 733 24
1132 733 24
1132 733 24
1133 733 25
1133 733 25
1133 733 25
1134 733 27
1134 733 27
1134 733 27
1135 733 29
1135 733 29
1135 733 29
1136 733 30
1136 733 30
1136 733 30
1136 733 30
1137 733 31
1137 733 31
1137 733 31
1138 733 31
1138 733 31
1138 733 31
1139 733 31
1139 733 31
1139 733 31
1140 733 30
1140 733 30
1140 733 30
1141 733 30
1141 733 30
1142 733 31
1142 733 31
1142 733 31
1142 733 31
1143 733 32
1143 733 32
1143 733 32
1144 733 32
1144 733 32
1144 733 32
1145 733 33
1145 733 33
1145 733 33
1145 733 33
1146 733 34
1146 733 34
1146 732 24
1146 732 24
1146 732 24
1147 732 26
1147 732 26
1147 732 26
1148 732 28
1148 732 28
1148 732 28
1148 732 28
1148 732 28
1149 732 29
1149 732 29
1149 732 29
1150 732 31
1150 732 31
1150 732 31
1150 732 31
1150 732 31
1151 732 33
1151 732 33
1151 732 33
1152 731 26
1152 731 26
1152 731 26
1153 731 27
1153 731 27
1153 731 27
1154 731 28
1154 731 28
1154 731 28
1155 731 30
1155 731 30
1156 731 31
1156 731 31
1156 731 31
1156 731 31
1157 730 22
1157 730 22
1158 730 22
1158 730 22
1158 730 22
1159 730 22
1159 730 22
1159 730 22
1159 730 22
1160 730 21
1160 730 21
1160 730 21
1160 730 21
1160 730 21
1161 730 21
1161 730 21
1161 730 21
1162 730 19
1162 730 19
1162 730 19
1163 730 18
1163 730 18
1163 730 18
1163 730 18
1164 730 16
1164 730 16
1164 730 16
1164 730 16
1165 730 14
1165 730 14
1165 730 14
1165 730 14
1166 730 12
1166 731 18
1166 731 18
1167 731 17
1167 731 17
1167 731 17
1167 731 17
1168 731 15
1168 731 15
1168 731 15
1168 731 15
1168 732 24
1169 732 23
1169 732 23
1169 732 23
1169 732 23
1170 732 22
1170 732 22
1170 732 22
1170 732 22
1170 732 22
1170 732 22
1171 733 30
1171 733 30
1172 733 30
1172 733 30
1172 733 30
1172 733 30
1173 733 30
1173 733 30
1174 733 29
1174 733 29
1174 734 39
1174 734 39
1175 734 38
1175 734 38
1176 734 38
1176 734 38
1176 734 38
1176 734 38
1177 734 37
1177 734 37
1177 734 37
1177 734 37
1178 734 37
1178 734 37
1178 734 37
1178 734 37
1179 734 37
1179 734 37
1179 734 37
1179 734 37
1180 734 38
1180 734 38
1180 734 38
1180 734 38
1180 734 38
1181 734 39
1181 734 39
1181 734 39
1182 734 40
1182 734 40
1182 734 40
1183 734 41
1183 734 41
1183 734 41
1184 734 41
1184 734 41
1184 734 41
1184 734 41
1184 734 41
1185 734 40
1185 734 40
1185 734 40
1186 734 39
1186 734 39
1186 734 39
1186 734 39
1186 734 39
1187 734 37
1187 734 37
1187 734 37
1188 734 36
1188 734 36
1188 734 36
1188 734 36
1188 734 36
1189 734 34
1189 734 34
1189 734 34
1190 734 34
1190 734 34
1190 734 34
1190 734 34
1191 734 35
1191 733 26
1191 733 26
1192 733 26
1192 733 26
1192 733 26
1192 733 26
1192 733 26
1193 732 20
1193 732 20
1193 732 20
1194 732 22
1194 732 22
1194 732 22
1194 732 22
1194 732 22
1194 732 22
1195 732 24
1195 731 15
1195 731 15
1196 731 18
1196 731 18
1196 731 18
1196 731 18
1196 731 18
1196 731 18
1197 731 21
1197 731 21
1197 731 21
1197 731 21
1197 731 21
1198 731 24
1198 731 24
1198 731 24
1199 731 26
1199 731 26
1200 731 26
1200 731 26
1200 731 26
1200 731 26
1200 731 26
1201 731 26
1201 731 26
1201 731 26
1201 731 26
1202 731 23
1202 731 23
1202 731 23
1202 731 23
1203 731 20
1203 731 20
1203 731 20
1203 731 20
1204 731 19
1204 731 19
1204 731 19
1204 731 19
1204 731 19
1205 731 16
1205 731 16
1205 731 16
1205 731 16
1206 731 15
1206 731 15
1206 731 15
1206 731 15
1207 731 17
1207 731 17
1207 732 27
1208 732 29
1208 732 29
1208 732 29
1208 732 29
1209 732 32
1209 732 32
1209 732 32
1209 732 32
1210 732 36
1210 732 36
1210 732 36
1210 732 36
1210 732 36
1211 732 38
1211 732 38
1211 732 38
1211 732 38
1212 732 39
1212 732 39
1212 732 39
1214 732 41
1214 732 41
1214 732 41
1215 732 41
1215 732 41
1215 732 41
1215 732 41
Stop
Start
1215 732 41
1216 732 40
1216 732 40
1216 732 40
1217 732 39
1217 732 39
1217 732 39
1218 732 37
1218 732 37
1218 732 37
1218 732 37
1219 732 35
1219 732 35
1219 732 35
1219 732 35
1220 732 33
1220 732 33
1220 732 33
1220 731 25
1220 731 25
1221 731 25
1221 731 25
1221 731 25
1222 731 27
1222 731 27
1222 731 27
1222 731 27
1222 731 27
1222 731 27
1223 731 28
1223 731 28
1223 731 28
1223 731 28
1224 730 22
1224 730 22
1224 730 22
1225 730 22
1225 730 22
1225 730 22
1226 730 21
1226 730 21
1226 730 21
1226 730 21
1226 730 21
1227 730 18
1227 730 18
1227 730 18
1227 731 26
1228 731 22
1228 731 22
1228 731 22
1228 731 22
1228 731 22
1228 732 32
1228 732 32
1229 732 28
1229 732 28
1229 732 28
1229 732 28
1230 732 25
1230 732 25
1231 732 22
1231 732 22
1231 732 22
1232 732 20
1232 732 20
1232 732 20
1232 732 20
1233 732 20
1233 732 20
1233 732 20
1234 732 21
1234 732 21
1234 732 21
1234 732 21
1235 732 24
1235 732 24
1235 732 24
1235 732 24
1236 732 27
1236 732 27
1236 732 27
1236 731 20
1237 731 23
1237 731 23
1237 731 23
1237 731 23
1237 731 23
1238 731 26
1238 731 26
1238 731 26
1238 731 26
1238 731 26
1239 730 20
1239 730 20
1240 730 22
1240 730 22
1240 730 22
1240 730 22
1241 730 22
1241 730 22
1241 730 22
1241 730 22
1241 730 22
1242 730 22
1242 730 22
1242 730 22
1242 730 22
1243 730 22
1243 730 22
1243 730 22
1244 730 20
1244 730 20
1244 730 20
1244 730 20
1244 730 20
1245 730 19
1245 730 19
1245 730 19
1246 730 19
1246 730 19
1246 730 19
1246 730 19
1246 730 19
1247 730 19
1247 730 19
1248 730 20
1248 730 20
1248 730 20
1248 730 20
1249 730 21
1249 730 21
1249 730 21
1249 730 21
1250 730 23
1250 730 23
1250 730 23
1250 730 23
1251 730 25
1251 730 25
1252 730 27
1252 730 27
1252 730 27
1253 730 28
1253 730 28
1253 730 28
1254 730 29
1254 730 29
1254 730 29
1254 730 29
1255 730 29
1255 730 29
1255 730 29
1255 730 29
1256 730 30
1256 730 30
1256 730 30
1256 730 30
1257 730 30
1257 730 30
1257 730 30
1257 730 30
1258 730 30
1258 730 30
1258 730 30
1258 730 30
1259 730 30
1259 730 30
1259 730 30
1259 730 30
1260 730 30
1260 730 30
1260 730 30
1260 730 30
1260 730 30
1261 730 28
1261 730 28
1261 730 28
1262 730 27
1262 730 27
1262 730 27
1262 730 27
1263 730 26
1263 730 26
1263 730 26
1263 730 26
1264 730 25
1264 730 25
1265 730 24
1265 730 24
1265 730 24
1266 730 24
1266 730 24
1266 730 24
1266 730 24
1267 730 24
1267 730 24
1267 730 24
1268 730 25
1268 730 25
1268 730 25
1268 730 25
1269 730 25
1269 730 25
1269 730 25
1269 730 25
1270 730 25
1270 730 25
1270 730 25
1271 730 25
1271 730 25
1271 730 25
1271 730 25
1272 730 25
1272 730 25
1272 730 25
1272 730 25
1273 730 25
1273 730 25
1274 730 24
1274 730 24
1275 730 24
1275 730 24
1276 730 25
1276 730 25
1276 730 25
1277 730 25
1277 730 25
1278 730 25
1278 730 25
1278 730 25
1278 730 25
1278 730 25
1279 730 24
1279 730 24
1280 730 24
1280 730 24
1280 730 24
1280 730 24
1281 730 24
1281 730 24
1281 730 24
1281 730 24
1282 730 24
1282 730 24
1282 730 24
1282 730 24
1282 730 24
1283 730 24
1283 730 24
1283 731 33
1284 731 32
1284 731 32
1284 731 32
1284 731 32
1285 731 31
1285 731 31
1285 731 31
1286 731 29
1286 731 29
1286 731 29
1286 731 29
1286 731 29
1287 731 29
1287 731 29
1288 731 29
1288 731 29
1288 731 29
1289 731 27
1289 732 34
1289 732 34
1290 732 33
1290 732 33
1290 732 33
1290 732 33
1291 732 32
1291 732 32
1291 732 32
Stop
Start
1262 599 33
1262 599 33
1262 598 31
1262 598 31
1262 598 31
1262 598 31
1262 597 29
1262 597 29
1262 597 29
1262 597 29
1263 596 28
1263 596 28
1263 596 28
1263 596 28
1264 596 30
1264 595 29
1264 595 29
1264 595 29
1264 595 29
1264 595 29
1264 594 28
1264 594 28
1264 594 28
1264 594 28
1264 594 28
1264 593 28
1264 593 28
1264 593 28
1264 592 29
1264 592 29
1264 592 29
1264 592 29
1264 592 29
1264 591 30
1264 591 30
1264 591 30
1264 591 30
1264 590 31
1264 590 31
1264 590 31
1264 590 31
1264 589 33
1264 589 33
1264 589 33
1264 589 33
1264 588 37
1263 588 31
1263 588 31
1263 588 31
1263 588 31
1263 587 35
1262 587 31
1262 587 31
1262 587 31
1262 587 31
1262 587 31
1262 587 31
1262 586 35
1262 586 35
1262 586 35
1261 586 31
1261 586 31
1261 586 31
1261 586 31
1261 586 31
1261 586 31
1260 586 27
1260 585 31
1260 585 31
1260 585 31
1259 585 28
1259 585 28
1259 584 31
1258 584 28
1258 584 28
1258 584 28
1258 584 28
1258 584 28
1257 584 25
1257 584 25
1257 584 25
1256 584 24
1256 584 24
1256 583 27
1256 583 27
1255 583 27
1255 583 27
1254 583 28
1254 583 28
1254 583 28
1254 583 28
1253 583 28
1253 583 28
1253 582 31
1253 582 31
1252 582 30
1252 582 30
1252 582 30
1252 582 30
1252 582 30
1251 582 28
1251 582 28
1251 582 28
1250 582 25
1250 582 25
1250 582 25
1249 582 22
1249 582 22
1249 581 26
1248 581 25
1248 581 25
1248 581 25
1247 581 22
1247 581 22
1246 581 22
1246 580 27
1246 580 27
1245 580 27
1245 580 27
1245 580 27
1244 580 27
1244 580 27
1244 580 27
1244 580 27
1243 580 28
1243 580 28
1243 580 28
1243 580 28
1243 580 28
1242 580 27
1242 580 27
1242 580 27
1241 580 27
1241 580 27
1240 579 32
1240 579 32
1240 579 32
1240 579 32
1239 579 31
1239 579 31
1239 579 31
1239 579 31
1238 579 30
1238 579 30
1238 579 30
1238 579 30
1237 578 35
1237 578 35
1236 578 34
1236 578 34
1236 578 34
1236 578 34
1235 578 33
1235 578 33
1235 578 33
1235 578 33
1234 578 32
1234 578 32
1234 578 32
1234 578 32
1233 578 31
1233 578 31
1233 578 31
1232 577 38
1232 577 38
1232 577 38
1232 577 38
1232 577 38
1231 577 37
1231 577 37
1231 577 37
1231 577 37
1230 577 36
1230 577 36
1230 577 36
1230 577 36
1230 577 36
1229 577 34
1229 577 34
1229 577 34
1228 577 32
1228 577 32
1228 577 32
1228 577 32
1227 577 31
1227 577 31
1227 577 31
1227 577 31
1226 577 30
1226 577 30
1226 576 36
1225 576 33
1225 576 33
1224 576 32
1224 576 32
1224 576 32
1223 576 31
1223 576 31
1222 576 29
1222 576 29
1222 576 29
1221 576 28
1221 576 28
1221 576 28
1220 576 27
1220 576 27
1220 576 27
1220 576 27
1219 576 26
1219 576 26
1218 576 26
1218 576 26
1218 576 26
1218 576 26
1217 576 26
1217 576 26
1217 576 26
1216 576 26
1216 576 26
1216 576 26
1216 576 26
1215 576 26
1215 576 26
1215 576 26
1214 576 27
1213 576 28
1213 576 28
1212 576 30
1212 576 30
1211 576 32
1211 576 32
1210 576 34
1210 576 34
1209 576 36
1209 576 36
1208 576 37
1208 576 37
1207 576 39
1207 576 39
1206 576 40
1206 576 40
1206 576 40
1205 576 42
1205 576 42
1204 576 43
1204 576 43
1203 576 43
1203 576 43
1203 576 43
1202 576 44
1202 576 44
1202 576 44
1202 576 44
1202 576 44
1201 576 44
1201 576 44
1201 576 44
1200 576 44
1200 576 44
1200 576 44
1200 576 44
1200 576 44
1199 577 38
1199 577 38
1199 577 38
1199 577 38
1199 577 38
1198 577 39
1198 577 39
1198 577 39
1198 577 39
1197 577 41
1197 578 35
1197 578 35
1197 578 35
1196 578 36
1196 578 36
1196 578 36
1195 579 32
1195 579 32
1195 579 32
1195 579 32
1194 579 34
1194 579 34
1194 579 34
1194 580 28
1194 580 28
1194 580 28
1193 580 33
1193 580 33
1193 580 33
1193 580 33
1193 580 33
1192 581 32
1192 581 32
1192 581 32
1192 581 32
1192 581 32
1192 581 32
1191 581 38
1191 582 33
1191 582 33
1191 582 33
1191 582 33
1190 582 40
1190 582 40
1190 583 35
1190 583 35
1189 583 41
1189 583 41
1189 583 41
1189 583 41
1189 584 35
1188 584 41
1188 584 41
1188 584 41
1188 584 41
1187 585 40
1187 585 40
1187 585 40
1187 585 40
1187 586 33
1186 586 37
1186 586 37
1186 586 37
1186 586 37
1186 586 37
1186 586 37
1185 586 39
1185 587 31
1185 587 31
1185 587 31
1185 587 31
1184 587 31
1184 587 31
1184 588 24
1184 588 24
1184 588 24
1183 588 23
1183 588 23
1183 588 23
1183 588 23
1182 588 23
1182 588 23
1182 588 23
1182 588 23
1182 588 23
1181 588 23
1181 588 23
1181 588 23
1181 588 23
1180 588 22
1180 588 22
1180 588 22
1180 588 22
1179 588 20
1179 588 20
1179 588 20
1179 588 20
1178 588 17
1178 588 17
1178 588 17
1178 588 17
1178 588 17
Stop
Start
1298 729 22
1298 729 22
1298 729 22
1298 729 22
1298 728 21
1298 728 21
1298 728 21
1298 728 21
1298 728 21
1298 727 19
1298 727 19
1298 727 19
1298 727 19
1298 726 19
1298 726 19
1298 726 19
1298 726 19
1298 726 19
1298 725 20
1298 725 20
1298 725 20
1298 725 20
1298 724 22
1298 724 22
1298 724 22
1298 724 22
1298 723 24
1298 723 24
1298 723 24
1298 722 25
1298 722 25
1298 722 25
1298 722 25
1298 722 25
1298 721 27
1298 721 27
1298 721 27
1298 721 27
1298 720 28
1298 720 28
1298 720 28
1298 719 30
1298 719 30
1298 719 30
1298 719 30
1298 718 29
1298 718 29
1298 718 29
1298 717 30
1298 717 30
1298 717 30
1298 717 30
1298 716 30
1298 716 30
1298 716 30
1298 716 30
1298 715 30
1298 715 30
1298 715 30
1298 715 30
1298 714 30
1298 714 30
1298 714 30
1298 714 30
1298 714 30
1298 713 30
1298 713 30
1298 713 30
1298 713 30
1298 712 28
1298 712 28
1298 712 28
1298 712 28
1298 711 28
1298 711 28
1298 711 28
1298 711 28
1298 710 29
1298 710 29
1298 710 29
1298 710 29
1298 710 29
1298 709 30
1298 709 30
1298 709 30
1298 708 31
1298 708 31
1298 708 31
1298 708 31
1298 707 32
1298 707 32
1298 707 32
1297 707 28
1297 706 30
1297 706 30
1297 706 30
1297 706 30
1297 706 30
1296 705 27
1296 705 27
1296 705 27
1296 705 27
1296 705 27
1296 704 29
1296 704 29
1296 704 29
1296 704 29
1296 703 29
1296 703 29
1295 703 26
1295 702 26
1295 702 26
1295 702 26
1295 702 26
1295 701 26
1295 701 26
1295 701 26
1295 701 26
1295 700 26
1295 700 26
1294 700 22
1294 699 22
1294 699 22
1294 699 22
1294 699 22
1294 698 22
1294 698 22
1294 698 22
1294 698 22
1294 698 22
1294 697 22
1294 697 22
1294 697 22
1294 696 21
1294 696 21
1294 696 21
1294 696 21
1294 696 21
1294 695 21
1294 695 21
1294 695 21
1294 694 20
1294 694 20
1294 694 20
1294 694 20
1294 694 20
1294 694 20
1295 693 22
1295 693 22
1295 692 19
1295 692 19
1295 692 19
1296 692 23
1296 692 23
1296 691 19
1296 691 19
1296 691 19
1297 691 21
1297 691 21
1297 691 21
1297 690 17
1297 690 17
1297 690 17
1298 690 19
1298 690 19
1298 689 14
1299 689 17
1299 689 17
1299 689 17
1300 689 21
1300 689 21
1300 688 16
1300 688 16
1300 688 16
1301 688 21
1301 688 21
1301 688 21
1302 688 26
1302 687 20
1302 687 20
1302 687 20
1303 687 23
1303 687 23
1303 687 23
1304 687 26
1304 687 26
1304 686 22
1304 686 22
1305 686 23
1305 686 23
1305 686 23
1305 686 23
1305 686 23
1305 686 23
1306 686 25
1306 685 21
1306 685 21
1306 685 21
1306 685 21
1307 685 25
1307 685 25
1307 685 25
1307 684 22
1307 684 22
1307 684 22
1307 684 22
1308 684 26
1308 684 26
1308 684 26
1308 683 23
1308 683 23
1308 683 23
1308 683 23
1309 683 29
1309 683 29
1309 683 29
1309 682 27
1309 682 27
1309 682 27
1309 682 27
1309 682 27
1309 682 27
1310 681 32
1310 681 32
1310 681 32
1310 681 32
1310 680 30
1310 680 30
1310 680 30
1310 680 30
1310 679 28
1310 679 28
1310 679 28
1310 678 26
1310 678 26
1310 678 26
1310 678 26
1310 678 26
1310 677 25
1310 677 25
1310 677 25
1310 677 25
1310 676 25
1310 676 25
1310 676 25
1310 676 25
1310 676 25
1309 675 20
1309 675 20
1309 675 20
1309 675 20
1309 674 24
1309 674 24
1309 674 24
1308 674 18
1308 673 24
1308 673 24
1308 673 24
1308 673 24
1308 672 28
1308 672 28
1307 672 24
1307 671 28
1307 671 28
1307 670 32
1307 670 32
1306 670 28
1306 670 28
1306 670 28
1306 669 33
1306 669 33
1306 669 33
1306 669 33
1306 669 33
1306 668 37
1305 668 32
1305 668 32
1305 668 32
1305 668 32
1304 667 31
1304 667 31
1304 667 31
1304 667 31
1304 666 37
1303 666 32
1303 666 32
1303 666 32
1302 665 32
1302 665 32
1302 665 32
1302 665 32
1302 664 38
1301 664 30
1301 664 30
1301 664 30
1301 664 30
1301 664 30
1301 664 30
1301 663 38
1300 663 31
1300 663 31
1300 663 31
1300 662 37
1300 662 37
1300 662 37
1299 662 29
1299 662 29
1299 661 35
1299 661 35
1299 661 35
1298 660 32
1298 660 32
1298 660 32
1298 660 32
1298 660 32
1298 660 32
1298 659 37
1297 659 31
1297 659 31
1297 659 31
1297 659 31
1297 658 38
1297 658 38
1297 658 38
1296 658 32
1296 658 32
1296 658 32
1296 657 39
1296 657 39
1296 657 39
1295 657 33
1295 656 40
1295 656 40
1295 656 40
1295 656 40
1295 656 40
1294 655 38
1294 655 38
1294 655 38
1294 654 41
1294 654 41
1293 654 34
1293 654 34
1293 654 34
1293 654 34
1293 654 34
1293 653 38
1292 653 32
1292 653 32
1292 653 32
1292 652 36
1292 652 36
1292 652 36
1291 652 31
1291 652 31
1291 651 36
1291 651 36
1291 651 36
1290 651 31
1290 650 35
1290 650 35
1290 650 35
1290 650 35
1290 650 35
1289 649 32
1289 649 32
1289 649 32
1289 649 32
1289 649 32
1288 648 29
1288 648 29
1288 648 29
1288 648 29
1288 648 29
1288 648 29
1288 647 32
1287 647 24
1287 647 24
1287 647 24
1287 646 26
1287 646 26
1287 646 26
1286 646 20
1286 646 20
1286 646 20
1286 645 23
1286 645 23
1286 645 23
1286 645 23
1286 645 23
1285 645 18
1285 644 22
1285 644 22
1285 644 22
1285 644 22
1285 644 22
1284 643 23
1284 643 23
1284 643 23
1284 643 23
1284 643 23
1284 642 26
1283 642 22
1283 642 22
1283 641 25
1283 641 25
1282 641 22
1282 640 24
1282 640 24
1282 640 24
1282 640 24
1282 640 24
1282 639 26
1281 639 20
1281 639 20
1281 639 20
1281 638 21
1281 638 21
1281 638 21
1281 638 21
1281 638 21
1281 637 23
1281 637 23
1281 637 23
1281 637 23
1281 636 25
1281 636 25
1281 636 25
1281 636 25
1281 636 25
1281 635 26
1281 635 26
1281 635 26
1281 635 26
1281 634 28
1280 634 22
1280 634 22
1280 634 22
1280 634 22
1280 633 23
1280 633 23
1280 633 23
1280 633 23
1280 632 24
1280 632 24
1280 632 24
1280 632 24
1280 631 25
1280 631 25
1279 631 19
1279 630 21
1279 630 21
1279 630 21
1279 630 21
1279 630 21
1279 630 21
1279 629 22
1279 629 22
1279 629 22
1279 628 23
1279 628 23
1278 628 17
1278 628 17
1278 628 17
1278 627 20
1278 627 20
1278 627 20
1278 627 20
1278 627 20
1278 626 22
1278 626 22
1278 626 22
1278 626 22
1278 626 22
1278 625 24
1277 625 21
1277 625 21
1277 625 21
1277 624 23
1277 624 23
1277 624 23
1277 624 23
1277 624 23
1277 623 26
1276 623 23
1276 623 23
1276 623 23
1276 623 23
1276 622 25
1276 622 25
1276 622 25
1276 622 25
1275 622 23
1275 622 23
1275 622 23
1275 622 23
1275 621 25
1275 621 25
1274 621 22
1274 621 22
1274 621 22
1274 621 22
1274 620 24
1274 620 24
1273 620 20
1273 620 20
1273 620 20
1273 620 20
1273 619 24
1273 619 24
1272 619 21
1272 619 21
1272 618 26
1272 618 26
1272 618 26
1272 618 26
1272 618 26
1271 618 23
1271 617 28
1271 617 28
1270 617 25
1270 616 29
1270 616 29
1270 616 29
1270 616 29
1269 616 25
1269 615 30
1269 615 30
1268 615 23
1268 614 27
1268 614 27
1268 614 27
1268 614 27
1268 614 27
1268 614 27
1268 614 27
1267 614 20
1267 613 24
1267 613 24
1267 613 24
1267 613 24
1267 612 28
1267 612 28
1267 612 28
1266 612 24
1266 612 24
1266 612 24
1266 611 30
1266 611 30
1266 611 30
1266 611 30
1265 610 31
1265 610 31
1265 610 31
1264 609 33
1264 609 33
1264 609 33
1264 608 39
1263 608 32
1263 608 32
1263 608 32
1263 607 37
1262 607 30
1262 607 30
1262 606 33
1262 606 33
1262 606 33
1262 606 33
1261 606 26
1261 605 30
1261 605 30
1261 605 30
1261 605 30
1261 604 33
1261 604 33
1261 604 33
1261 604 33
1261 604 33
1261 603 33
1261 603 33
1261 603 33
1261 603 33
1261 602 34
1261 602 34
1261 602 34
1261 602 34
1261 601 33
1261 601 33
1261 601 33
1261 600 30
1261 600 30
1261 600 30
1261 600 30
1261 600 30
1261 599 29
1261 599 29
1261 599 29
1261 599 29
1261 599 29
1261 598 28
1261 598 28
1261 598 28
1261 598 28
Stop
Start
1297 730 20
1297 730 20
1297 730 20
1297 730 20
1297 730 20
1296 730 16
1296 730 16
1296 730 16
1296 730 16
1296 730 16
1296 730 16
1296 731 22
1295 731 21
1295 731 21
1295 731 21
1295 731 21
1295 731 21
1294 731 21
1294 731 21
1294 731 21
1294 731 21
1294 731 21
1294 731 21
1293 731 21
1293 731 21
1293 731 21
1293 731 21
1293 731 21
1292 731 23
1292 732 30
1292 732 30
1292 732 30
1292 732 30
1291 732 32
1291 732 32
1291 732 32
Stop
New Layer
Start
1183 588 23
1183 588 23
1183 588 23
1183 588 23
1182 588 23
1182 588 23
1182 588 23
1182 588 23
1182 588 23
1181 588 23
1181 588 23
1181 588 23
1181 587 30
1180 587 28
1180 587 28
1180 587 28
1180 587 28
1180 587 28
1179 587 26
1179 587 26
1179 587 26
1179 587 26
1179 587 26
1178 586 30
1178 586 30
1178 586 30
1178 586 30
1178 586 30
1178 586 30
1178 586 30
1177 586 26
1177 586 26
1177 586 26
1177 586 26
1176 586 23
1176 585 31
1176 585 31
1176 585 31
1176 585 31
1176 585 31
1175 585 26
1175 585 26
1175 585 26
1175 585 26
1174 585 22
1174 584 31
1174 584 31
1174 584 31
1174 584 31
1174 584 31
1173 584 25
1173 584 25
1173 584 25
1172 584 21
1172 583 29
1172 583 29
1172 583 29
1172 583 29
1171 583 26
1171 583 26
1170 582 32
1170 582 32
1170 582 32
1170 582 32
1169 582 29
1169 582 29
1169 582 29
1168 582 27
1168 581 36
1168 581 36
1167 581 33
1167 581 33
1166 581 30
1166 581 30
1166 580 37
1166 580 37
1165 580 32
1165 580 32
1164 580 28
1164 580 28
1164 580 28
1163 580 24
1163 580 24
1163 580 24
1163 579 33
1162 579 30
1162 579 30
1162 579 30
1162 579 30
1161 579 26
1161 579 26
1161 579 26
1160 579 24
1160 578 33
1160 578 33
1159 578 29
1159 578 29
1158 578 26
1158 578 26
1158 578 26
1157 578 22
1157 578 22
1157 578 22
1156 578 20
1156 578 20
1156 577 29
1155 577 28
1155 577 28
1155 577 28
1154 577 27
1154 577 27
1154 577 27
1153 577 26
1153 577 26
1152 577 26
1152 577 26
1152 577 26
1152 577 26
1151 577 25
1151 577 25
1150 577 24
1150 577 24
1149 576 28
1149 576 28
1148 576 25
1148 576 25
1148 576 25
1148 576 25
1147 576 23
1147 576 23
1147 576 23
1146 576 22
1146 576 22
1146 576 22
1146 576 22
1146 576 22
1145 576 22
1145 576 22
1145 576 22
1145 576 22
1144 576 22
1144 576 22
1144 576 22
1144 576 22
1143 576 24
1143 576 24
1143 576 24
1142 576 26
1142 576 26
1142 576 26
1141 576 28
1141 576 28
1141 576 28
1140 576 29
1140 576 29
1140 576 29
1139 576 30
1139 576 30
1139 576 30
1138 576 30
1138 576 30
1138 576 30
1138 576 30
1137 576 29
1137 576 29
1137 576 29
1137 576 29
1136 576 29
1136 576 29
1136 576 29
1136 576 29
1136 576 29
1135 576 28
1135 576 28
1135 576 28
1135 576 28
1134 576 28
1134 576 28
1134 576 28
1133 576 29
1133 576 29
1133 576 29
1132 576 29
1132 576 29
1132 576 29
1132 576 29
1131 576 30
1131 576 30
1131 576 30
1130 576 31
1130 576 31
1130 576 31
1129 576 31
1129 576 31
1129 576 31
1128 576 32
1128 576 32
1127 576 31
1127 576 31
1127 577 26
1126 577 26
1126 577 26
1125 577 26
1125 577 26
1125 577 26
1124 577 26
1124 577 26
1124 577 26
1123 577 26
1123 577 26
1123 577 26
1123 577 26
1122 577 26
1122 577 26
1122 577 26
1121 577 27
1121 577 27
1121 577 27
1120 577 27
1120 577 27
1120 577 27
1120 577 27
1120 577 27
1119 577 28
1119 577 28
1119 577 28
1118 577 27
1118 577 27
1118 577 27
1118 577 27
1118 577 27
1117 577 26
1117 577 26
1117 577 26
1117 577 26
1116 577 26
1116 577 26
1116 577 26
1115 577 25
1115 577 25
1115 577 25
1114 577 24
1114 577 24
1114 577 24
1114 577 24
1114 577 24
1113 577 24
1113 577 24
1113 577 24
1113 577 24
1112 577 25
1112 577 25
1112 577 25
1112 577 25
1112 577 25
1111 577 25
1111 577 25
1111 578 20
1110 578 23
1110 578 23
1110 578 23
1110 578 23
1110 578 23
1110 578 23
1109 579 24
1109 579 24
1109 579 24
1109 579 24
1108 579 28
1108 580 23
1108 580 23
1108 580 23
1108 580 23
1108 580 23
1107 580 26
1107 580 26
1107 580 26
1107 580 26
1106 580 29
1106 581 23
1106 581 23
1106 581 23
1105 581 25
1105 581 25
1105 581 25
1104 581 27
1104 581 27
1104 581 27
1104 581 27
1103 581 26
1103 581 26
1103 581 26
1103 581 26
1102 581 25
1102 581 25
1102 581 25
1102 581 25
1101 581 23
1101 581 23
1101 580 28
1101 580 28
1100 580 26
1100 580 26
1100 580 26
1100 580 26
1099 580 25
1099 580 25
1099 580 25
1099 580 25
1098 580 25
1098 579 33
1098 579 33
1098 579 33
1098 579 33
1097 579 34
1097 579 34
1097 579 34
1096 580 30
1096 580 30
1096 580 30
1096 580 30
1096 580 30
1096 580 30
1095 580 34
1095 580 34
1095 581 31
1095 581 31
1095 581 31
1095 582 28
1095 582 28
1095 582 28
1094 582 32
1094 582 32
1094 582 32
1094 582 32
1094 583 29
1094 583 29
1094 583 29
1094 583 29
1094 584 27
1094 584 27
1094 584 27
1094 584 27
1094 585 26
1093 585 29
1093 585 29
1093 585 29
1093 586 26
1093 586 26
1093 586 26
1092 586 29
1092 586 29
1092 586 29
1092 586 29
1092 586 29
1092 587 25
1091 587 30
1091 588 26
1091 588 26
1091 588 26
1091 588 26
1091 588 26
1090 588 29
1090 589 25
1090 589 25
1090 589 25
1090 589 25
1090 590 22
1090 590 22
1090 590 22
1090 590 22
1090 591 20
1090 591 20
1090 591 20
1090 591 20
1090 592 17
1090 592 17
1090 592 17
1090 592 17
1090 593 19
1090 593 19
1090 593 19
1090 594 20
1090 594 20
1090 594 20
1090 594 20
1090 594 20
1090 595 22
1090 595 22
1090 595 22
1090 595 22
1090 596 25
1090 596 25
1090 596 25
1090 596 25
1090 596 25
1090 597 28
1090 597 28
1090 597 28
1090 598 31
1090 598 31
1090 598 31
1090 598 31
1091 599 30
1091 599 30
1091 599 30
1091 600 33
1091 600 33
1091 600 33
1091 600 33
1091 600 33
1091 600 33
1091 601 35
1092 601 31
1092 601 31
1092 602 32
1092 602 32
1092 602 32
1092 602 32
1092 603 34
1093 603 30
1093 603 30
1093 603 30
1093 603 30
1093 604 32
1093 604 32
1094 604 28
1094 604 28
1094 604 28
1094 605 32
1094 605 32
1094 605 32
1094 605 32
1095 606 32
1095 606 32
1095 606 32
1095 606 32
1095 606 32
1095 607 35
1095 607 35
1095 607 35
1095 607 35
1096 607 30
1096 608 32
1096 608 32
1096 608 32
1096 608 32
1096 608 32
1096 608 32
1096 608 32
1096 609 32
1096 609 32
1096 609 32
1096 610 33
1096 610 33
1097 610 27
1097 610 27
1097 610 27
1097 611 26
1097 611 26
1097 611 26
1097 611 26
1097 612 25
1097 612 25
1097 612 25
1097 612 25
1097 612 25
1097 613 23
1097 613 23
1097 613 23
1097 614 19
1097 614 19
1097 614 19
1097 614 19
1097 615 16
1097 615 16
1097 615 16
1097 615 16
1097 616 13
1097 616 13
1097 616 13
1097 616 13
1097 616 13
1096 616 16
1096 617 12
1096 617 12
1096 617 12
1096 617 12
1096 617 12
1096 618 7
1096 618 7
1095 618 12
1095 619 9
1095 619 9
1095 619 9
1095 619 9
1094 619 13
1094 620 9
1094 620 9
1094 620 9
1094 620 9
1094 621 6
1093 621 12
1093 621 12
1093 621 12
1093 622 9
1092 622 15
1092 622 15
1092 622 15
1092 623 12
1091 623 18
1090 623 24
1090 624 21
1090 624 21
1089 624 27
1089 625 24
1088 625 29
1088 626 25
Stop
Start
1088 627 22
1088 628 20
1088 628 20
1088 628 20
1088 628 20
1088 628 20
1088 629 17
1088 629 17
1088 629 17
1088 629 17
1088 629 17
1087 630 21
1087 630 21
1087 630 21
1087 630 21
1087 630 21
1087 631 20
1087 631 20
1087 631 20
1086 632 26
1086 632 26
1086 632 26
1086 632 26
1086 633 25
1086 633 25
1086 633 25
1086 633 25
1086 634 24
1085 634 30
1085 634 30
1085 634 30
1085 634 30
1085 634 30
1085 635 29
1085 635 29
1085 635 29
1084 635 35
1084 636 34
1084 636 34
1084 636 34
1084 636 34
1084 636 34
1084 637 34
1084 637 34
1084 637 34
1084 638 33
1084 638 33
1084 638 33
1083 638 39
1083 639 37
1083 639 37
1083 639 37
1083 640 36
1083 640 36
1083 640 36
1083 640 36
1083 641 34
1083 641 34
1083 641 34
1082 641 38
1082 642 37
1082 642 37
1082 642 37
1082 643 36
1082 643 36
1082 643 36
1082 644 34
1082 644 34
1082 644 34
1082 644 34
1082 645 33
1082 646 31
1082 646 31
1082 646 31
1082 646 31
1082 647 29
1082 647 29
1082 647 29
1082 648 29
1082 648 29
1082 648 29
1082 648 29
1082 649 28
1082 649 28
1082 650 28
1082 650 28
1082 650 28
1082 651 28
1082 651 28
1082 651 28
1082 651 28
1082 652 28
1082 652 28
1082 652 28
1082 652 28
1082 652 28
1082 653 28
1082 653 28
1082 653 28
1082 653 28
1082 654 30
1082 654 30
1082 654 30
1082 654 30
1082 654 30
1082 654 30
1082 655 31
1082 655 31
1082 655 31
1082 656 33
1082 656 33
1082 656 33
1082 656 33
1082 657 33
1082 657 33
1082 657 33
1082 658 33
1082 658 33
1082 658 33
1082 658 33
1082 659 32
1082 659 32
1083 659 28
1083 659 28
1083 660 26
1083 660 26
1083 660 26
1083 660 26
1083 660 26
1083 661 23
1083 661 23
1083 661 23
1083 661 23
1083 662 20
1083 662 20
1083 662 20
1083 662 20
1083 662 20
1082 663 22
1082 663 22
1082 663 22
1082 663 22
1082 664 18
1082 664 18
1082 664 18
1082 664 18
1082 664 18
1082 664 18
1081 665 20
1081 665 20
1081 665 20
1081 666 14
1081 666 14
1080 666 18
1080 666 18
1080 666 18
1080 666 18
1080 667 13
1080 667 13
1079 667 19
1079 668 15
1079 668 15
1079 668 15
1079 668 15
1079 668 15
1078 668 20
1078 669 16
1078 669 16
1078 669 16
1078 669 16
1078 670 14
1078 670 14
1077 670 21
1077 670 21
1077 670 21
1076 671 25
1076 671 25
1075 672 28
1075 672 28
1075 672 28
1075 672 28
1074 672 35
1074 673 31
1074 673 31
1074 673 31
1074 673 31
1073 673 36
1073 674 30
1073 674 30
1073 674 30
1073 674 30
1073 674 30
1072 675 27
1072 675 27
1072 675 27
1072 675 27
1072 675 27
1072 676 22
1072 676 22
1072 676 22
1072 676 22
1071 676 25
1071 676 25
1071 677 20
1071 677 20
1071 677 20
1070 678 18
1070 678 18
1070 678 18
1070 678 18
1070 678 18
1070 678 18
1070 678 18
1070 679 14
1069 679 18
1069 679 18
1069 679 18
1069 680 14
1068 680 18
1068 680 18
1068 680 18
1068 681 14
1067 681 17
1067 681 17
1067 681 17
1067 681 17
1066 682 16
1066 682 16
1066 682 16
1066 682 16
1066 682 16
1066 682 16
1065 682 21
1065 683 18
1065 683 18
1065 683 18
1065 683 18
1065 683 18
1065 684 14
1064 684 20
1064 684 20
1064 684 20
1064 684 20
1064 684 20
1063 684 26
1063 685 24
1063 685 24
1063 685 24
1062 685 31
1062 686 28
1062 686 28
1062 686 28
1062 686 28
1062 686 28
1061 686 34
1061 687 31
1061 687 31
1061 687 31
1061 687 31
1061 687 31
1061 688 27
1060 688 34
1060 688 34
1060 688 34
1060 688 34
1060 688 34
1060 689 31
1060 689 31
1059 689 37
1059 690 35
1059 690 35
1059 690 35
1059 690 35
1059 690 35
1059 691 33
1059 691 33
1059 691 33
1059 691 33
1060 691 26
1060 692 25
1060 692 25
1060 692 25
1060 692 25
1060 692 25
1060 693 25
1060 693 25
1060 693 25
1060 693 25
1060 693 25
1060 694 27
1060 694 27
1060 694 27
1060 694 27
1061 694 20
1061 694 20
1061 695 24
1061 695 24
1061 695 24
1061 695 24
1061 696 29
1062 696 24
1062 696 24
1062 696 24
1062 696 24
1062 697 29
1062 697 29
1062 697 29
1062 697 29
1062 698 34
1062 698 34
1062 698 34
1062 698 34
1063 698 32
1063 699 35
1063 699 35
1063 699 35
1063 699 35
1063 699 35
1063 699 35
1063 699 35
1063 700 38
1064 700 37
1064 700 37
1064 700 37
1064 700 37
1065 700 35
1065 700 35
1065 700 35
1065 700 35
1066 700 33
1066 700 33
1066 700 33
1066 700 33
1066 700 33
1067 700 32
1067 700 32
1067 700 32
1067 700 32
1068 700 31
1068 700 31
1068 700 31
1068 700 31
1068 700 31
1069 701 33
1069 701 33
1069 701 33
1070 701 30
1070 701 30
1070 701 30
1070 701 30
1070 701 30
1070 701 30
1070 701 30
1071 701 27
1071 702 32
1071 702 32
1071 702 32
1071 702 32
1072 702 27
1072 702 27
1072 702 27
1072 703 31
1072 703 31
1072 703 31
1072 703 31
1072 704 35
1072 704 35
1072 704 35
1073 704 30
1073 705 32
1073 705 32
1073 705 32
1073 705 32
1073 706 35
1073 706 35
1073 706 35
1073 706 35
1073 706 35
1073 707 36
1074 707 28
1074 707 28
1074 707 28
1074 708 29
1074 708 29
1074 708 29
1074 708 29
1074 709 29
1074 709 29
1074 709 29
1074 709 29
1074 710 30
1074 710 30
1074 710 30
1074 710 30
1074 710 30
1074 711 30
1074 711 30
1074 711 30
1074 712 30
1074 712 30
1074 712 30
1074 712 30
1074 712 30
1074 713 30
1074 713 30
1074 713 30
1074 713 30
1074 714 30
1074 714 30
1074 714 30
1074 714 30
1074 714 30
1074 715 29
1074 715 29
1074 715 29
1074 715 29
1074 716 28
1074 716 28
1074 716 28
1074 716 28
1074 717 27
1074 717 27
1074 717 27
1074 717 27
1074 718 25
1074 718 25
1074 718 25
1074 718 25
1074 719 24
1074 719 24
1074 719 24
1074 719 24
1074 720 22
1073 720 29
1073 720 29
1073 720 29
1073 720 29
1073 721 28
1073 721 28
1073 722 26
1073 722 26
1072 722 30
1072 722 30
1072 722 30
1072 722 30
1072 723 29
1072 723 29
1072 723 29
1072 723 29
1072 724 28
1072 724 28
1071 724 33
1071 724 33
1071 724 33
1071 725 32
1071 725 32
1071 725 32
1071 725 32
1071 726 31
1071 726 31
1071 726 31
1071 726 31
1070 727 33
1070 727 33
1070 727 33
1070 727 33
1070 728 33
1070 728 33
1070 728 33
1070 728 33
1070 729 33
1070 729 33
1070 729 33
1070 729 33
1070 730 33
1070 730 33
1070 730 33
1070 730 33
1070 731 34
1070 731 34
1070 731 34
1070 732 36
1070 732 36
1070 733 37
1070 733 37
1070 733 37
1070 733 37
1070 734 37
1070 734 37
1070 735 37
1069 735 42
1069 736 40
1069 736 40
1069 736 40
1069 736 40
1069 737 39
1069 737 39
1069 737 39
1069 737 39
1069 738 39
1069 738 39
1069 738 39
1069 738 39
1070 739 39
1070 739 39
1070 740 41
1070 740 41
1070 740 41
1070 740 41
1071 741 43
1071 741 43
1071 741 43
1071 741 43
1071 741 43
1071 741 43
1072 741 41
1072 742 46
1072 742 46
1072 742 46
1072 742 46
1072 742 46
1072 742 46
1073 742 44
1073 742 44
1073 742 44
1074 742 43
1074 742 43
1074 742 43
1075 742 44
1075 742 44
1076 742 44
1076 742 44
1076 742 44
1077 742 45
1077 742 45
1077 742 45
1078 742 47
1078 741 40
1078 741 40
1078 741 40
1078 741 40
1079 741 43
1079 741 43
1079 741 43
1079 740 37
1079 740 37
1080 740 40
1080 740 40
1080 740 40
1080 740 40
1080 739 34
1081 739 36
1081 739 36
1081 739 36
1081 739 36
1081 739 36
1081 738 29
1082 738 31
1082 738 31
1082 738 31
1082 738 31
1082 738 31
1083 737 24
1083 737 24
1083 737 24
1083 737 24
1083 737 24
1084 737 24
1084 737 24
1084 737 24
1084 737 24
1084 736 17
1084 736 17
1085 736 18
1085 736 18
1085 736 18
1086 736 20
1086 736 20
1086 736 20
1086 736 20
1087 736 22
1087 736 22
1087 736 22
1087 736 22
1087 736 22
1088 736 24
1088 735 16
1088 735 16
1088 735 16
1088 735 16
1088 735 16
1089 735 17
1089 735 17
1089 735 17
1090 735 19
1090 735 19
1090 735 19
1090 735 19
1090 735 19
1091 735 21
1091 735 21
1091 735 21
1092 735 23
1092 735 23
1092 735 23
1093 735 25
1093 735 25
1094 735 25
1094 735 25
1094 735 25
1094 735 25
1094 735 25
1095 735 25
1095 735 25
1095 735 25
1096 735 24
1096 735 24
1097 735 24
1097 735 24
1098 735 24
1098 735 24
1098 735 24
1098 735 24
1098 735 24
1099 735 24
1099 735 24
1100 735 25
1100 735 25
1100 735 25
1101 735 26
1101 735 26
1101 735 26
1102 735 28
1102 735 28
1102 735 28
1103 735 29
1103 735 29
1103 735 29
1104 735 30
1104 735 30
1104 735 30
1105 735 30
1105 735 30
1106 735 30
1106 735 30
1107 735 29
1107 735 29
1107 735 29
1108 735 29
1108 735 29
1108 735 29
1109 735 29
1109 735 29
1110 735 28
1110 735 28
1111 735 28
1111 735 28
1111 735 28
1112 735 28
1112 735 28
1112 735 28
1113 735 28
1113 735 28
1114 735 29
1114 735 29
1114 735 29
1114 735 29
1115 735 29
1115 735 29
1116 735 30
1116 735 30
1117 735 30
1117 735 30
1118 735 30
1118 735 30
1118 735 30
1119 735 30
1119 735 30
1119 735 30
1120 735 30
1120 735 30
1120 735 30
1121 735 30
1121 735 30
1122 735 31
1122 735 31
1122 735 31
1123 735 31
1123 735 31
1124 735 32
1124 735 32
1125 734 24
1125 734 24
1126 734 26
1126 734 26
1126 734 26
1127 734 27
1127 734 27
1128 734 27
1128 734 27
1129 734 29
1129 734 29
1130 734 31
1130 734 31
1130 734 31
1131 734 32
1131 734 32
1132 734 34
1132 734 34
1132 734 34
1132 734 34
1133 734 35
1133 733 25
1133 733 25
1134 733 27
1134 733 27
1134 733 27
1135 733 29
1135 733 29
1136 733 30
1136 733 30
1136 733 30
1136 733 30
1137 733 31
1137 733 31
1138 733 31
1138 733 31
1138 733 31
1138 733 31
1139 733 31
1139 733 31
1140 733 30
1140 733 30
1140 733 30
1141 733 30
1141 733 30
1141 733 30
1142 733 31
1142 733 31
1142 733 31
1143 733 32
1143 733 32
1143 733 32
1144 733 32
1144 733 32
1144 733 32
1145 733 33
1145 733 33
1145 733 33
1146 733 34
1146 733 34
1147 733 35
1147 733 35
1147 733 35
1147 733 35
1148 733 37
1148 733 37
1148 733 37
1149 733 38
1149 733 38
1150 733 40
1150 733 40
1150 733 40
1150 733 40
1151 733 42
1151 733 42
1151 733 42
1151 733 42
1152 733 45
1152 733 45
1152 732 36
1152 732 36
1153 732 37
1153 732 37
1153 732 37
1153 732 37
1154 732 38
1154 732 38
1154 732 38
1155 732 40
1155 732 40
1155 732 40
1155 731 30
1156 731 31
1156 731 31
1156 731 31
1156 731 31
1156 731 31
1156 731 31
1157 731 31
1157 731 31
1157 731 31
1157 731 31
1158 731 32
1158 730 22
1158 730 22
1158 730 22
1158 730 22
1158 730 22
1159 730 22
1159 730 22
1159 730 22
1160 730 21
1160 730 21
1160 730 21
1160 730 21
1161 730 21
1161 730 21
1162 730 19
1162 730 19
1162 730 19
1163 731 25
1163 731 25
1163 731 25
1164 731 23
1164 731 23
1164 731 23
1164 731 23
1165 731 21
1165 731 21
1166 731 18
1166 732 27
1166 732 27
1166 732 27
1166 732 27
1166 732 27
1166 732 27
1167 732 26
1167 732 26
1167 732 26
1168 732 24
1168 732 24
1168 732 24
1168 732 24
1169 732 23
1169 732 23
1169 732 23
1169 732 23
1170 732 22
1170 732 22
1171 732 21
1171 732 21
1172 732 21
1172 732 21
1172 732 21
1173 732 21
1173 732 21
1174 732 20
1174 732 20
1174 732 20
1174 732 20
1175 732 20
1175 732 20
1175 732 20
1176 732 20
1176 732 20
1176 732 20
1177 732 20
1177 732 20
1177 732 20
1178 732 19
1178 732 19
1178 732 19
1179 732 19
1179 732 19
1179 732 19
1180 732 20
1180 732 20
1180 732 20
1180 732 20
1181 732 20
1181 732 20
1181 732 20
1181 732 20
1182 732 21
1182 732 21
1182 732 21
1182 732 21
1183 733 30
1183 733 30
1183 733 30
1183 733 30
1184 733 30
1184 733 30
1184 733 30
1185 733 29
1185 733 29
1185 733 29
1186 733 28
1186 733 28
1186 733 28
1186 733 28
1187 733 27
1187 733 27
1188 734 36
1188 734 36
1188 734 36
1189 734 34
1189 734 34
1190 734 34
1190 734 34
1190 734 34
1190 734 34
1191 734 35
1191 734 35
1191 734 35
1192 734 35
1192 734 35
1192 734 35
1192 734 35
1193 734 37
1193 734 37
1193 734 37
1193 734 37
1193 734 37
1194 734 39
1194 734 39
1194 734 39
1194 733 30
1194 733 30
1195 733 33
1195 733 33
1195 732 24
1195 732 24
1196 732 27
1196 732 27
1196 732 27
1196 732 27
1196 732 27
1196 732 27
1196 731 18
1196 731 18
1197 731 21
1197 731 21
1197 731 21
1197 731 21
1197 731 21
1198 731 24
1198 731 24
1198 731 24
1198 731 24
1198 731 24
1199 731 26
1199 731 26
1199 731 26
1199 731 26
1200 731 26
1200 731 26
1200 731 26
1200 731 26
1201 731 26
1201 731 26
1201 731 26
1201 731 26
1202 731 23
1202 731 23
1202 731 23
1202 732 32
1202 732 32
1203 732 29
1203 732 29
1203 732 29
1203 732 29
1204 733 35
1204 733 35
1204 733 35
1204 733 35
1205 733 33
1205 733 33
1205 733 33
1205 733 33
1206 733 32
1206 733 32
1206 733 32
1207 733 35
1207 733 35
1208 733 37
1208 733 37
1208 733 37
1208 733 37
1209 733 40
1209 733 40
1209 733 40
1209 733 40
1210 733 44
1210 733 44
1210 733 44
1210 733 44
1210 732 36
1211 732 38
1211 732 38
1211 732 38
1211 732 38
1212 732 39
1212 732 39
1212 732 39
1212 732 39
1212 731 28
1212 731 28
1213 731 29
1213 731 29
1214 731 31
1214 731 31
1214 731 31
1214 731 31
1215 731 31
1215 731 31
1215 730 22
1216 730 22
1216 730 22
1216 730 22
1217 730 22
1217 730 22
1217 730 22
1218 730 21
1218 730 21
1218 730 21
1219 731 26
1219 731 26
1219 731 26
1220 731 25
1220 731 25
1220 731 25
1220 731 25
1221 731 25
1221 731 25
1221 731 25
1222 731 27
1222 732 35
1222 732 35
1222 732 35
1223 732 37
1223 732 37
1223 732 37
1223 732 37
1224 732 39
1224 732 39
1224 732 39
1225 732 40
1225 732 40
1225 732 40
1226 732 39
1226 732 39
1226 732 39
1226 732 39
1227 732 36
1227 732 36
1227 731 26
1228 731 22
1228 731 22
1228 731 22
1228 731 22
1228 731 22
1229 731 18
1229 731 18
1229 731 18
1229 731 18
1230 731 15
1230 731 15
1230 731 15
1230 732 25
1231 732 22
1231 732 22
1231 732 22
1232 732 20
1232 732 20
1232 732 20
1232 732 20
1233 732 20
1233 732 20
1233 732 20
1234 732 21
1234 732 21
1234 732 21
1234 732 21
1234 732 21
1235 732 24
1235 732 24
1235 732 24
1235 732 24
1236 732 27
1236 732 27
1236 732 27
1236 732 27
1236 732 27
1237 732 31
1237 732 31
1237 732 31
1238 731 26
1238 731 26
1238 731 26
1238 731 26
1238 731 26
1238 731 26
1239 731 28
1239 731 28
1239 730 20
1240 730 22
1240 730 22
1240 730 22
1240 730 22
1241 730 22
1241 730 22
1241 730 22
1242 730 22
1242 730 22
1242 730 22
1243 730 22
1243 730 22
1243 730 22
1244 730 20
1244 730 20
1244 730 20
1244 730 20
1244 730 20
1245 730 19
1245 730 19
1246 730 19
1246 730 19
1246 730 19
1246 730 19
1247 730 19
1247 730 19
1247 730 19
1247 730 19
1248 730 20
1248 730 20
1248 730 20
1248 730 20
1249 730 21
1249 730 21
1249 730 21
1249 730 21
1250 730 23
1250 730 23
1250 730 23
1251 730 25
1251 730 25
1251 730 25
1252 730 27
1252 730 27
1252 730 27
1252 730 27
1253 730 28
1253 730 28
1254 730 29
1254 730 29
1254 730 29
1255 730 29
1255 730 29
1255 730 29
1256 730 30
1256 730 30
1257 730 30
1257 730 30
1258 730 30
1258 730 30
1258 730 30
1258 730 30
1259 730 30
1260 730 30
1260 730 30
1260 730 30
1261 729 19
1261 729 19
1261 729 19
1262 729 18
1262 729 18
1262 729 18
1263 729 18
1263 729 18
1264 729 17
1264 729 17
1264 729 17
1265 729 16
1265 729 16
1265 729 16
1266 729 16
1266 729 16
1266 729 16
1266 729 16
1267 729 16
1267 729 16
1267 729 16
1268 729 16
1268 729 16
1268 729 16
1269 729 17
1269 729 17
1269 729 17
1270 729 17
1270 729 17
1270 729 17
1270 729 17
1270 729 17
1271 729 17
1271 729 17
1272 729 18
1272 729 18
1272 729 18
1272 729 18
1273 729 17
1273 729 17
1273 729 17
1273 729 17
1274 729 16
1274 729 16
1274 729 16
1274 729 16
1275 729 16
1275 729 16
1275 729 16
1276 729 17
1276 729 17
1276 729 17
1276 729 17
1277 730 25
1277 730 25
1277 730 25
1277 730 25
1278 730 25
1278 730 25
1278 730 25
1278 730 25
1279 730 24
1279 730 24
1280 730 24
1280 730 24
1280 730 24
1280 730 24
1280 730 24
1281 730 24
1281 730 24
1281 730 24
1281 730 24
1282 730 24
1282 730 24
1282 730 24
1282 730 24
1282 730 24
1283 731 33
1283 731 33
1283 731 33
1283 731 33
1284 731 32
1284 731 32
1284 731 32
1284 731 32
1285 731 31
1285 731 31
1285 731 31
1286 731 29
1286 731 29
1286 731 29
1286 731 29
1286 731 29
1287 731 29
1287 731 29
1287 731 29
1287 731 29
1288 731 29
1288 731 29
1288 731 29
1288 731 29
1288 731 29
1289 731 27
1289 731 27
1290 732 33
1290 732 33
1290 732 33
1290 732 33
1291 732 32
1291 732 32
1291 732 32
1292 732 30
1292 732 30
1292 732 30
1292 732 30
1292 732 30
1293 732 29
1293 732 29
1293 732 29
1294 732 28
1294 732 28
1294 732 28
1294 732 28
1294 732 28
1294 732 28
1295 732 28
1295 732 28
1295 732 28
1295 732 28
1296 732 27
1296 732 27
1296 732 27
1296 732 27
1296 732 27
1297 732 28
1297 732 28
1297 732 28
1297 731 24
1297 731 24
1298 731 27
1298 731 27
1298 731 27
1298 730 24
1298 730 24
1298 730 24
1298 730 24
1298 730 24
1298 729 22
1298 729 22
1299 729 27
1299 729 27
1299 728 27
1299 728 27
1299 728 27
1299 728 27
1299 727 25
1299 727 25
1299 727 25
1299 727 25
1299 726 25
1299 726 25
1299 726 25
1299 726 25
1299 726 25
1299 725 26
1299 725 26
1299 725 26
1299 725 26
1299 724 27
1299 724 27
1299 724 27
1299 723 29
1299 723 29
1299 723 29
1299 723 29
1299 722 29
1299 722 29
1299 722 29
1299 722 29
1299 721 30
1299 721 30
1299 721 30
1299 721 30
1298 720 28
1298 720 28
1298 720 28
1298 720 28
1298 719 30
1298 719 30
1298 719 30
1298 719 30
1298 718 29
1298 718 29
1298 718 29
1298 718 29
1297 717 25
1297 717 25
1297 716 25
1297 716 25
1297 716 25
1297 716 25
1297 716 25
1297 716 25
1297 715 24
1297 715 24
1297 715 24
1297 715 24
1297 714 24
1297 714 24
1297 714 24
1297 714 24
1297 713 24
1297 713 24
1297 713 24
1297 713 24
1297 713 24
1297 712 22
1297 712 22
1297 712 22
1297 712 22
1297 712 22
1297 711 23
1297 711 23
1296 710 19
1296 710 19
1296 710 19
1296 709 20
1296 709 20
1296 709 20
1296 708 21
1296 708 21
1296 708 21
1296 707 23
1296 707 23
1296 707 23
1296 706 26
1295 706 23
1295 705 24
1295 705 24
1295 705 24
1295 704 25
1295 704 25
1294 704 22
1294 703 22
1294 703 22
1294 702 22
1294 702 22
1294 702 22
1294 702 22
1294 701 22
1294 701 22
1294 700 22
1294 700 22
1294 700 22
1294 700 22
1294 699 22
1293 699 18
1293 699 18
1293 699 18
1293 698 17
1293 698 17
1293 698 17
1293 698 17
1293 697 17
1293 697 17
1293 697 17
1293 696 17
1293 696 17
1293 696 17
1293 696 17
1293 695 16
1293 695 16
1293 695 16
1293 695 16
1293 694 16
1293 694 16
1293 694 16
1293 694 16
1293 694 16
1293 693 15
1293 693 15
1293 693 15
1293 693 15
1293 692 13
1293 692 13
1294 692 17
1294 691 15
1294 691 15
1294 691 15
1294 691 15
1294 690 13
1294 690 13
1295 690 14
1295 690 14
1295 690 14
1295 689 10
1296 689 11
1296 689 11
1296 689 11
1296 689 11
1296 689 11
1296 689 11
1297 689 12
1297 688 8
1297 688 8
1297 688 8
1298 688 10
1298 688 10
1298 688 10
1298 688 10
1298 688 10
1298 688 10
1299 688 12
1299 688 12
1299 688 12
1299 688 12
1300 688 16
1300 687 12
1300 687 12
1300 687 12
1300 687 12
1301 687 16
1301 687 16
1302 686 16
1302 686 16
1302 686 16
1302 686 16
1303 686 19
1303 686 19
1303 686 19
1303 685 15
1303 685 15
1304 685 17
1304 685 17
1304 685 17
1304 685 17
1304 684 13
1305 684 14
1305 684 14
1305 684 14
1305 684 14
1305 684 14
1306 684 17
1306 683 13
1306 683 13
1306 683 13
1306 683 13
1306 682 10
1306 682 10
1307 682 15
1307 682 15
1307 682 15
1307 682 15
1307 682 15
1307 681 12
1307 681 12
1308 681 18
1308 681 18
1308 681 18
1308 680 16
1308 680 16
1308 680 16
1308 680 16
1308 680 16
1309 679 20
1309 679 20
1309 679 20
1309 679 20
1309 678 19
1309 678 19
1309 678 19
1309 678 19
1309 678 19
1309 677 17
1309 677 17
1309 677 17
1309 676 18
1309 676 18
1309 676 18
1309 676 18
1309 676 18
1309 675 20
1309 675 20
1309 675 20
1309 675 20
1309 674 24
1309 674 24
1309 674 24
1309 674 24
1309 673 28
1309 673 28
1309 673 28
1309 673 28
1309 672 32
1309 672 32
1309 672 32
1309 672 32
1309 672 32
1309 672 32
1308 671 34
1308 671 34
1308 671 34
1308 671 34
1308 671 34
1308 671 34
1308 670 37
1308 670 37
1307 670 32
1307 670 32
1307 670 32
1307 670 32
1306 670 28
1306 669 33
1306 669 33
1306 669 33
1306 669 33
1306 669 33
1306 668 37
1305 668 32
1305 668 32
1305 668 32
1304 668 26
1304 667 31
1304 667 31
1304 667 31
1304 667 31
1304 666 37
1303 666 32
1303 666 32
1302 666 26
1302 665 32
1302 665 32
1302 665 32
1301 664 30
1301 664 30
1301 664 30
1300 664 25
1300 663 31
1300 663 31
1300 663 31
1300 662 37
1299 662 29
1299 662 29
1299 662 29
1298 661 27
1298 661 27
1298 661 27
1298 661 27
1298 660 32
1297 660 25
1297 660 25
1297 660 25
1297 660 25
1296 660 18
1296 659 25
1296 659 25
1296 659 25
1296 658 32
1296 658 32
1295 658 26
1295 658 26
1295 658 26
1295 657 33
1294 657 28
1294 657 28
1294 657 28
1294 656 34
1294 656 34
1294 656 34
1294 656 34
1293 655 31
1293 655 31
1293 655 31
1292 654 28
1292 654 28
1292 654 28
1292 654 28
1292 653 32
1291 653 26
1291 653 26
1291 652 31
1291 652 31
1291 652 31
1290 652 25
1290 652 25
1290 651 31
1290 651 31
1290 651 31
1290 650 35
1290 650 35
1289 650 29
1289 650 29
1289 649 32
1289 649 32
1288 649 27
1288 648 29
1288 648 29
1288 648 29
1288 648 29
1288 647 32
1288 647 32
1287 647 24
1287 647 24
1287 646 26
1287 646 26
1287 646 26
1287 646 26
1287 646 26
1286 645 23
1286 645 23
1286 645 23
1286 645 23
1286 645 23
1286 644 26
1286 644 26
1286 644 26
1286 644 26
1285 644 22
1285 643 26
1285 643 26
1285 643 26
1285 642 29
1284 642 26
1284 642 26
1284 642 26
1284 642 26
1284 641 29
1284 641 29
1284 641 29
1283 640 27
1283 640 27
1283 640 27
1283 640 27
1283 640 27
1283 639 29
1282 639 26
1282 639 26
1282 638 27
1282 638 27
1281 637 23
1281 637 23
1281 637 23
1281 636 25
1281 636 25
1281 636 25
1280 635 20
1280 635 20
1280 634 22
1280 634 22
1280 634 22
1280 634 22
1280 633 23
1280 633 23
1280 633 23
1280 632 24
1279 632 19
1279 632 19
1279 631 19
1279 631 19
1279 631 19
1279 630 21
1279 630 21
1279 630 21
1279 629 22
1278 629 16
1278 628 17
1278 628 17
1278 628 17
1278 627 20
1278 627 20
1278 626 22
1278 626 22
1278 626 22
1278 626 22
1278 626 22
1278 625 24
1278 625 24
1277 625 21
1277 624 23
1277 624 23
1277 624 23
1277 624 23
1277 624 23
1277 623 26
1276 623 23
1276 622 25
1276 622 25
1276 622 25
1276 622 25
1276 621 27
1276 621 27
1276 621 27
1275 621 25
1275 620 27
1275 620 27
1275 620 27
1275 620 27
1275 619 30
1274 619 27
1274 619 27
1274 619 27
1274 618 30
1274 618 30
1274 618 30
1273 618 28
1273 618 28
1273 618 28
1273 618 28
1273 617 31
1273 617 31
1272 617 30
1272 617 30
1272 616 35
1272 616 35
1272 616 35
1271 616 33
1271 616 33
1271 616 33
1271 615 36
1271 615 36
1270 615 35
1270 615 35
1270 615 35
1270 614 39
1270 614 39
1270 614 39
1269 614 34
1269 614 34
1269 614 34
1269 614 34
1269 613 37
1268 613 30
1268 613 30
1268 613 30
1268 613 30
1268 612 34
1268 612 34
1268 612 34
1268 612 34
1267 612 28
1267 612 28
1267 612 28
1267 611 34
1267 611 34
1266 611 30
1266 611 30
1266 611 30
1266 610 36
1266 610 36
1265 610 31
1265 610 31
1265 610 31
1265 610 31
1265 610 31
1265 610 31
1264 609 33
1264 609 33
1264 609 33
1264 609 33
1264 609 33
1264 609 33
1264 608 39
1263 608 32
1263 608 32
1263 608 32
1263 608 32
1263 608 32
1263 608 32
1262 607 30
1262 607 30
1262 607 30
1262 607 30
1262 606 33
1262 606 33
1262 606 33
1262 606 33
1262 606 33
1262 605 37
1261 605 30
1261 605 30
1261 605 30
1261 605 30
1261 604 33
1260 604 26
1260 604 26
1260 603 27
1260 603 27
1260 603 27
1260 602 28
1260 602 28
1260 602 28
1260 602 28
1260 602 28
1260 602 28
1259 602 22
1259 601 23
1259 601 23
1259 601 23
1259 601 23
1259 600 23
1259 600 23
1259 600 23
1259 600 23
1259 600 23
1259 599 23
1259 599 23
1259 599 23
1259 599 23
1260 598 25
1260 598 25
1260 598 25
1260 598 25
1260 598 25
1260 598 25
1260 597 24
1260 597 24
1260 597 24
1261 597 27
1261 597 27
1261 596 25
1261 596 25
1262 596 27
1262 596 27
1262 596 27
1262 596 27
1262 596 27
1262 596 27
1263 596 28
1263 596 28
Stop
Start
1263 596 28
1263 596 28
1263 596 28
1264 596 30
1264 596 30
1264 596 30
1264 597 31
1264 597 31
1264 597 31
1265 597 33
1265 597 33
1265 597 33
1265 597 33
1266 597 36
1266 597 36
1266 597 36
1266 597 36
1267 596 38
1267 596 38
1267 596 38
1267 596 38
1268 596 43
1268 596 43
1268 596 43
1268 596 43
1268 595 43
1268 595 43
1268 595 43
1268 594 44
1268 594 44
1268 594 44
1268 594 44
1268 594 44
1268 593 45
1268 593 45
1268 593 45
1268 593 45
1268 592 47
1268 592 47
1268 592 47
1268 592 47
1268 592 47
1267 592 42
1267 591 45
1267 591 45
1267 591 45
1267 590 45
1266 590 40
1266 590 40
1266 590 40
1266 590 40
1266 590 40
1266 589 43
1266 589 43
1266 589 43
1265 589 37
1265 589 37
1265 589 37
1265 589 37
1265 588 40
1265 588 40
1264 588 37
1264 588 37
1264 588 37
1264 588 37
1264 587 39
1264 587 39
1264 587 39
1263 587 35
1263 587 35
1263 587 35
1263 586 38
1262 586 35
1262 586 35
1262 586 35
1262 586 35
1262 586 35
1262 586 35
1261 585 35
1261 585 35
1261 585 35
1261 585 35
1260 585 31
1260 585 31
1260 585 31
1260 584 35
1260 584 35
1260 584 35
1259 584 31
1259 584 31
1259 584 31
1259 584 31
1258 584 28
1258 584 28
1258 583 31
1258 583 31
1258 583 31
1257 583 28
1257 583 28
1257 583 28
1256 583 27
1256 583 27
1256 583 27
1256 582 31
1255 582 30
1255 582 30
1255 582 30
1254 582 30
1254 582 30
1254 582 30
1254 582 30
1253 582 31
1253 582 31
1253 582 31
1253 582 31
1252 581 33
1252 581 33
1252 581 33
1251 581 32
1251 581 32
1250 581 29
1250 581 29
1250 581 29
1250 581 29
1249 581 26
1249 581 26
1249 581 26
1248 580 29
1248 580 29
1248 580 29
1247 580 27
1247 580 27
1247 580 27
1247 580 27
1246 580 27
1246 580 27
1246 580 27
1245 580 27
1245 580 27
1245 580 27
1244 580 27
1244 580 27
1244 580 27
1243 580 28
1243 580 28
1243 580 28
1242 580 27
1242 580 27
1241 579 33
1240 579 32
1240 579 32
1240 579 32
1239 579 31
1239 579 31
1238 579 30
1237 579 29
1237 579 29
1236 579 28
1236 578 34
1235 578 33
1234 578 32
1234 578 32
1233 578 31
1233 578 31
1233 578 31
1233 578 31
1232 578 30
1232 578 30
1232 578 30
1232 578 30
1231 578 29
1231 578 29
1231 578 29
1230 578 28
1230 578 28
1230 578 28
1230 578 28
1229 578 27
1229 578 27
1229 578 27
1229 578 27
1228 578 26
1228 578 26
1228 577 32
1228 577 32
1227 577 31
1226 577 30
1226 577 30
1226 577 30
1226 577 30
1226 577 30
1225 577 28
1225 577 28
1225 577 28
1224 577 26
1224 576 32
1224 576 32
1223 576 31
1223 576 31
1223 576 31
1223 576 31
1222 576 29
1222 576 29
1222 576 29
1222 576 29
1221 576 28
1221 576 28
1221 576 28
1220 576 27
1220 576 27
1219 576 26
1219 576 26
1218 575 33
1218 575 33
1218 575 33
1218 575 33
1218 575 33
1217 575 33
1217 575 33
1217 575 33
1216 575 33
1216 575 33
1216 575 33
1215 575 33
1215 575 33
1214 575 34
1214 575 34
1214 575 34
1213 575 35
1213 575 35
1213 575 35
1212 575 37
1212 575 37
1212 575 37
1211 575 39
1211 575 39
1211 575 39
1211 575 39
1210 575 41
1210 575 41
1210 575 41
1209 576 36
1209 576 36
1208 576 37
1208 576 37
1208 576 37
1207 576 39
1207 576 39
1207 576 39
1206 576 40
1206 576 40
1205 576 42
1205 576 42
1204 576 43
1204 576 43
1204 576 43
1203 576 43
1203 576 43
1203 576 43
1202 576 44
1202 577 36
1202 577 36
1201 577 37
1201 577 37
1201 577 37
1200 577 37
1200 577 37
1200 577 37
1199 577 38
1199 577 38
1199 577 38
1198 578 34
1198 578 34
1198 578 34
1197 578 35
1197 578 35
1197 578 35
1197 578 35
1196 578 36
1196 578 36
1196 578 36
1196 579 30
1196 579 30
1195 579 32
1195 579 32
1195 579 32
1195 579 32
1194 579 34
1194 580 28
1194 580 28
1194 580 28
1194 580 28
1193 580 33
1193 580 33
1193 580 33
1193 581 27
1193 581 27
1192 581 32
1192 581 32
1192 581 32
1192 581 32
1192 582 27
1192 582 27
1191 582 33
1191 582 33
1191 582 33
1191 582 33
1190 582 40
1190 582 40
1190 583 35
1190 583 35
1190 583 35
1190 584 28
1190 584 28
1189 584 35
1189 584 35
1189 584 35
1189 584 35
1189 585 30
1189 585 30
1189 585 30
1188 585 36
1188 585 36
1188 585 36
1188 586 29
1188 586 29
1188 586 29
1187 586 33
1187 586 33
1187 586 33
1187 587 27
1187 587 27
1186 587 30
1186 587 30
1186 587 30
1186 587 30
1186 587 30
1185 588 24
1185 588 24
1185 588 24
1184 588 24
1184 588 24
1184 588 24
1184 588 24
1184 588 24
1183 588 23
1183 588 23
1183 588 23
1183 588 23
Stop
Start
1083 631 44
Stop
Start
1088 627 22
1088 626 25
1088 626 25
1088 626 25
1088 626 25
1088 626 25
1088 626 25
Stop
New Layer
Start
1291 730 18
1291 730 18
1291 730 18
1291 730 18
1290 730 20
1290 730 20
1290 730 20
1290 730 20
1289 730 21
1289 730 21
1289 730 21
1289 730 21
1289 730 21
1288 730 22
1288 730 22
1288 730 22
1288 730 22
1287 730 21
1287 730 21
1287 730 21
1287 730 21
1286 730 21
1286 730 21
1286 730 21
1285 730 22
1285 730 22
1285 730 22
1285 730 22
1284 730 24
1284 730 24
1284 730 24
1283 730 24
1283 730 24
1283 730 24
1282 730 24
1282 730 24
1282 730 24
1282 730 24
1281 730 24
1281 730 24
1281 730 24
1281 730 24
1280 730 24
1280 730 24
1280 730 24
1279 730 24
1279 730 24
1279 730 24
1279 730 24
1278 730 25
1278 730 25
1278 730 25
1278 730 25
1277 730 25
1277 730 25
1277 730 25
1276 730 25
1276 730 25
1276 730 25
1275 730 24
1275 730 24
1275 730 24
1274 730 24
1274 730 24
1274 730 24
1273 730 25
1273 730 25
1273 730 25
1272 730 25
1272 730 25
1272 730 25
1271 730 25
1271 730 25
1271 730 25
1270 730 25
1270 730 25
1269 730 25
1269 730 25
1269 730 25
1268 730 25
1268 730 25
1268 730 25
1267 730 24
1267 730 24
1267 730 24
1266 730 24
1266 729 16
1266 729 16
1265 729 16
1265 729 16
1265 729 16
1264 729 17
1264 729 17
1264 729 17
1263 729 18
1263 729 18
1263 729 18
1263 729 18
1262 729 18
1262 729 18
1262 729 18
1262 729 18
1261 729 19
1261 729 19
1261 729 19
1261 729 19
1260 729 20
1260 729 20
1260 729 20
1260 729 20
1260 729 20
1259 729 20
1259 729 20
1259 728 12
1258 728 12
1258 728 12
1257 728 12
1257 728 12
1257 728 12
1256 728 12
1256 728 12
1255 728 12
1255 728 12
1255 728 12
1254 728 11
1254 728 11
1253 728 10
1253 728 10
1252 728 9
1252 728 9
1252 728 9
1251 728 9
1251 728 9
1251 728 9
1251 728 9
1250 728 8
1250 728 8
1250 728 8
1250 728 8
1250 728 8
1249 728 7
1249 728 7
1249 728 7
1249 728 7
1248 728 7
1248 728 7
1248 728 7
1248 728 7
1247 728 6
1247 728 6
1247 728 6
1247 728 6
1246 728 6
1246 728 6
1246 729 12
1246 729 12
1246 729 12
1245 729 13
1245 729 13
1245 729 13
1244 729 13
1244 729 13
1244 729 13
1244 729 13
1243 729 14
1243 729 14
1242 729 14
1242 729 14
1242 729 14
1241 729 14
1241 729 14
1241 729 14
1241 730 22
1240 730 22
1240 730 22
1240 730 22
1240 730 22
1239 730 20
1239 730 20
1239 730 20
1239 730 20
1238 730 18
1238 730 18
1238 730 18
1238 730 18
1238 730 18
1237 730 16
1237 731 23
1237 731 23
1237 731 23
1236 731 20
1236 731 20
1236 731 20
1236 731 20
1236 731 20
1235 732 24
1235 732 24
1235 732 24
1234 732 21
1234 732 21
1234 732 21
1234 732 21
1234 732 21
1233 732 20
1233 732 20
1233 732 20
1232 732 20
1232 733 29
1232 733 29
1232 733 29
1232 733 29
1231 733 31
1231 733 31
1231 733 31
1231 733 31
1230 733 34
1230 733 34
1230 733 34
1229 733 38
1229 733 38
1229 733 38
1228 733 42
1228 733 42
1228 733 42
1228 733 42
1227 733 45
1227 733 45
1227 733 45
1227 732 36
1226 732 39
1226 732 39
1226 732 39
1226 732 39
1226 732 39
1225 732 40
1225 732 40
1225 731 30
1224 731 30
1224 731 30
1224 731 30
1224 731 30
1224 731 30
1223 731 28
1223 731 28
1223 731 28
1223 731 28
1222 731 27
1222 730 20
1222 730 20
1222 730 20
1221 730 18
1221 730 18
1221 730 18
1220 730 18
1220 730 18
1220 730 18
1219 730 19
1219 730 19
1219 730 19
1218 730 21
1218 730 21
1218 730 21
1218 730 21
1217 730 22
1217 730 22
1217 730 22
1216 730 22
1216 730 22
1216 730 22
1216 730 22
1216 730 22
1215 730 22
1215 730 22
1215 730 22
1215 730 22
1214 730 22
1214 730 22
1214 730 22
1214 730 22
1213 730 21
1213 730 21
1213 730 21
1213 730 21
1213 730 21
1212 730 19
1212 730 19
1212 730 19
1211 731 28
1211 731 28
1211 731 28
1211 731 28
1210 731 26
1210 731 26
1210 731 26
1210 731 26
1209 731 23
1209 731 23
1209 731 23
1208 731 19
1208 731 19
1208 731 19
1207 731 17
1207 731 17
1207 731 17
1206 731 15
1206 732 24
1206 732 24
1205 732 25
1205 732 25
1204 732 28
1204 732 28
1204 732 28
1204 732 28
1203 732 29
1203 732 29
1203 732 29
1202 732 32
1202 732 32
1201 732 35
1201 732 35
1201 732 35
1201 732 35
1200 732 36
1200 732 36
1200 731 26
1200 731 26
1200 731 26
1199 731 26
1199 731 26
1199 731 26
1199 731 26
1198 731 24
1198 731 24
1198 731 24
1198 731 24
1197 731 21
1197 731 21
1197 731 21
1197 731 21
1196 731 18
1196 731 18
1196 731 18
1196 731 18
1196 731 18
1195 731 15
1195 731 15
1195 731 15
1195 731 15
1194 731 13
1194 731 13
1194 731 13
1194 731 13
1194 731 13
1193 731 12
1193 731 12
1193 731 12
1193 731 12
1193 731 12
1192 731 11
1192 731 11
1192 731 11
1192 731 11
1191 731 11
1191 731 11
1191 732 19
1190 732 18
1190 732 18
1190 732 18
1190 732 18
1189 732 17
1189 732 17
1189 732 17
1189 732 17
1188 732 17
1188 732 17
1188 732 17
1187 732 18
1187 732 18
1187 732 18
1186 732 19
1186 732 19
1186 732 19
1186 732 19
1185 732 20
1185 732 20
1185 732 20
1184 732 21
1184 732 21
1183 732 22
1183 732 22
1183 732 22
1182 732 21
1182 732 21
1181 732 20
1181 732 20
1181 732 20
1180 732 20
1180 732 20
1180 732 20
1179 732 19
1179 732 19
1179 732 19
1178 732 19
1178 732 19
1178 732 19
1177 732 20
1177 732 20
1177 732 20
1177 732 20
1176 732 20
1176 732 20
1176 732 20
1176 732 20
1175 732 20
1175 732 20
1175 732 20
1174 732 20
1174 732 20
1174 732 20
1174 732 20
1173 732 21
1173 732 21
1173 732 21
1173 732 21
1173 732 21
1172 732 21
1172 732 21
1172 732 21
1171 732 21
1171 732 21
1171 732 21
1171 732 21
1170 732 22
1170 732 22
1170 732 22
1169 732 23
1169 732 23
1169 732 23
1168 732 24
1168 731 15
1167 731 17
1167 731 17
1167 731 17
1166 731 18
1166 731 18
1165 731 21
1165 731 21
1164 731 23
1164 731 23
1163 731 25
1163 730 18
1163 730 18
1163 730 18
1162 730 19
1162 730 19
1162 730 19
1161 730 21
1161 730 21
1161 730 21
1160 730 21
1160 730 21
1159 730 22
1159 730 22
1159 730 22
1159 730 22
1158 730 22
1158 730 22
1158 730 22
1158 730 22
1157 730 22
1157 730 22
1157 730 22
1156 730 22
1156 730 22
1156 730 22
1156 730 22
1155 730 21
1155 730 21
1155 730 21
1154 730 19
1154 730 19
1154 730 19
1153 730 18
1153 730 18
1153 730 18
1153 730 18
1152 730 18
1152 730 18
1152 730 18
1152 730 18
1151 730 16
1151 730 16
1151 730 16
1150 730 14
1150 730 14
1150 730 14
1149 730 12
1149 730 12
1149 730 12
1148 730 11
1148 730 11
1147 730 10
1147 730 10
1147 730 10
1147 730 10
1147 730 10
1146 730 9
1146 730 9
1146 730 9
1145 730 7
1145 731 14
1145 731 14
1144 731 14
1144 731 14
1144 731 14
1143 731 13
1143 731 13
1143 731 13
1143 731 13
1142 731 13
1142 731 13
1141 731 13
1141 731 13
1140 731 13
1140 731 13
1139 731 13
1139 731 13
1138 732 22
1138 732 22
1137 732 22
1137 732 22
1137 732 22
1136 732 21
1136 732 21
1135 732 21
1135 732 21
1135 732 21
1134 732 20
1134 732 20
1133 732 18
1133 732 18
1133 732 18
1132 732 16
1131 732 15
1131 733 22
1131 733 22
1130 733 21
1130 733 21
1130 733 21
1129 733 19
1129 733 19
1129 733 19
1128 733 17
1128 733 17
1128 733 17
1127 733 16
1127 733 16
1127 733 16
1126 733 15
1126 733 15
1126 733 15
1125 733 13
1125 733 13
1125 733 13
1125 733 13
1124 734 23
1124 734 23
1124 734 23
1124 734 23
1123 734 22
1123 734 22
1123 734 22
1122 734 22
1122 734 22
1122 734 22
1121 734 22
1121 734 22
1120 734 23
1120 734 23
1120 734 23
1119 734 23
1118 734 23
1118 734 23
1117 734 23
1117 734 23
1116 734 22
1116 734 22
1115 734 22
1115 734 22
1114 734 21
1114 734 21
1114 734 21
1114 734 21
1113 734 21
1113 734 21
1113 734 21
1113 734 21
1112 734 21
1112 734 21
1112 734 21
1112 734 21
1111 734 22
1111 734 22
1111 734 22
1111 734 22
1110 734 22
1110 734 22
1110 734 22
1110 734 22
1110 734 22
1109 734 23
1109 734 23
1109 734 23
1108 734 22
1108 734 22
1108 734 22
1108 734 22
1107 734 22
1107 734 22
1106 734 23
1106 734 23
1106 734 23
1105 734 23
1105 734 23
1104 734 22
1104 734 22
1103 734 21
1103 734 21
1103 734 21
1102 734 20
1102 734 20
1102 734 20
1102 734 20
1101 734 18
1101 734 18
1101 734 18
1100 734 17
1100 734 17
1099 734 16
1099 734 16
1099 734 16
1099 734 16
1098 734 16
1098 734 16
1098 734 16
1097 734 16
1097 734 16
1097 734 16
1096 734 17
1096 734 17
1096 734 17
1095 734 18
1095 734 18
1095 734 18
1094 735 25
1094 735 25
1094 735 25
1093 735 25
1092 735 23
1092 735 23
1092 735 23
1091 735 21
1091 735 21
1091 735 21
1091 735 21
1090 735 19
1090 735 19
1090 736 28
1089 736 25
1089 736 25
1089 736 25
1088 736 24
1088 736 24
1088 736 24
1087 736 22
1087 736 22
1087 736 22
1086 737 27
1086 737 27
1086 737 27
1086 737 27
1085 737 25
1085 737 25
1085 737 25
1085 737 25
1084 737 24
1084 737 24
1084 738 34
1083 738 33
1083 738 33
1083 738 33
1083 738 33
1083 738 33
1082 738 31
1082 738 31
1082 738 31
1082 738 31
1082 738 31
1082 739 39
1081 739 36
1081 739 36
1081 739 36
1081 739 36
1081 739 36
1081 739 36
1080 739 34
1080 740 40
1080 740 40
1080 740 40
1080 740 40
1080 740 40
1079 740 37
1079 740 37
1079 740 37
1079 740 37
1079 741 43
1078 741 40
1078 741 40
1078 741 40
1078 741 40
1077 741 37
1077 741 37
1077 741 37
1077 741 37
1077 741 37
1076 741 36
1076 742 44
1076 742 44
1076 742 44
1076 742 44
1075 742 44
1075 742 44
1075 742 44
1075 742 44
1075 742 44
1074 742 43
1074 742 43
1074 742 43
1074 741 36
1074 741 36
1074 741 36
1074 741 36
1073 740 34
1073 740 34
1073 740 34
1073 740 34
1073 740 34
1073 739 29
1073 739 29
1073 739 29
1073 739 29
1073 738 25
1073 738 25
1073 738 25
1073 737 24
1073 737 24
1073 737 24
1073 737 24
1073 737 24
1073 736 24
1073 736 24
1073 736 24
1072 736 28
1072 736 28
1072 736 28
1072 735 27
1072 735 27
1072 735 27
1072 735 27
1072 734 26
1072 734 26
1072 734 26
1072 734 26
1072 733 26
1072 733 26
1072 733 26
1072 733 26
1072 733 26
1072 732 25
1072 732 25
1072 732 25
1072 731 25
1072 731 25
1071 731 29
1071 730 28
1071 730 28
1071 730 28
1071 730 28
1071 729 28
1071 729 28
1071 729 28
1071 729 28
1071 728 29
1071 728 29
1071 728 29
1071 728 29
1071 727 29
1071 727 29
1071 727 29
1071 727 29
1071 726 31
1071 726 31
1071 726 31
1071 725 32
1071 725 32
1071 725 32
1071 724 33
1072 724 28
1072 724 28
1072 723 29
1072 723 29
1072 723 29
1072 723 29
1072 722 30
1072 722 30
1072 722 30
1073 722 26
1073 721 28
1073 721 28
1073 721 28
1073 721 28
1073 720 29
1073 720 29
1073 720 29
1074 719 24
1074 719 24
1074 719 24
1074 718 25
1074 718 25
1074 718 25
1074 717 27
1075 717 20
1075 717 20
1075 716 22
1075 716 22
1075 716 22
1075 715 23
1075 715 23
1075 715 23
1075 714 24
1076 714 18
1076 713 17
1076 713 17
1076 713 17
1076 713 17
1076 712 16
1076 712 16
1076 712 16
1076 712 16
1076 711 15
1076 711 15
1076 711 15
1076 711 15
1076 710 15
1076 710 15
1076 710 15
1076 710 15
1076 710 15
1076 709 15
1076 709 15
1076 709 15
1076 709 15
1076 708 14
1076 708 14
1076 708 14
1076 707 14
1076 707 14
1076 707 14
1076 706 14
1076 706 14
1076 706 14
1076 706 14
1076 706 14
1076 705 12
1075 705 17
1075 705 17
1075 705 17
1075 704 15
1075 704 15
1075 704 15
1075 704 15
1075 704 15
1074 703 18
1074 703 18
1074 703 18
1074 703 18
1074 702 15
1074 702 15
1073 702 22
1073 701 17
1073 701 17
1073 701 17
1073 701 17
1073 700 13
1072 700 17
1072 700 17
1072 699 13
1072 699 13
1071 699 17
1071 699 17
1071 699 17
1071 698 13
1071 698 13
1070 698 15
1070 698 15
1070 698 15
1070 698 15
1069 698 18
1069 698 18
1069 698 18
1068 697 16
1068 697 16
1068 697 16
1068 697 16
1067 697 17
1067 697 17
1067 697 17
1067 697 17
1067 697 17
1066 697 19
1066 697 19
1066 697 19
1066 697 19
1065 697 21
1065 697 21
1065 697 21
1065 697 21
1064 697 23
1064 697 23
1064 697 23
1064 697 23
1064 697 23
1063 696 22
1063 696 22
1063 696 22
1062 696 24
1062 696 24
1062 696 24
1062 696 24
1062 696 24
1062 695 19
1062 695 19
1061 695 24
1061 695 24
1061 694 20
1061 694 20
1061 694 20
1061 693 18
1061 693 18
1061 693 18
1061 693 18
1061 693 18
1061 692 18
1061 692 18
1061 692 18
1061 692 18
1061 692 18
1061 691 19
1061 691 19
1061 691 19
1061 691 19
1061 691 19
1061 690 20
1061 690 20
1061 690 20
1061 690 20
1061 690 20
1061 689 23
1061 689 23
1061 689 23
1061 689 23
1061 688 27
1061 688 27
1061 688 27
1061 688 27
1061 687 31
1061 687 31
1061 687 31
1061 687 31
1061 686 34
1061 686 34
1062 686 28
1062 685 31
1062 685 31
1062 685 31
1062 685 31
1062 685 31
1062 684 33
1062 684 33
1062 684 33
1063 684 26
1063 684 26
1063 684 26
1063 683 29
1063 683 29
1063 683 29
1063 683 29
1063 683 29
1064 683 23
1064 682 25
1064 682 25
1065 682 21
1065 681 26
1065 681 26
1065 681 26
1065 681 26
1065 681 26
1065 681 26
1066 681 21
1066 681 21
1066 680 26
1066 680 26
1066 680 26
1066 680 26
1066 680 26
1067 680 22
1067 679 26
1067 679 26
1067 679 26
1067 679 26
1068 678 26
1068 678 26
1069 677 26
1069 677 26
1069 677 26
1069 676 31
1070 676 28
1070 676 28
1070 675 33
1071 675 31
1071 675 31
1071 674 37
1072 674 33
1072 674 33
1072 674 33
1073 673 36
1073 673 36
1073 673 36
1073 673 36
1073 673 36
1074 672 35
1074 672 35
1074 672 35
1074 672 35
1074 672 35
1075 671 32
1075 671 32
1075 671 32
1075 671 32
1075 671 32
1076 670 28
1076 670 28
1076 670 28
1076 670 28
1076 670 28
1077 669 24
1077 669 24
1077 669 24
1077 669 24
1078 668 20
1078 668 20
1078 668 20
1078 668 20
1079 667 19
1079 667 19
1079 667 19
1079 667 19
1079 667 19
1080 666 18
1080 666 18
1080 665 24
1080 665 24
1081 665 20
1081 665 20
1081 664 24
1081 664 24
1081 664 24
1081 664 24
1082 664 18
1082 663 22
1082 663 22
1082 663 22
1082 662 25
1082 662 25
1082 662 25
1082 662 25
1083 661 23
1083 661 23
1083 661 23
1083 661 23
1083 660 26
1083 660 26
1083 660 26
1083 660 26
1083 659 28
1083 659 28
1084 659 22
1084 659 22
1084 659 22
1084 658 23
1084 658 23
1084 658 23
1084 658 23
1084 657 22
1084 657 22
1084 657 22
1084 657 22
1084 657 22
1084 656 22
1084 656 22
1084 656 22
1084 656 22
1084 656 22
1084 655 20
1084 655 20
1084 655 20
1084 655 20
1084 655 20
1084 654 19
1084 654 19
1084 654 19
1084 654 19
1084 654 19
1084 653 17
1084 653 17
1084 653 17
1084 653 17
1084 653 17
1084 652 17
1084 652 17
1084 652 17
1084 652 17
1084 652 17
1084 651 17
1084 651 17
1084 651 17
1084 651 17
1084 650 18
1084 650 18
1084 650 18
1084 650 18
1084 649 19
1084 649 19
1084 649 19
1084 649 19
1084 648 21
1084 648 21
1084 648 21
1084 647 22
1084 647 22
1084 647 22
1084 646 24
1084 646 24
1084 646 24
1084 645 26
1084 645 26
1084 645 26
1084 645 26
1084 645 26
1084 644 27
1084 644 27
1084 644 27
1084 644 27
1084 643 28
1084 643 28
1084 643 28
1084 643 28
1084 642 28
1084 642 28
1084 642 28
1084 642 28
1084 642 28
1084 641 29
1084 641 29
1084 641 29
1084 640 31
1085 640 26
1085 640 26
1085 640 26
1085 639 26
1085 639 26
1085 639 26
1085 639 26
1085 639 26
1085 638 27
1085 638 27
1085 638 27
1085 637 28
1085 637 28
1085 637 28
1086 637 22
1086 636 22
1086 636 22
1086 636 22
1086 636 22
1086 635 23
1086 635 23
1086 635 23
1086 634 24
1086 634 24
1086 634 24
1086 634 24
1086 633 25
1086 633 25
1086 633 25
1086 632 26
1086 632 26
1086 632 26
1086 631 27
1086 631 27
1086 631 27
1087 631 20
1087 630 21
1087 630 21
1087 630 21
1087 629 23
1087 629 23
1087 629 23
1087 628 25
1087 628 25
1087 628 25
1088 627 22
1088 627 22
1088 627 22
1088 627 22
1088 627 22
1088 627 22
1088 626 25
1088 626 25
1088 626 25
1088 626 25
1088 626 25
1088 626 25
1089 625 24
1089 625 24
1089 625 24
1089 625 24
1089 625 24
1089 625 24
1090 624 21
1090 624 21
1090 624 21
1090 624 21
1090 624 21
1090 624 21
1090 623 24
1090 623 24
1091 623 18
1091 623 18
1091 623 18
1091 623 18
1091 622 22
1091 622 22
1092 622 15
1092 622 15
1092 622 15
1092 621 19
1092 621 19
1093 621 12
1093 621 12
1093 621 12
1093 621 12
1093 620 16
1093 620 16
1094 620 9
1094 620 9
1094 619 13
1094 619 13
1094 619 13
1094 618 18
1095 618 12
1095 618 12
1095 618 12
1095 618 12
1095 618 12
1095 618 12
1095 617 18
1095 617 18
1095 617 18
1095 616 24
1096 616 16
1096 616 16
1096 616 16
1096 616 16
1096 615 21
1096 615 21
1096 615 21
1097 615 16
1097 614 19
1097 614 19
1097 614 19
1097 614 19
1097 614 19
1097 613 23
1097 613 23
1097 613 23
1097 613 23
1097 612 25
1098 612 18
1098 612 18
1098 612 18
1098 612 18
1098 611 19
1098 611 19
1098 611 19
1098 611 19
1098 610 21
1098 610 21
1098 610 21
1098 610 21
1098 610 21
1098 609 22
1098 609 22
1098 609 22
1098 609 22
1098 609 22
1098 609 22
Stop
Start
1098 608 22
1098 608 22
1098 608 22
1098 608 22
1098 607 23
1097 607 26
1097 607 26
1097 606 25
1097 606 25
1096 605 26
1096 605 26
1096 605 26
1096 605 26
1096 605 26
1096 604 24
1095 604 26
1095 604 26
1095 604 26
1095 603 24
1095 603 24
1095 603 24
1095 603 24
1094 603 26
1094 603 26
1094 603 26
1094 602 25
1094 602 25
1094 602 25
1094 602 25
1094 602 25
1093 602 28
1093 601 26
1093 601 26
1093 601 26
1093 601 26
1093 601 26
1093 601 26
1093 600 25
1092 600 29
1092 600 29
1092 600 29
1092 600 29
1092 600 29
1092 599 26
1092 599 26
1092 599 26
1092 599 26
1091 599 30
1091 598 28
1091 598 28
1091 598 28
1091 598 28
1091 598 28
1091 597 24
1091 597 24
1091 597 24
1091 597 24
1090 597 28
1090 597 28
1090 596 25
1090 596 25
1090 596 25
1090 596 25
1090 595 22
1090 595 22
1090 595 22
1090 594 20
1089 594 26
1089 594 26
1089 594 26
1089 593 25
1089 593 25
1089 593 25
1089 593 25
1089 593 25
1089 592 23
1089 592 23
1089 592 23
1089 591 26
1089 591 26
1089 591 26
1089 591 26
1089 591 26
1089 590 27
1089 590 27
1089 590 27
1089 590 27
1089 590 27
1089 589 30
1089 589 30
1089 589 30
1089 589 30
1090 589 25
1090 589 25
1090 589 25
1090 588 29
1090 588 29
1090 588 29
1090 588 29
1090 588 29
1091 588 26
1091 587 30
1091 587 30
1091 587 30
1091 587 30
1091 587 30
1091 587 30
1091 586 35
1092 586 29
1092 586 29
1092 586 29
1092 585 33
1092 585 33
1092 585 33
1092 584 36
1093 584 31
1093 584 31
1093 584 31
1093 584 31
1093 583 34
1093 583 34
1093 583 34
1094 583 29
1094 583 29
1094 582 32
1094 582 32
1094 582 32
1094 582 32
1095 582 28
1095 581 31
1095 581 31
1095 581 31
1095 581 31
1095 581 31
1096 581 27
1096 581 27
1096 581 27
1096 581 27
1097 580 28
1097 580 28
1097 580 28
1097 580 28
1098 580 25
1098 580 25
1098 580 25
1098 580 25
1098 580 25
1099 580 25
1099 580 25
1099 580 25
1099 580 25
1100 580 26
1100 581 20
1100 581 20
1100 581 20
1101 581 23
1101 581 23
1101 581 23
1101 581 23
1101 581 23
1102 581 25
1102 581 25
1102 581 25
1102 581 25
1102 581 25
1103 581 26
1103 582 21
1103 582 21
1103 582 21
1104 582 22
1104 582 22
1104 582 22
1105 582 20
1105 582 20
1105 582 20
1105 582 20
1105 582 20
1106 582 19
1106 582 19
1106 581 23
1106 581 23
1107 581 21
1107 581 21
1107 581 21
1108 581 19
1108 581 19
1108 580 23
1108 580 23
1109 580 20
1109 580 20
1109 580 20
1109 580 20
1110 579 20
1110 579 20
1110 579 20
1110 579 20
1110 579 20
1110 579 20
1110 578 23
1111 578 20
1111 578 20
1111 578 20
1111 578 20
1111 578 20
1111 578 20
1111 577 25
1111 577 25
1111 577 25
1112 577 25
1112 577 25
1112 577 25
1112 576 30
1112 576 30
1113 576 30
1113 576 30
1113 576 30
1113 576 30
1113 576 30
1114 576 30
1114 576 30
1114 576 30
1114 576 30
1115 576 31
1115 576 31
1115 576 31
1115 576 31
1115 576 31
1116 576 32
1116 576 32
1116 576 32
1117 576 33
1117 577 26
1117 577 26
1117 577 26
1117 577 26
1118 577 27
1118 577 27
1118 577 27
1118 577 27
1118 577 27
1119 578 20
1119 578 20
1119 578 20
1119 578 20
1120 578 20
1120 578 20
1120 578 20
1120 578 20
1120 578 20
1121 578 21
1121 578 21
1121 578 21
1122 578 21
1122 578 21
1123 578 21
1123 578 21
1123 578 21
1124 578 21
1125 579 17
1125 579 17
1125 579 17
1125 579 17
1126 579 17
1126 579 17
1126 579 17
1126 579 17
1127 579 17
1127 579 17
1127 579 17
1128 579 16
1128 579 16
1128 579 16
1129 579 15
1129 579 15
1129 579 15
1129 579 15
1130 578 19
1130 578 19
1130 578 19
1130 578 19
1131 578 18
1131 578 18
1131 578 18
1131 578 18
1131 578 18
1132 578 16
1132 578 16
1132 578 16
1132 578 16
1132 578 16
1132 578 16
1133 578 16
1133 578 16
1133 578 16
1133 577 23
1134 577 22
1134 577 22
1134 577 22
1134 577 22
1135 577 22
1135 577 22
1135 577 22
1136 577 23
1136 577 23
1136 577 23
1137 577 24
1137 577 24
1137 577 24
1138 577 24
1138 577 24
1138 577 24
1138 577 24
1138 577 24
1139 577 24
1139 577 24
1139 577 24
1139 577 24
1140 577 24
1140 577 24
1140 577 24
1141 577 23
1141 577 23
1141 577 23
1142 577 20
1142 577 20
1142 576 26
1142 576 26
1142 576 26
1143 576 24
1143 576 24
1143 576 24
1144 576 22
1144 576 22
1145 576 22
1145 576 22
1145 576 22
1145 576 22
1146 576 22
1146 576 22
1146 576 22
1147 576 23
1147 576 23
1147 576 23
1147 576 23
1147 576 23
1148 576 25
1148 576 25
1148 576 25
1149 576 28
1149 576 28
1149 576 28
1150 576 30
1150 576 30
1150 576 30
1150 576 30
1151 576 31
1151 576 31
1151 576 31
1151 576 31
1152 576 33
1152 576 33
1152 576 33
1152 576 33
1153 576 34
1153 576 34
1153 576 34
1153 577 26
1154 577 27
1154 577 27
1154 577 27
1154 577 27
1155 577 28
1155 577 28
1155 577 28
1155 577 28
1156 577 29
1156 577 29
1156 577 29
1156 577 29
1157 577 31
1157 578 22
1157 578 22
1157 578 22
1158 578 26
1158 578 26
1158 578 26
1159 578 29
1159 578 29
1159 578 29
1159 579 21
1160 579 24
1160 579 24
1160 579 24
1160 579 24
1161 579 26
1161 579 26
1161 579 26
1161 579 26
1161 580 17
1162 580 21
1162 580 21
1162 580 21
1163 580 24
1163 580 24
1163 580 24
1163 580 24
1164 580 28
1164 580 28
1164 581 22
1164 581 22
1165 581 26
1165 581 26
1165 581 26
1166 581 30
1166 581 30
1166 581 30
1166 582 23
1167 582 25
1167 582 25
1167 582 25
1167 582 25
1168 582 27
1168 582 27
1168 582 27
1169 583 21
1169 583 21
1169 583 21
1169 583 21
1169 583 21
1170 583 24
1170 583 24
1170 583 24
1170 583 24
1171 583 26
1171 583 26
1171 584 18
1171 584 18
1172 584 21
1172 584 21
1172 584 21
1172 584 21
1173 584 25
1173 585 17
1173 585 17
1173 585 17
1173 585 17
1174 585 22
1174 585 22
1174 585 22
1175 585 26
1175 585 26
1175 586 20
1175 586 20
1175 586 20
1175 586 20
1176 586 23
1176 586 23
1176 586 23
1176 586 23
1177 586 26
1177 586 26
1177 586 26
1178 587 24
1178 587 24
1178 587 24
1178 587 24
1178 587 24
1178 587 24
1179 587 26
1179 587 26
1179 587 26
1179 588 20
1179 588 20
1180 588 22
1180 588 22
1180 588 22
1180 588 22
1180 588 22
1181 588 23
1181 589 15
1181 589 15
1182 589 16
1182 589 16
1182 589 16
1182 589 16
1182 589 16
1182 589 16
1183 589 16
1183 590 9
1183 590 9
1184 590 9
1184 590 9
1184 590 9
1185 590 10
1185 590 10
1185 590 10
1185 590 10
1185 590 10
1186 590 10
1186 590 10
1186 590 10
1186 590 10
1187 590 8
1187 590 8
1187 590 8
1187 589 14
1187 589 14
1188 589 11
1188 589 11
1188 589 11
1189 589 9
1189 588 14
1189 588 14
1189 588 14
1189 588 14
1189 588 14
1190 587 13
1190 587 13
1190 587 13
1190 586 17
1191 586 12
1191 586 12
1191 586 12
1191 586 12
1191 586 12
1191 586 12
1191 585 18
1191 585 18
1191 585 18
1192 585 12
1192 584 17
1192 584 17
1192 584 17
1192 584 17
1192 584 17
1192 583 22
1192 583 22
1192 583 22
1193 583 17
1193 582 22
1193 582 22
1193 582 22
1193 582 22
1193 581 27
1193 581 27
1193 581 27
1194 581 23
1194 581 23
1194 581 23
1194 581 23
1194 581 23
1194 581 23
1194 580 28
1195 580 26
1195 580 26
1195 580 26
1195 580 26
1195 580 26
1195 580 26
1196 580 25
1196 580 25
1196 580 25
1196 579 30
1196 579 30
1197 579 29
1197 579 29
1197 579 29
1197 579 29
1198 579 29
1198 579 29
1198 579 29
1199 579 28
1199 579 28
1199 579 28
1200 579 27
1200 579 27
1200 579 27
1200 579 27
1201 579 25
1201 579 25
1201 579 25
1201 579 25
1202 579 23
1202 579 23
1202 579 23
1203 578 27
1203 578 27
1203 578 27
1203 578 27
1204 578 26
1204 578 26
1204 578 26
1204 578 26
1205 578 24
1205 578 24
1205 578 24
1206 578 23
1206 578 23
1206 578 23
1206 577 31
1207 577 30
1207 577 30
1207 577 30
1207 577 30
1208 577 29
1208 577 29
1208 577 29
1209 577 28
1209 577 28
1209 577 28
1209 577 28
1210 576 34
1210 576 34
1211 576 32
1211 576 32
1211 576 32
1211 576 32
1212 576 30
1212 576 30
1212 576 30
1212 576 30
1213 576 28
1213 576 28
1213 576 28
1214 576 27
1214 576 27
1215 576 26
1215 576 26
1215 576 26
1216 576 26
1216 576 26
1217 576 26
1217 576 26
1217 576 26
1218 576 26
1218 576 26
1219 576 26
1219 576 26
1220 576 27
1220 576 27
1220 576 27
1221 576 28
1221 576 28
1222 576 29
1222 576 29
1223 576 31
1223 576 31
1223 576 31
1224 577 26
1224 577 26
1224 577 26
1225 577 28
1225 577 28
1226 577 30
1226 577 30
1226 577 30
1227 577 31
1227 577 31
1227 577 31
1227 577 31
1228 577 32
1228 578 26
1228 578 26
1228 578 26
1229 578 27
1229 578 27
1229 578 27
1229 578 27
1230 578 28
1230 578 28
1230 578 28
1230 579 23
1231 579 24
1231 579 24
1231 579 24
1231 579 24
1232 579 24
1232 579 24
1232 579 24
1233 580 19
1233 580 19
1233 580 19
1234 580 19
1234 580 19
1234 580 19
1235 580 20
1235 580 20
1235 580 20
1236 580 22
1236 581 16
1236 581 16
1237 581 18
1237 581 18
1237 581 18
1237 581 18
1238 581 19
1238 581 19
1238 581 19
1239 581 20
1239 581 20
1239 581 20
1239 581 20
1240 581 21
1240 581 21
1240 581 21
1241 581 22
1241 581 22
1241 581 22
1242 581 22
1242 581 22
1242 581 22
1242 581 22
1243 581 22
1243 581 22
1243 581 22
1243 581 22
1244 581 22
1244 581 22
1244 581 22
1244 581 22
1244 581 22
1245 581 22
1245 581 22
1245 581 22
1245 581 22
1245 581 22
1246 581 22
1246 581 22
1246 581 22
1247 581 22
1247 581 22
1247 581 22
1247 581 22
1247 581 22
1248 581 25
1248 581 25
1248 581 25
1249 581 26
1249 581 26
1249 581 26
1250 580 33
1250 580 33
1250 580 33
1251 580 35
1251 580 35
1251 580 35
1251 580 35
1252 580 37
1252 580 37
1252 580 37
1252 580 37
1252 580 37
1253 580 38
1253 580 38
1253 580 38
1253 580 38
1253 580 38
1254 580 38
1254 580 38
1254 580 38
1254 580 38
1255 580 38
1255 580 38
1255 580 38
1256 581 35
1256 581 35
1256 581 35
1256 581 35
1256 581 35
1257 581 35
1257 582 32
1257 582 32
1257 582 32
1257 582 32
1258 582 34
1258 583 31
1258 583 31
1258 583 31
1259 583 34
1259 583 34
1259 584 31
1259 584 31
1260 584 35
1260 584 35
1260 584 35
1260 585 31
1260 585 31
1261 585 35
1261 585 35
1261 585 35
1261 585 35
1261 585 35
1261 586 31
1262 586 35
1262 586 35
1262 586 35
1262 586 35
1262 586 35
1262 586 35
1262 586 35
1263 587 35
1263 587 35
1263 587 35
1263 587 35
1263 588 31
1263 588 31
1264 588 37
1264 588 37
1264 589 33
1264 589 33
1264 589 33
1264 589 33
1264 589 33
1264 589 33
1265 590 35
1265 590 35
1265 590 35
1265 590 35
1265 590 35
1265 591 34
1265 591 34
1266 591 40
1266 591 40
1266 592 37
1266 592 37
1266 592 37
1266 592 37
1266 592 37
1266 593 35
1266 593 35
1266 593 35
1266 593 35
1266 593 35
1266 594 34
1266 594 34
1266 594 34
1266 594 34
1266 595 34
1266 595 34
1266 595 34
1266 595 34
1265 595 31
1265 595 31
1265 596 32
1265 596 32
1265 596 32
1265 596 32
1264 596 30
1264 596 30
1264 596 30
1264 596 30
1263 596 28
1263 597 31
1263 597 31
1262 597 29
1262 597 29
1262 597 29
1262 597 29
1262 597 29
1262 597 29
1261 597 27
1261 597 27
1261 597 27
1261 598 28
1261 598 28
1261 598 28
1260 598 25
1260 598 25
1260 598 25
1260 599 26
1260 599 26
1260 599 26
1260 599 26
1260 599 26
1260 599 26
1260 599 26
1260 600 28
1260 600 28
1260 600 28
1260 600 28
1260 601 29
1260 601 29
1260 601 29
1260 601 29
1260 601 29
1260 602 28
1260 602 28
1260 602 28
1260 602 28
1260 603 27
1260 603 27
1260 603 27
1261 603 33
1261 603 33
1261 604 33
1261 604 33
1261 604 33
1261 604 33
1261 605 30
1262 605 37
1262 605 37
1262 606 33
1262 606 33
1262 606 33
1262 606 33
1262 606 33
1262 606 33
1262 607 30
1263 607 37
1263 607 37
1263 607 37
1263 608 32
1263 608 32
1263 608 32
1264 608 39
1264 609 33
1264 609 33
1264 609 33
1265 610 31
1265 610 31
1265 610 31
1265 610 31
1265 611 25
1266 611 30
1266 611 30
1266 611 30
1266 612 24
1266 612 24
1267 612 28
1267 613 24
1267 613 24
1267 613 24
1268 613 30
1268 614 27
1268 614 27
1268 614 27
1268 614 27
1268 614 27
1268 615 23
1269 615 30
1269 615 30
1269 615 30
1269 615 30
1269 615 30
1269 616 25
1269 616 25
1269 616 25
1270 616 29
1270 616 29
1270 617 25
1270 617 25
1270 617 25
1270 617 25
1270 617 25
1271 617 28
1271 618 23
1271 618 23
1271 618 23
1271 618 23
1271 618 23
1272 618 26
1272 618 26
1272 619 21
1272 619 21
1272 619 21
1273 619 24
1273 619 24
1273 620 20
1273 620 20
1273 620 20
1273 620 20
1273 620 20
1274 620 24
1274 621 22
1274 621 22
1274 621 22
1274 621 22
1275 621 25
1275 621 25
1275 622 23
1275 622 23
1275 622 23
1275 622 23
1276 622 25
1276 622 25
1276 622 25
1276 622 25
1276 623 23
1276 623 23
1276 623 23
1276 623 23
1277 623 26
1277 623 26
1277 624 23
1277 624 23
Stop
Start
1291 730 18
1291 730 18
1292 730 16
1292 730 16
1292 731 23
1292 731 23
1292 731 23
1293 731 21
1293 731 21
1293 731 21
1293 731 21
1294 731 21
1294 731 21
1294 731 21
1294 731 21
1294 731 21
1295 731 21
1295 731 21
1295 731 21
1295 731 21
1295 731 21
1296 731 22
1296 731 22
1296 731 22
1296 731 22
1296 731 22
1297 731 24
1297 731 24
1297 731 24
1297 730 20
1297 730 20
1297 730 20
1298 730 24
1298 730 24
1298 730 24
1298 730 24
1298 729 22
1298 729 22
1298 729 22
1298 729 22
1298 728 21
1299 728 27
1299 728 27
1299 728 27
1299 727 25
1299 727 25
1299 727 25
1299 727 25
1299 726 25
1299 726 25
1299 726 25
1299 725 26
1299 725 26
1299 725 26
1299 724 27
1299 724 27
1299 724 27
1299 724 27
1299 723 29
1298 723 24
1298 723 24
1298 722 25
1298 722 25
1298 722 25
1298 722 25
1298 721 27
1298 721 27
1298 721 27
1298 721 27
1298 720 28
1298 720 28
1298 720 28
1298 719 30
1298 719 30
1298 719 30
1297 718 25
1297 718 25
1297 718 25
1297 718 25
1297 717 25
1297 717 25
1297 717 25
1297 717 25
1297 716 25
1297 716 25
1297 716 25
1297 715 24
1297 715 24
1297 715 24
1297 715 24
1297 715 24
1297 714 24
1297 714 24
1297 714 24
1297 714 24
1297 713 24
1297 713 24
1297 713 24
1297 712 22
1297 712 22
1297 712 22
1296 711 18
1296 711 18
1296 711 18
1296 711 18
1296 710 19
1296 710 19
1296 710 19
1296 709 20
1296 709 20
1296 709 20
1296 709 20
1296 708 21
1296 708 21
1296 708 21
1296 707 23
1296 707 23
1296 707 23
1296 706 26
1296 706 26
1296 706 26
1296 705 27
1296 705 27
1296 705 27
1296 704 29
1296 704 29
1296 703 29
1296 703 29
1296 703 29
1295 703 26
1295 702 26
1295 702 26
1295 702 26
1295 702 26
1295 702 26
1295 701 26
1295 701 26
1295 701 26
1295 700 26
1295 700 26
1295 700 26
1295 700 26
1295 699 26
1295 699 26
1295 699 26
1295 699 26
1295 698 26
1295 698 26
1295 697 25
1295 697 25
1295 697 25
1295 696 25
1295 696 25
1295 696 25
1295 695 25
1295 695 25
1295 694 24
1295 694 24
1295 694 24
1295 694 24
1295 693 22
1295 693 22
1295 693 22
1295 693 22
1295 692 19
1295 692 19
1295 692 19
1295 692 19
1295 691 17
1295 691 17
1295 691 17
1295 691 17
1296 690 16
1296 690 16
1296 690 16
1297 690 17
1297 690 17
1297 690 17
1297 689 12
1297 689 12
1298 689 14
1298 689 14
1298 689 14
1298 689 14
1298 689 14
1299 689 17
1299 689 17
1299 689 17
1299 689 17
1300 689 21
1300 689 21
1300 689 21
1300 689 21
1300 688 16
1301 688 21
1301 688 21
1301 688 21
1301 688 21
1302 688 26
1302 688 26
1303 688 28
1303 688 28
1303 688 28
1304 688 31
1304 688 31
1304 687 26
1304 687 26
1305 687 27
1305 687 27
1305 687 27
1305 687 27
1305 687 27
1305 687 27
1305 686 23
1306 686 25
1306 686 25
1306 686 25
1306 686 25
1306 686 25
1306 685 21
1307 685 25
1307 685 25
1307 685 25
1307 685 25
1307 684 22
1307 684 22
1307 684 22
1308 684 26
1308 684 26
1308 683 23
1308 683 23
1308 683 23
1308 683 23
1308 683 23
1308 683 23
1308 682 21
1308 682 21
1308 682 21
1308 682 21
1308 681 18
1308 681 18
1309 681 25
1309 681 25
1309 681 25
1309 680 23
1309 680 23
1309 680 23
1309 680 23
1309 679 20
1309 679 20
1309 679 20
1309 678 19
1309 678 19
1309 678 19
1309 678 19
1309 678 19
1309 677 17
1309 677 17
1309 677 17
1309 677 17
1309 677 17
1309 676 18
1309 676 18
1309 676 18
1309 676 18
1309 676 18
1309 675 20
1309 675 20
1309 675 20
1309 675 20
1309 675 20
1309 675 20
1308 674 18
1308 674 18
1308 674 18
1308 674 18
1308 673 24
1307 673 20
1307 673 20
1307 673 20
1307 672 24
1307 672 24
1307 672 24
1307 672 24
1307 672 24
1306 672 18
1306 672 18
1306 671 23
1306 671 23
1306 671 23
1306 671 23
1306 671 23
1306 671 23
1305 670 22
1305 670 22
1305 670 22
1305 670 22
1305 670 22
1305 669 28
1304 669 21
1304 668 26
1304 668 26
1304 668 26
1304 668 26
1303 667 26
1303 667 26
1303 667 26
1303 667 26
1303 666 32
1303 666 32
1303 666 32
1302 666 26
1302 666 26
1302 665 32
1302 665 32
1302 665 32
1302 665 32
1302 664 38
1301 664 30
1301 664 30
1301 664 30
1301 663 38
1301 663 38
1301 663 38
1300 663 31
1300 663 31
1300 662 37
1300 662 37
1300 662 37
1300 662 37
1299 662 29
1299 662 29
1299 661 35
1299 661 35
1299 661 35
1298 661 27
1298 661 27
1298 660 32
1298 660 32
1298 660 32
1297 660 25
1297 659 31
1297 659 31
1296 659 25
1296 658 32
1296 658 32
1296 658 32
1295 658 26
1295 658 26
1295 657 33
1295 657 33
1294 657 28
1294 657 28
1294 656 34
1293 656 27
1293 656 27
1293 656 27
1292 655 24
1292 655 24
1292 655 24
1292 655 24
1291 654 21
1291 654 21
1291 654 21
1291 654 21
1291 654 21
1290 654 15
1290 653 20
1290 653 20
1290 653 20
1290 653 20
1290 653 20
1289 652 20
1289 652 20
1289 652 20
1289 652 20
1289 652 20
1289 652 20
1289 652 20
1288 651 21
1288 651 21
1288 651 21
1288 651 21
1288 651 21
1288 650 24
1288 650 24
1287 650 17
1287 650 17
1287 649 19
1287 649 19
1287 649 19
1287 648 21
1286 647 17
1286 647 17
1286 647 17
1286 647 17
1285 647 12
1285 646 15
1285 646 15
1285 646 15
1285 646 15
1285 645 18
1285 645 18
1284 645 16
1284 645 16
1284 644 19
1284 644 19
1284 644 19
1284 644 19
1284 644 19
1284 643 23
1283 643 20
1283 643 20
1283 642 22
1283 642 22
1283 642 22
1283 642 22
1283 641 25
1283 641 25
1282 641 22
1282 640 24
1282 640 24
1282 640 24
1282 640 24
1282 639 26
1281 639 20
1281 639 20
1281 639 20
1281 638 21
1281 638 21
1281 638 21
1281 638 21
1281 638 21
1281 637 23
1281 637 23
1281 637 23
1281 637 23
1281 637 23
1281 636 25
1281 636 25
1281 635 26
1280 635 20
1280 635 20
1280 635 20
1280 634 22
1280 634 22
1280 634 22
1280 634 22
1280 633 23
1280 633 23
1280 633 23
1280 632 24
1280 632 24
1280 631 25
1280 631 25
1280 630 26
1280 630 26
1280 630 26
1280 629 27
1280 629 27
1280 629 27
1280 629 27
1280 628 28
1280 628 28
1280 628 28
1280 628 28
1279 628 23
1279 627 25
1279 627 25
1279 627 25
1279 627 25
1279 627 25
1278 626 22
1278 626 22
1278 626 22
1278 625 24
1278 625 24
1278 625 24
1278 625 24
1278 625 24
1277 625 21
1277 624 23
1277 624 23
1277 624 23
1277 624 23
1277 623 26
1277 623 26
Stop
