New Layer
Start
576 397 28
576 397 28
576 397 28
576 397 28
575 397 27
575 397 27
575 397 27
574 397 27
574 397 27
574 397 27
574 397 27
573 397 27
573 397 27
573 397 27
572 397 28
572 397 28
572 397 28
571 397 28
571 397 28
570 397 29
570 397 29
570 397 29
569 397 30
569 397 30
568 397 31
568 397 31
568 397 31
567 397 30
567 397 30
566 397 29
566 397 29
566 397 29
565 397 27
565 397 27
564 397 26
564 397 26
564 397 26
564 397 26
563 397 27
563 397 27
563 397 27
562 397 27
562 397 27
562 397 27
562 397 27
561 397 29
561 397 29
561 397 29
560 397 32
560 397 32
560 397 32
560 397 32
560 398 24
559 398 28
559 398 28
559 398 28
559 398 28
558 399 28
558 399 28
558 399 28
558 400 22
558 400 22
557 400 27
557 400 27
557 400 27
557 401 21
557 401 21
556 401 26
556 402 20
556 402 20
556 402 20
556 402 20
556 403 14
555 403 20
555 403 20
555 404 15
555 404 15
555 404 15
554 404 23
554 405 18
554 405 18
554 405 18
553 406 19
553 406 19
553 406 19
552 407 21
552 407 21
552 407 21
552 407 21
552 407 21
552 408 17
551 408 24
551 408 24
551 408 24
551 409 20
550 409 27
550 410 22
550 410 22
550 410 22
549 410 30
549 410 30
549 411 24
548 411 32
548 412 26
548 412 26
548 413 19
547 413 28
547 413 28
547 414 19
547 414 19
546 414 32
546 414 32
546 415 23
545 415 34
545 415 34
545 415 34
544 416 36
544 416 36
544 416 36
544 416 36
544 416 36
543 416 43
543 417 34
543 417 34
542 417 39
542 417 39
542 417 39
542 418 28
541 418 33
541 418 33
541 418 33
541 418 33
540 418 39
540 419 31
539 419 39
539 419 39
539 420 32
538 420 41
538 420 41
538 420 41
538 420 41
537 421 43
537 421 43
537 421 43
537 421 43
537 421 43
536 422 44
536 422 44
536 422 44
536 422 44
536 423 37
535 423 45
535 423 45
535 424 39
535 424 39
535 424 39
534 425 44
534 425 44
534 425 44
534 426 39
534 426 39
534 427 35
534 427 35
534 427 35
534 427 35
533 428 39
533 428 39
533 428 39
533 428 39
533 429 34
533 429 34
533 429 34
533 430 29
533 430 29
533 430 29
533 430 29
533 431 27
533 431 27
534 431 17
534 432 18
534 432 18
534 432 18
534 432 18
534 433 23
534 433 23
534 434 26
534 434 26
534 434 26
535 435 23
535 435 23
535 435 23
535 436 25
535 436 25
535 436 25
535 436 25
535 437 22
535 437 22
535 438 19
535 438 19
535 438 19
535 438 19
535 439 13
535 439 13
535 439 13
535 440 7
535 440 7
535 440 7
535 440 7
535 441 2
534 441 8
534 441 8
534 441 8
534 441 8
534 442 5
534 442 5
534 442 5
534 442 5
533 442 12
533 443 5
533 443 5
533 443 5
533 443 5
533 443 5
533 444 2
532 444 11
532 444 11
532 444 11
532 444 11
532 445 5
532 445 5
532 445 5
Stop
Start
535 450 24
535 450 24
535 450 24
536 450 28
536 450 28
536 450 28
536 450 28
537 450 30
537 450 30
537 450 30
538 450 29
538 450 29
538 450 29
538 450 29
539 450 26
539 450 26
539 450 26
540 450 23
540 450 23
540 450 23
541 450 23
542 450 23
542 450 23
543 450 22
543 450 22
544 450 22
544 450 22
545 450 18
545 450 18
545 450 18
545 450 18
546 450 11
546 450 11
546 451 22
546 451 22
547 451 12
547 451 12
547 451 12
547 452 21
547 452 21
548 452 12
548 452 12
548 452 12
548 452 12
548 453 20
548 453 20
548 453 20
549 453 13
549 454 22
549 454 22
549 454 22
549 454 22
550 454 16
550 454 16
550 455 28
550 455 28
550 455 28
551 455 23
551 456 35
552 456 29
552 456 29
552 456 29
552 456 29
553 456 22
553 456 22
554 456 15
554 456 15
554 457 29
554 457 29
555 457 25
555 457 25
555 457 25
556 457 22
556 457 22
556 457 22
556 457 22
557 457 22
557 457 22
557 457 22
558 457 24
558 457 24
558 457 24
558 457 24
559 457 28
559 457 28
560 457 31
560 457 31
560 457 31
560 457 31
561 457 34
561 457 34
561 457 34
562 457 35
562 457 35
562 457 35
563 457 35
563 457 35
563 457 35
564 457 36
564 457 36
564 457 36
564 457 36
565 457 37
565 457 37
565 457 37
566 457 41
566 457 41
566 457 41
566 457 41
567 457 44
567 457 44
567 457 44
568 456 36
568 456 36
568 456 36
568 456 36
568 456 36
568 456 36
569 456 38
569 456 38
570 455 32
570 455 32
570 455 32
571 455 34
571 454 31
571 454 31
572 454 33
572 454 33
572 454 33
572 454 33
572 454 33
572 453 30
573 453 35
573 453 35
573 452 32
573 452 32
573 452 32
574 452 38
574 451 35
574 451 35
574 451 35
574 450 32
575 450 38
575 450 38
575 450 38
575 449 35
576 449 39
576 448 36
576 448 36
576 448 36
576 448 36
576 448 36
576 447 33
577 447 36
577 447 36
577 446 30
577 446 30
577 446 30
578 445 27
578 445 27
578 445 27
578 445 27
578 444 19
578 444 19
578 444 19
579 444 23
579 443 15
579 443 15
580 443 18
580 443 18
580 443 18
580 443 18
581 443 21
581 443 21
581 443 21
582 443 22
582 443 22
582 443 22
582 443 22
583 443 22
583 443 22
584 443 21
584 443 21
584 443 21
584 443 21
585 443 20
585 443 20
585 444 29
586 444 27
586 444 27
586 444 27
587 444 24
587 444 24
588 444 21
588 445 28
588 445 28
588 445 28
588 445 28
589 445 25
589 445 25
589 445 25
589 445 25
590 445 24
590 445 24
590 445 24
590 446 32
591 446 32
591 446 32
592 446 32
592 446 32
593 446 30
593 446 30
593 446 30
594 446 29
594 446 29
594 446 29
595 446 27
595 446 27
595 446 27
596 446 25
596 446 25
596 446 25
597 446 21
597 446 21
597 446 21
598 446 18
598 446 18
598 446 18
598 446 18
599 446 14
599 446 14
600 446 14
600 446 14
600 446 14
601 446 12
601 446 12
601 447 22
601 447 22
602 447 22
602 447 22
602 447 22
602 447 22
603 447 23
603 447 23
603 448 30
603 448 30
604 448 28
604 448 28
604 448 28
604 448 28
605 448 25
605 448 25
605 448 25
606 449 28
606 449 28
606 449 28
607 449 21
607 450 28
607 450 28
608 450 22
608 450 22
608 450 22
609 451 26
609 451 26
609 451 26
610 451 21
610 451 21
610 452 30
611 452 25
611 452 25
611 452 25
611 452 25
611 452 25
612 453 30
612 453 30
612 453 30
612 453 30
613 454 37
613 454 37
613 454 37
614 454 33
614 454 33
614 454 33
615 454 29
615 454 29
615 454 29
616 455 38
616 455 38
616 455 38
616 455 38
617 455 35
617 455 35
617 455 35
618 455 33
618 455 33
618 455 33
619 455 32
619 455 32
619 455 32
620 455 35
620 455 35
620 455 35
621 455 39
621 455 39
621 455 39
621 455 39
622 455 44
622 455 44
622 454 32
622 454 32
623 454 41
623 454 41
624 454 48
624 454 48
624 453 36
624 453 36
625 453 42
625 453 42
626 453 46
626 453 46
626 453 46
626 452 33
627 452 36
627 452 36
627 452 36
628 452 38
628 452 38
628 452 38
629 452 39
629 452 39
630 452 42
630 452 42
630 452 42
631 452 43
631 452 43
631 452 43
632 452 42
632 452 42
632 452 42
633 452 40
633 452 40
633 452 40
634 452 38
634 452 38
634 452 38
634 452 38
635 452 38
635 452 38
635 452 38
636 452 38
636 452 38
636 452 38
637 452 37
637 452 37
637 452 37
638 452 34
638 452 34
638 452 34
638 452 34
638 452 34
638 452 34
638 452 34
638 451 26
638 451 26
638 450 20
638 450 20
638 450 20
638 450 20
638 449 16
638 449 16
638 449 16
638 448 16
638 448 16
638 448 16
638 448 16
638 447 17
638 447 17
638 447 17
638 446 19
638 446 19
638 446 19
638 446 19
638 445 21
638 445 21
638 445 21
638 444 23
638 444 23
638 444 23
638 444 23
638 443 27
638 443 27
637 443 22
637 442 26
637 442 26
637 442 26
637 442 26
637 441 30
637 441 30
636 441 21
636 441 21
636 440 24
636 440 24
636 440 24
636 440 24
636 439 27
636 439 27
636 439 27
636 438 29
636 438 29
636 438 29
636 438 29
636 437 29
636 437 29
636 437 29
636 436 26
636 436 26
636 436 26
636 436 26
636 435 20
636 435 20
636 435 20
636 435 20
636 434 14
636 434 14
636 434 14
637 434 24
637 433 19
637 433 19
638 433 28
638 433 28
638 432 24
638 432 24
638 432 24
638 432 24
638 432 24
638 431 21
638 430 22
638 430 22
638 430 22
638 430 22
638 429 24
638 429 24
638 429 24
638 428 28
638 428 28
638 428 28
638 428 28
638 428 28
638 427 34
638 427 34
638 427 34
637 426 33
637 426 33
637 426 33
637 426 33
637 426 33
636 425 29
636 425 29
636 425 29
636 425 29
636 425 29
635 424 29
635 424 29
634 424 22
634 424 22
634 424 22
634 423 30
634 423 30
633 423 26
633 423 26
632 422 29
632 422 29
632 422 29
632 422 29
631 422 20
631 421 31
631 421 31
630 421 20
630 420 32
630 420 32
629 420 21
629 420 21
629 420 21
628 419 24
628 419 24
628 419 24
628 419 24
627 418 29
627 418 29
627 418 29
626 418 22
626 418 22
626 417 34
626 417 34
625 417 26
625 417 26
625 416 36
624 416 27
624 416 27
624 416 27
624 415 38
623 415 32
623 415 32
623 415 32
622 414 37
622 414 37
622 414 37
622 414 37
621 414 30
621 413 39
621 413 39
620 413 33
620 412 39
620 412 39
620 412 39
619 412 34
619 412 34
619 412 34
619 412 34
618 411 35
618 411 35
618 411 35
617 410 37
617 410 37
617 410 37
617 410 37
616 410 31
616 410 31
616 409 37
616 409 37
615 409 32
615 408 38
615 408 38
614 408 32
614 408 32
614 408 32
614 408 32
614 407 39
613 407 33
613 407 33
613 407 33
613 407 33
612 406 34
612 406 34
612 406 34
612 406 34
612 406 34
612 406 34
611 406 27
611 405 32
611 405 32
611 405 32
610 405 25
610 404 30
610 404 30
610 404 30
609 404 25
609 404 25
609 403 31
608 403 26
608 402 32
608 402 32
608 402 32
608 402 32
607 402 26
607 402 26
607 401 31
607 401 31
606 401 25
606 401 25
606 400 30
606 400 30
605 400 24
605 400 24
605 400 24
605 399 30
604 399 24
604 399 24
604 399 24
604 398 33
604 398 33
603 398 29
603 398 29
603 398 29
603 398 29
602 398 24
602 398 24
602 398 24
602 398 24
601 397 29
601 397 29
601 397 29
600 397 25
600 397 25
600 397 25
600 397 25
599 397 20
599 397 20
598 397 17
598 397 17
598 396 31
598 396 31
597 396 29
597 396 29
596 396 29
596 396 29
596 396 29
595 396 29
595 396 29
595 396 29
594 396 30
594 396 30
594 396 30
593 396 29
593 396 29
593 396 29
592 396 28
592 396 28
592 396 28
592 396 28
591 396 28
591 396 28
590 396 29
590 396 29
590 396 29
590 396 29
589 396 31
589 396 31
589 396 31
588 396 32
588 396 32
588 396 32
588 396 32
587 396 33
587 396 33
587 395 45
586 395 46
586 395 46
586 395 46
586 395 46
585 395 47
585 395 47
585 395 47
584 395 51
584 395 51
584 395 51
583 395 54
583 395 54
583 395 54
582 395 54
582 396 45
582 396 45
582 396 45
581 396 45
581 396 45
580 396 44
580 396 44
580 396 44
580 396 44
579 396 42
579 396 42
579 396 42
579 396 42
578 396 41
578 396 41
578 396 41
578 396 41
577 397 28
577 397 28
577 397 28
576 397 28
576 397 28
576 397 28
576 397 28
Stop
Start
532 446 0
532 446 0
531 446 11
531 446 11
531 446 11
531 446 11
531 446 11
531 447 6
531 447 6
531 447 6
531 448 4
531 448 4
531 448 4
531 448 4
531 449 6
531 449 6
531 449 6
531 450 12
531 450 12
531 450 12
531 451 21
531 451 21
531 452 30
531 452 30
532 452 33
532 452 33
532 452 33
532 452 33
533 452 39
533 452 39
533 452 39
534 452 45
534 452 45
534 452 45
534 452 45
535 452 49
535 452 49
535 452 49
535 451 40
535 451 40
535 451 40
535 450 24
536 450 28
536 450 28
536 450 28
536 450 28
Stop
New Layer
Start
584 396 40
584 396 40
584 396 40
584 396 40
583 396 43
583 396 43
583 396 43
582 396 45
582 396 45
582 396 45
581 396 45
581 396 45
580 396 44
580 396 44
580 396 44
579 396 42
579 396 42
579 396 42
578 396 41
578 396 41
577 396 40
577 396 40
577 396 40
576 396 40
576 396 40
575 396 40
575 396 40
575 396 40
574 396 39
574 396 39
574 396 39
574 396 39
573 396 39
573 396 39
572 396 39
572 396 39
571 396 39
571 396 39
571 396 39
570 396 40
570 396 40
570 396 40
570 396 40
569 396 41
569 396 41
568 396 41
568 396 41
568 396 41
568 396 41
567 396 41
567 396 41
567 396 41
566 396 40
566 396 40
566 396 40
565 396 38
565 396 38
565 396 38
564 396 37
564 396 37
564 396 37
564 396 37
563 396 37
563 396 37
563 396 37
562 396 37
562 396 37
562 396 37
562 396 37
561 396 38
561 396 38
561 397 29
560 397 32
560 397 32
560 397 32
559 398 28
559 398 28
559 398 28
559 398 28
558 398 33
558 398 33
558 399 28
558 399 28
558 399 28
558 399 28
557 399 33
557 400 27
557 400 27
557 400 27
557 401 21
556 401 26
556 401 26
556 402 20
556 402 20
556 402 20
556 402 20
556 403 14
555 403 20
555 404 15
555 404 15
555 404 15
554 404 23
554 405 18
554 405 18
554 405 18
554 406 12
553 406 19
553 407 13
553 407 13
553 407 13
552 408 17
552 408 17
552 408 17
552 408 17
552 409 11
552 409 11
551 409 20
551 410 15
551 410 15
551 410 15
551 410 15
550 410 22
550 410 22
550 411 16
550 411 16
549 411 24
549 412 18
549 412 18
549 412 18
549 412 18
548 412 26
548 412 26
548 413 19
548 413 19
548 413 19
547 414 19
547 414 19
547 414 19
547 414 19
546 415 23
546 415 23
546 416 15
546 416 15
546 416 15
545 416 26
545 417 16
545 417 16
545 417 16
544 417 26
544 417 26
544 417 26
544 418 14
544 418 14
544 418 14
543 418 22
543 418 22
543 418 22
542 418 28
542 418 28
542 418 28
542 419 16
541 419 23
541 419 23
540 419 31
540 419 31
540 419 31
540 420 21
540 420 21
539 420 32
539 420 32
539 420 32
539 421 24
538 421 34
538 421 34
538 421 34
538 422 25
538 422 25
538 422 25
537 422 36
537 422 36
537 423 27
537 423 27
536 423 37
536 423 37
536 424 29
536 424 29
536 424 29
536 424 29
536 425 22
535 425 34
535 425 34
535 426 29
535 426 29
535 426 29
534 426 39
534 427 35
534 427 35
534 427 35
534 428 29
534 428 29
534 428 29
534 429 23
534 429 23
534 429 23
534 430 19
534 430 19
534 430 19
534 430 19
534 431 17
534 431 17
534 431 17
534 432 18
534 432 18
534 432 18
534 432 18
534 433 23
534 433 23
534 433 23
534 434 26
534 434 26
534 434 26
534 434 26
534 434 26
535 435 23
535 435 23
535 436 25
535 436 25
535 436 25
535 436 25
535 436 25
535 437 22
535 437 22
535 437 22
535 438 19
535 438 19
535 438 19
535 438 19
535 439 13
535 439 13
535 439 13
535 440 7
535 440 7
535 440 7
534 440 14
534 440 14
534 440 14
534 440 14
534 441 8
534 441 8
534 441 8
533 442 12
533 442 12
533 442 12
533 442 12
533 442 12
532 442 22
532 442 22
532 443 17
532 443 17
532 443 17
532 443 17
532 444 11
531 444 23
531 444 23
531 444 23
531 444 23
531 445 17
531 445 17
531 445 17
531 446 11
530 446 21
530 446 21
530 446 21
530 447 16
530 447 16
530 448 13
530 448 13
530 448 13
530 448 13
530 449 14
530 449 14
530 449 14
530 450 18
530 450 18
530 450 18
530 450 18
530 451 24
530 451 24
530 451 24
530 452 30
531 452 30
531 453 37
532 453 40
532 453 40
532 453 40
532 453 40
533 453 47
533 453 47
533 453 47
534 453 51
534 453 51
534 453 51
534 453 51
535 453 55
535 453 55
535 452 49
536 452 53
536 452 53
536 452 53
536 452 53
536 452 53
537 452 52
537 452 52
537 452 52
537 452 52
538 452 50
538 452 50
538 451 44
539 451 41
539 451 41
540 451 37
540 451 37
540 451 37
540 451 37
540 451 37
541 451 36
541 451 36
542 451 37
542 451 37
542 451 37
543 451 37
543 451 37
543 451 37
544 451 37
544 451 37
544 451 37
544 451 37
545 451 30
545 451 30
545 451 30
546 451 22
546 451 22
546 451 22
546 451 22
546 451 22
547 451 12
547 452 21
547 452 21
548 452 12
548 452 12
548 452 12
548 452 12
548 453 20
549 453 13
549 453 13
549 453 13
549 453 13
549 454 22
550 454 16
550 454 16
550 454 16
550 454 16
550 455 28
550 455 28
550 455 28
551 455 23
551 455 23
551 456 35
551 456 35
552 456 29
552 456 29
552 456 29
552 457 41
552 457 41
552 457 41
553 457 35
553 457 35
554 458 43
554 458 43
554 458 43
555 458 40
555 458 40
555 458 40
555 458 40
556 458 39
556 458 39
557 458 39
557 458 39
557 458 39
558 459 55
558 459 55
558 459 55
559 459 59
559 459 59
560 459 61
560 459 61
560 459 61
561 459 61
561 459 61
561 459 61
562 459 60
562 459 60
562 459 60
562 459 60
563 459 60
563 459 60
563 459 60
564 459 61
564 459 61
564 459 61
565 459 62
565 459 62
565 458 53
566 458 54
566 458 54
567 458 56
567 458 56
568 458 56
568 458 56
568 458 56
569 458 52
569 458 52
569 457 45
570 457 43
570 457 43
570 457 43
570 456 37
571 456 36
571 456 36
571 456 36
571 456 36
571 456 36
572 456 37
572 455 35
572 455 35
572 455 35
572 455 35
572 454 33
572 454 33
572 454 33
573 454 37
573 453 35
573 453 35
573 452 32
573 452 32
574 452 38
574 451 35
574 451 35
574 451 35
574 450 32
574 450 32
574 450 32
575 449 35
575 449 35
575 448 32
575 448 32
575 448 32
575 447 28
576 447 33
576 446 26
576 446 26
576 446 26
576 446 26
576 445 18
577 445 22
577 445 22
577 445 22
577 444 14
578 444 19
578 444 19
578 444 19
579 444 23
579 444 23
579 444 23
580 444 27
580 443 18
580 443 18
580 443 18
580 443 18
581 443 21
581 443 21
581 443 21
582 443 22
582 443 22
582 443 22
582 443 22
583 443 22
583 443 22
583 443 22
584 443 21
584 443 21
584 443 21
584 443 21
585 443 20
585 444 29
585 444 29
586 444 27
586 444 27
586 444 27
586 444 27
587 444 24
587 445 31
588 445 28
588 445 28
588 445 28
589 445 25
589 445 25
589 445 25
590 446 32
590 446 32
590 446 32
590 446 32
591 446 32
591 446 32
591 446 32
592 446 32
592 446 32
592 446 32
593 446 30
593 446 30
594 446 29
594 447 39
594 447 39
594 447 39
595 447 38
595 447 38
596 447 35
596 447 35
596 447 35
597 447 32
597 447 32
598 447 28
598 447 28
598 447 28
599 447 25
599 447 25
600 448 31
600 448 31
600 448 31
600 448 31
601 448 30
601 448 30
601 448 30
602 448 30
602 448 30
602 448 30
603 448 30
603 448 30
603 448 30
604 448 28
604 448 28
604 448 28
604 448 28
604 448 28
605 448 25
605 448 25
605 449 32
606 449 28
606 449 28
606 449 28
606 449 28
606 449 28
607 450 28
607 450 28
607 450 28
608 450 22
608 450 22
608 450 22
608 450 22
609 451 26
609 451 26
610 451 21
610 451 21
610 452 30
610 452 30
611 452 25
611 452 25
612 452 22
612 452 22
612 452 22
612 453 30
613 453 27
613 453 27
613 453 27
613 453 27
614 454 33
614 454 33
614 454 33
615 454 29
615 454 29
615 454 29
616 454 26
616 455 38
616 455 38
616 455 38
616 455 38
617 455 35
617 455 35
617 455 35
618 455 33
618 455 33
618 455 33
618 455 33
618 456 46
619 456 45
619 456 45
620 456 46
620 456 46
620 456 46
620 456 46
621 456 49
621 456 49
621 456 49
622 456 52
622 456 52
622 455 44
622 455 44
622 455 44
623 455 50
623 455 50
623 454 41
624 454 48
624 454 48
624 454 48
624 454 48
625 454 52
625 453 42
625 453 42
625 453 42
626 453 46
626 452 33
626 452 33
626 452 33
627 452 36
627 452 36
628 452 38
628 452 38
628 452 38
629 452 39
629 452 39
629 452 39
630 452 42
630 452 42
630 452 42
631 452 43
631 452 43
631 452 43
632 452 42
632 452 42
632 452 42
633 452 40
633 452 40
633 452 40
634 452 38
634 452 38
634 452 38
635 452 38
635 452 38
635 452 38
636 452 38
636 452 38
636 452 38
636 452 38
637 452 37
637 452 37
637 452 37
638 452 34
638 452 34
638 452 34
638 452 34
639 452 33
639 452 33
639 452 33
640 451 28
640 451 28
640 451 28
640 450 25
640 450 25
640 450 25
640 450 25
640 449 25
640 449 25
640 449 25
640 448 28
640 448 28
640 448 28
640 448 28
640 447 31
640 447 31
640 447 31
640 446 33
640 446 33
640 446 33
640 445 33
640 445 33
640 444 35
639 444 29
639 444 29
639 443 31
638 443 27
638 442 31
638 442 31
638 442 31
638 442 31
638 441 33
638 441 33
638 441 33
638 441 33
638 440 36
637 440 33
637 440 33
637 439 36
637 439 36
637 439 36
637 438 37
636 438 29
636 438 29
636 438 29
636 437 29
636 437 29
636 436 26
636 436 26
636 436 26
636 436 26
636 435 20
636 435 20
636 435 20
636 434 14
636 434 14
636 434 14
636 434 14
636 433 8
636 433 8
636 433 8
637 432 14
637 432 14
637 432 14
637 432 14
638 432 24
638 431 21
638 431 21
638 431 21
639 431 29
639 430 29
639 430 29
639 430 29
639 430 29
639 429 30
639 429 30
639 429 30
639 428 32
639 428 32
639 428 32
639 428 32
639 427 36
639 427 36
638 427 34
638 427 34
638 426 38
638 426 38
637 426 33
637 426 33
637 425 38
637 425 38
636 425 29
636 425 29
636 425 29
636 424 36
636 424 36
635 424 29
635 424 29
635 424 29
635 424 29
634 423 30
634 423 30
634 423 30
634 423 30
634 423 30
633 422 36
633 422 36
632 422 29
632 422 29
632 422 29
632 422 29
631 421 31
631 421 31
630 421 20
630 420 32
630 420 32
630 420 32
629 420 21
629 420 21
629 419 34
628 419 24
628 419 24
627 418 29
627 418 29
626 418 22
626 418 22
626 417 34
625 417 26
625 417 26
624 416 27
624 416 27
624 416 27
623 416 21
623 415 32
623 415 32
623 415 32
622 415 24
622 415 24
622 414 37
622 414 37
621 414 30
621 414 30
621 414 30
620 414 22
620 413 33
620 413 33
620 413 33
620 413 33
620 413 33
620 412 39
619 412 34
619 412 34
619 412 34
618 412 28
618 411 35
618 411 35
617 411 29
617 410 37
617 410 37
616 410 31
616 410 31
616 410 31
616 409 37
616 409 37
616 409 37
615 408 38
615 408 38
615 408 38
615 408 38
614 408 32
614 408 32
614 407 39
614 407 39
614 407 39
614 406 45
613 406 40
613 406 40
613 406 40
613 405 44
612 405 38
612 405 38
612 404 40
611 404 36
611 403 38
611 403 38
610 403 35
610 402 39
610 402 39
610 402 39
610 401 43
609 401 40
609 401 40
609 401 40
609 400 45
608 400 41
608 400 41
608 400 41
608 399 46
607 399 42
607 399 42
606 399 36
606 398 43
606 398 43
606 398 43
605 398 37
605 398 37
605 398 37
604 398 33
604 398 33
604 397 41
604 397 41
603 397 37
603 397 37
602 397 33
602 397 33
602 397 33
601 396 40
601 396 40
601 396 40
600 396 37
600 396 37
600 396 37
600 396 37
599 396 34
599 396 34
599 396 34
598 396 31
598 396 31
598 395 44
598 395 44
597 395 43
597 395 43
596 395 43
596 395 43
596 395 43
596 395 43
595 395 42
595 395 42
594 395 42
594 395 42
594 395 42
593 395 41
592 395 41
592 395 41
591 395 41
590 395 42
590 395 42
589 395 44
589 395 44
588 395 44
588 395 44
588 395 44
588 395 44
587 395 45
587 395 45
587 395 45
586 395 46
586 395 46
586 395 46
586 395 46
585 395 47
585 395 47
584 395 51
584 395 51
584 395 51
584 395 51
583 395 54
583 395 54
583 395 54
583 396 43
582 396 45
582 396 45
582 396 45
582 396 45
581 396 45
581 396 45
581 396 45
Stop
New Layer
Start
640 452 31
640 452 31
640 452 31
639 452 33
639 452 33
639 452 33
638 452 34
638 452 34
638 452 34
638 451 26
637 451 27
637 451 27
636 451 27
636 451 27
636 451 27
636 451 27
635 451 25
635 451 25
635 451 25
634 451 24
634 451 24
634 451 24
634 451 24
633 451 25
633 451 25
633 451 25
632 451 26
632 451 26
632 451 26
632 451 26
631 451 27
631 451 27
631 451 27
630 451 26
630 451 26
630 451 26
630 451 26
629 451 24
629 451 24
629 451 24
628 451 22
628 452 38
628 452 38
628 452 38
627 452 36
627 452 36
626 452 33
626 452 33
626 452 33
626 452 33
626 453 46
625 453 42
625 453 42
625 453 42
625 453 42
625 453 42
624 453 36
624 453 36
624 454 48
624 454 48
623 454 41
623 454 41
623 454 41
622 454 32
622 454 32
622 454 32
622 454 32
621 454 25
621 454 25
621 454 25
620 455 35
620 455 35
620 455 35
620 455 35
619 455 32
619 455 32
618 455 33
618 455 33
618 455 33
617 455 35
617 455 35
617 455 35
616 455 38
616 455 38
616 455 38
616 455 38
615 455 38
615 455 38
615 455 38
615 454 29
614 454 33
614 454 33
614 454 33
614 454 33
613 454 37
613 454 37
613 454 37
613 453 27
612 453 30
612 453 30
612 453 30
611 452 25
611 452 25
610 452 30
610 452 30
610 452 30
610 451 21
609 451 26
609 451 26
609 451 26
608 451 30
608 450 22
608 450 22
608 450 22
608 450 22
607 450 28
607 449 21
606 449 28
606 449 28
606 449 28
606 449 28
605 448 25
605 448 25
605 448 25
605 448 25
604 448 28
604 448 28
604 448 28
604 448 28
603 448 30
603 448 30
603 448 30
602 448 30
602 447 22
602 447 22
602 447 22
602 447 22
601 447 22
601 447 22
601 447 22
601 447 22
600 447 23
600 447 23
600 447 23
599 447 25
599 447 25
599 446 14
598 446 18
598 446 18
598 446 18
597 446 21
597 446 21
597 446 21
596 446 25
596 446 25
596 446 25
595 446 27
595 446 27
595 446 27
594 446 29
594 446 29
594 446 29
594 446 29
593 446 30
593 446 30
593 446 30
592 446 32
592 446 32
592 446 32
592 446 32
591 446 32
591 446 32
591 446 32
590 446 32
590 446 32
590 446 32
589 446 33
589 445 25
589 445 25
588 445 28
588 445 28
588 445 28
587 445 31
587 444 24
586 444 27
586 444 27
585 444 29
585 444 29
585 444 29
584 444 32
584 444 32
584 444 32
584 444 32
583 444 31
583 444 31
583 444 31
582 444 31
582 444 31
582 444 31
582 444 31
581 444 30
581 444 30
581 444 30
580 444 27
580 444 27
580 444 27
580 444 27
579 444 23
579 444 23
579 444 23
579 444 23
578 444 19
578 444 19
578 445 27
578 445 27
578 445 27
578 445 27
577 445 22
577 445 22
577 446 30
576 446 26
576 446 26
576 446 26
576 446 26
576 446 26
576 446 26
575 446 21
575 446 21
574 446 16
574 447 22
574 447 22
574 447 22
573 447 18
573 447 18
573 447 18
573 447 18
572 448 16
572 448 16
572 448 16
572 448 16
572 448 16
572 448 16
571 449 12
571 449 12
571 449 12
571 449 12
571 449 12
570 450 11
570 450 11
570 450 11
570 451 14
570 451 14
570 451 14
569 451 10
569 452 15
569 452 15
569 452 15
569 452 15
569 452 15
569 453 19
568 453 14
568 453 14
568 453 14
568 454 20
568 454 20
568 454 20
568 454 20
567 454 13
567 455 21
567 455 21
566 455 15
566 455 15
566 455 15
566 455 15
565 456 22
565 456 22
565 456 22
564 456 20
564 456 20
564 456 20
564 456 20
563 456 19
563 456 19
563 456 19
563 456 19
562 456 20
562 456 20
562 456 20
562 456 20
561 456 19
561 456 19
561 456 19
560 456 16
560 456 16
560 456 16
560 456 16
559 456 12
559 456 12
559 456 12
558 456 9
558 456 9
558 456 9
558 456 9
557 456 8
557 456 8
557 456 8
556 456 8
556 456 8
556 456 8
556 456 8
555 456 10
555 456 10
555 456 10
554 456 15
554 456 15
554 456 15
553 456 22
553 456 22
553 456 22
552 456 29
552 456 29
552 456 29
551 455 23
551 455 23
551 455 23
550 455 28
550 455 28
550 454 16
550 454 16
550 454 16
550 454 16
549 454 22
549 454 22
549 454 22
549 453 13
548 453 20
548 453 20
548 453 20
548 452 12
547 452 21
547 452 21
547 452 21
546 452 31
546 452 31
546 452 31
545 451 30
545 451 30
544 451 37
544 451 37
544 450 22
544 450 22
543 450 22
543 450 22
543 450 22
542 450 23
542 450 23
542 450 23
542 449 9
541 449 9
541 449 9
541 449 9
540 449 9
540 449 9
540 449 9
540 449 9
539 449 11
539 449 11
539 449 11
538 449 13
538 450 29
538 450 29
538 450 29
537 450 30
537 450 30
537 450 30
536 450 28
536 450 28
536 450 28
535 450 24
535 451 40
535 451 40
535 451 40
534 451 33
534 451 33
534 451 33
534 451 33
534 451 33
534 451 33
533 451 28
533 451 28
532 451 21
532 451 21
532 451 21
532 451 21
531 451 21
531 451 21
531 451 21
531 451 21
531 451 21
530 451 24
530 450 18
530 450 18
530 450 18
530 450 18
530 450 18
530 449 14
530 449 14
530 449 14
530 448 13
530 448 13
530 448 13
530 448 13
530 447 16
530 447 16
530 447 16
530 446 21
530 446 21
531 445 17
531 445 17
532 444 11
532 444 11
532 444 11
532 444 11
532 443 17
532 443 17
533 442 12
533 442 12
533 442 12
533 442 12
533 441 17
534 441 8
534 441 8
534 440 14
534 440 14
534 440 14
534 440 14
534 439 21
534 439 21
534 439 21
534 438 27
535 438 19
535 438 19
535 438 19
535 437 22
535 437 22
535 437 22
535 436 25
535 436 25
535 436 25
535 436 25
535 435 23
535 435 23
535 435 23
535 434 19
535 434 19
535 434 19
534 434 26
534 434 26
534 433 23
534 433 23
534 433 23
534 432 18
534 432 18
534 432 18
534 432 18
534 432 18
534 431 17
534 431 17
534 430 19
534 430 19
534 430 19
534 430 19
534 429 23
534 429 23
534 429 23
534 428 29
534 428 29
534 428 29
534 428 29
534 427 35
534 427 35
534 427 35
534 426 39
534 426 39
535 426 29
535 426 29
535 425 34
535 425 34
535 425 34
536 424 29
536 424 29
536 424 29
536 424 29
536 424 29
537 423 27
537 423 27
537 423 27
537 423 27
538 422 25
538 422 25
538 422 25
538 422 25
538 422 25
538 422 25
539 421 24
539 421 24
539 421 24
539 421 24
539 420 32
540 420 21
540 420 21
540 420 21
540 420 21
540 419 31
540 419 31
540 419 31
541 419 23
541 418 33
541 418 33
542 418 28
542 418 28
542 418 28
543 417 34
543 417 34
543 417 34
544 417 26
544 416 36
544 416 36
545 416 26
545 416 26
545 416 26
546 415 23
546 415 23
546 415 23
546 415 23
546 415 23
547 414 19
547 414 19
547 414 19
547 413 28
548 413 19
548 413 19
548 413 19
548 412 26
548 412 26
548 412 26
548 412 26
548 411 32
549 411 24
549 411 24
549 410 30
549 410 30
550 410 22
550 409 27
550 409 27
550 408 32
550 408 32
551 408 24
551 408 24
551 407 28
551 407 28
551 407 28
552 407 21
552 406 27
552 406 27
552 406 27
552 406 27
553 405 25
553 405 25
553 405 25
553 405 25
553 405 25
554 405 18
554 404 23
554 404 23
554 404 23
554 404 23
555 403 20
555 403 20
556 403 14
556 402 20
556 402 20
556 402 20
556 402 20
556 402 20
557 402 14
557 402 14
557 401 21
557 401 21
558 401 15
558 401 15
558 400 22
558 400 22
558 400 22
558 400 22
559 400 15
559 400 15
559 399 21
559 399 21
560 399 16
560 399 16
560 398 24
561 398 20
561 398 20
561 398 20
562 398 17
562 398 17
562 398 17
562 398 17
563 398 16
563 398 16
563 398 16
564 398 15
564 398 15
564 397 26
564 397 26
564 397 26
565 397 27
565 397 27
565 397 27
566 397 29
566 397 29
566 397 29
567 397 30
567 397 30
567 397 30
568 397 31
568 397 31
568 397 31
568 397 31
569 397 30
569 397 30
570 397 29
570 397 29
570 397 29
571 397 28
571 397 28
571 397 28
572 397 28
572 397 28
572 397 28
573 397 27
573 397 27
573 397 27
574 397 27
574 397 27
574 397 27
574 397 27
575 397 27
575 397 27
575 397 27
576 397 28
576 397 28
576 397 28
576 397 28
577 397 28
577 397 28
577 397 28
578 397 29
578 397 29
578 397 29
579 397 31
579 397 31
579 397 31
580 397 32
580 397 32
580 397 32
581 397 33
581 397 33
581 397 33
582 397 32
582 397 32
583 397 30
583 397 30
583 397 30
584 397 27
584 397 27
584 397 27
585 397 24
585 397 24
586 397 22
586 397 22
586 397 22
586 397 22
587 397 20
587 396 33
587 396 33
587 396 33
588 396 32
588 396 32
588 396 32
589 396 31
589 396 31
589 396 31
589 396 31
590 396 29
590 396 29
590 396 29
590 396 29
591 396 28
591 396 28
592 396 28
592 396 28
592 396 28
592 396 28
593 396 29
593 396 29
593 396 29
594 396 30
594 396 30
594 396 30
594 396 30
595 396 29
595 396 29
596 396 29
596 396 29
596 396 29
597 396 29
597 396 29
597 396 29
598 396 31
598 396 31
598 396 31
598 396 31
599 396 34
599 396 34
599 396 34
600 396 37
600 396 37
600 396 37
601 396 40
601 396 40
602 396 43
602 396 43
602 396 43
602 396 43
603 396 45
603 396 45
603 396 45
604 396 49
604 396 49
604 396 49
604 396 49
605 396 52
605 397 45
605 397 45
605 397 45
606 397 49
606 398 43
606 398 43
606 398 43
606 398 43
607 398 48
607 399 42
607 399 42
607 399 42
607 400 37
607 400 37
608 400 41
608 401 37
608 401 37
608 401 37
608 401 37
608 401 37
608 402 32
608 402 32
609 402 36
609 402 36
609 402 36
609 403 31
609 403 31
610 403 35
610 404 30
610 404 30
610 404 30
610 404 30
611 404 36
611 405 32
611 405 32
611 405 32
612 406 34
612 406 34
612 406 34
612 406 34
613 407 33
613 407 33
613 407 33
613 407 33
613 408 26
614 408 32
614 408 32
614 408 32
614 408 32
614 409 24
615 409 32
615 409 32
615 409 32
616 410 31
616 410 31
616 410 31
616 410 31
616 410 31
617 410 37
617 411 29
617 411 29
617 411 29
617 411 29
618 411 35
618 412 28
618 412 28
618 412 28
618 412 28
619 412 34
619 412 34
619 412 34
620 413 33
620 413 33
620 413 33
620 413 33
621 414 30
621 414 30
622 414 37
622 414 37
622 414 37
622 415 24
623 415 32
623 415 32
623 415 32
624 415 38
624 416 27
624 416 27
624 416 27
625 416 36
625 416 36
625 417 26
625 417 26
626 417 34
626 417 34
626 417 34
626 418 22
626 418 22
627 418 29
627 418 29
627 418 29
628 418 36
628 418 36
628 419 24
628 419 24
628 419 24
629 419 34
629 419 34
629 420 21
630 420 32
630 420 32
630 420 32
630 420 32
630 420 32
630 420 32
631 420 40
631 421 31
631 421 31
631 421 31
632 421 39
632 421 39
632 422 29
632 422 29
633 422 36
633 422 36
633 423 26
634 423 30
634 423 30
634 423 30
634 423 30
635 424 29
635 424 29
635 424 29
636 424 36
636 424 36
636 425 29
636 425 29
636 425 29
636 425 29
637 426 33
637 426 33
637 426 33
637 426 33
637 427 26
637 427 26
637 427 26
637 428 20
638 428 28
638 428 28
638 428 28
638 429 24
638 429 24
638 429 24
638 430 22
638 430 22
638 430 22
638 430 22
638 431 21
638 431 21
637 431 12
637 431 12
637 432 14
637 432 14
637 432 14
637 432 14
637 433 19
637 433 19
636 433 8
636 433 8
636 433 8
636 434 14
636 434 14
636 434 14
636 434 14
636 435 20
636 435 20
636 435 20
636 436 26
636 436 26
636 436 26
636 436 26
636 437 29
636 437 29
636 437 29
636 438 29
636 438 29
636 438 29
636 439 27
636 439 27
636 439 27
636 440 24
636 440 24
636 440 24
636 440 24
636 440 24
636 441 21
636 441 21
636 441 21
637 442 26
637 442 26
637 442 26
637 442 26
637 442 26
637 443 22
638 443 27
638 443 27
638 444 23
638 444 23
638 444 23
638 444 23
638 445 21
639 445 28
639 446 26
639 446 26
639 446 26
639 447 24
639 447 24
640 448 28
640 448 28
640 448 28
640 448 28
640 449 25
640 449 25
640 449 25
640 450 25
640 450 25
640 450 25
640 450 25
640 451 28
640 451 28
640 451 28
640 452 31
640 452 31
Stop
