New Slice
Start
569 198 24
569 197 31
568 197 31
568 198 24
567 199 36
567 199 36
567 200 31
567 201 31
567 201 31
567 202 30
567 203 30
567 203 30
567 204 30
566 204 30
566 205 26
566 206 26
566 207 20
566 207 20
566 208 20
566 209 21
566 209 21
565 210 29
565 211 29
565 211 29
565 212 27
565 213 27
565 213 27
565 214 24
565 215 25
565 215 25
565 216 25
565 217 21
565 217 21
565 218 21
565 219 22
565 219 22
565 220 24
565 221 24
565 221 24
565 222 20
565 223 20
565 223 20
565 224 11
565 225 11
565 225 11
565 226 21
565 227 31
565 227 31
565 228 31
565 229 28
565 230 28
565 231 35
565 231 35
565 232 24
565 233 24
565 233 24
564 234 19
564 235 19
564 235 19
563 236 25
563 237 25
563 237 25
563 239 1
563 239 1
562 239 19
562 240 19
562 241 5
561 241 5
561 243 14
561 243 14
560 243 24
560 244 26
560 245 26
560 245 26
559 246 24
559 247 24
559 248 14
559 249 14
558 249 28
558 249 28
558 250 22
557 251 41
557 251 41
557 252 41
557 253 31
557 254 31
557 255 24
557 255 24
556 256 26
556 257 26
556 257 26
555 258 32
555 259 32
555 259 32
555 260 28
555 261 28
555 261 28
555 261 28
555 262 30
554 263 16
554 263 16
554 265 16
553 265 34
553 266 34
553 267 32
553 267 32
553 267 32
553 268 34
553 269 34
553 270 29
552 271 29
552 272 28
552 273 17
552 273 17
552 274 17
552 275 11
552 275 11
552 276 11
552 277 6
551 277 14
551 277 14
551 278 14
551 279 13
551 279 13
551 280 13
551 281 13
551 281 13
551 282 17
551 283 17
551 283 17
551 284 16
551 285 11
551 285 11
551 286 11
551 287 6
551 287 6
551 288 6
551 289 12
551 289 12
551 290 12
551 291 15
551 291 15
551 292 14
551 293 14
551 293 14
551 294 17
551 295 17
551 295 17
551 296 25
551 297 26
551 297 26
551 298 26
551 299 32
551 299 32
551 300 32
552 300 12
552 301 8
552 301 8
552 302 8
553 303 19
553 303 19
553 304 25
553 305 25
554 305 9
554 306 17
555 307 17
555 307 17
555 307 17
556 308 14
556 309 23
556 309 23
557 310 23
557 311 44
557 311 44
558 312 24
559 313 10
559 313 10
559 315 24
559 315 24
559 316 47
560 317 47
561 317 36
561 318 49
561 319 49
563 319 34
563 320 49
564 320 41
565 320 41
566 321 57
567 321 57
567 321 57
568 321 49
569 321 49
569 322 49
570 322 43
571 322 39
572 323 50
573 323 49
573 323 49
574 323 49
575 324 47
575 324 47
576 324 43
577 324 43
577 324 43
578 324 27
579 324 27
579 324 27
580 324 27
581 324 27
581 324 27
582 324 22
583 325 21
583 325 21
584 325 21
585 325 19
585 325 19
586 325 19
587 325 24
587 325 24
589 325 26
589 325 26
590 325 19
591 325 19
591 325 19
592 325 17
593 325 17
593 325 17
594 325 17
595 325 21
595 325 21
596 325 21
597 325 28
597 325 28
598 325 28
599 325 36
599 325 36
599 325 36
600 325 46
600 324 18
601 324 18
601 324 18
602 324 34
603 324 34
603 323 34
603 323 34
604 323 49
605 323 67
605 322 49
607 322 61
607 321 61
608 321 61
608 321 61
609 321 81
609 320 67
609 320 67
610 319 59
611 319 83
611 319 83
611 318 83
612 317 89
613 317 89
613 317 89
613 316 89
613 315 59
614 315 70
614 315 70
615 314 77
615 313 77
615 313 77
615 312 75
615 311 75
615 311 75
615 310 65
615 309 65
615 308 58
615 307 59
615 307 59
615 306 59
615 305 57
615 305 57
615 304 57
615 303 43
615 303 43
615 302 44
615 301 44
615 301 44
615 300 35
615 299 35
615 299 35
615 298 29
615 297 29
615 297 29
616 296 42
616 295 49
616 295 49
616 294 49
616 293 52
616 293 52
616 292 52
616 291 50
616 291 50
616 290 62
616 289 62
616 289 62
616 288 65
616 287 65
616 286 72
615 287 48
615 287 48
614 288 48
614 289 46
613 289 38
613 289 38
613 290 38
613 291 40
613 291 40
613 292 35
613 293 35
613 293 35
613 294 29
613 295 29
613 295 29
613 296 27
613 297 29
613 297 29
612 298 29
612 299 25
612 299 25
612 300 25
612 301 31
612 301 31
612 302 31
612 303 37
612 303 37
612 304 34
612 305 34
612 305 34
612 306 41
612 307 41
611 307 36
611 307 36
611 308 34
611 309 34
610 309 35
609 310 35
609 311 28
608 311 28
607 312 28
607 312 28
607 313 27
606 313 30
605 314 30
604 315 37
604 315 37
603 315 39
603 315 39
603 316 29
602 316 29
601 317 34
601 317 34
600 317 34
599 318 35
598 319 44
597 319 44
597 319 44
596 319 45
596 320 36
595 320 36
595 320 36
594 320 39
593 320 39
593 320 39
592 320 42
591 320 44
591 320 44
591 321 31
590 321 31
589 321 36
589 321 36
588 321 36
587 321 40
586 321 39
585 321 39
585 321 39
584 321 37
583 321 37
583 321 37
582 321 35
581 321 32
581 321 32
580 321 32
579 321 29
579 321 29
578 321 29
577 321 34
577 321 34
576 321 34
575 320 28
575 319 44
574 319 28
574 319 28
573 319 28
573 319 28
572 319 27
571 319 27
571 318 27
571 317 48
570 317 40
569 317 30
569 317 30
569 317 30
568 317 30
567 316 23
567 315 25
566 315 25
565 315 18
565 314 19
564 314 19
564 313 19
563 313 6
563 312 19
562 312 5
562 311 5
561 311 5
561 310 10
561 309 10
560 309 0
560 308 3
559 307 12
559 307 12
559 307 12
558 305 7
558 305 7
557 304 4
557 303 4
557 303 4
557 302 0
557 301 0
556 301 0
556 301 0
556 300 0
556 299 0
555 299 0
555 298 5
555 297 5
555 297 5
555 296 5
555 295 6
555 295 6
555 294 6
555 293 4
555 293 4
555 292 4
555 291 15
555 291 15
555 290 4
555 289 4
555 289 4
555 288 5
555 287 5
555 287 5
555 286 3
555 285 3
555 285 3
555 284 13
555 283 10
555 283 10
555 282 10
555 281 0
555 281 0
555 280 0
555 279 1
555 279 1
555 278 5
555 277 5
555 277 5
555 276 3
555 275 3
555 275 3
555 274 3
555 273 3
556 273 1
557 273 1
557 272 11
557 271 13
557 271 13
557 270 13
557 269 4
558 268 7
558 267 7
558 267 7
559 267 18
559 265 16
559 265 16
559 263 15
559 263 15
560 262 22
561 261 26
561 260 26
561 259 22
561 259 22
561 258 22
561 257 13
562 256 13
563 255 19
563 254 21
563 253 21
563 253 21
564 253 36
564 252 28
564 251 28
565 251 28
565 250 7
565 249 6
565 249 6
565 248 6
566 247 13
566 247 13
566 246 13
567 246 13
567 245 3
567 245 3
567 245 3
567 244 3
568 244 17
569 243 13
569 243 13
569 242 9
570 242 22
571 242 28
571 241 28
572 241 28
573 241 29
573 241 29
574 241 29
575 240 4
575 240 4
576 240 8
577 240 8
577 240 8
578 240 17
579 240 17
579 240 17
579 239 17
580 239 24
581 239 24
581 239 24
582 239 32
583 239 38
583 239 38
584 239 38
585 239 43
585 239 43
586 239 43
587 239 45
587 239 45
588 239 42
589 239 42
589 239 42
590 239 37
591 239 37
591 239 37
592 239 34
593 239 35
593 239 35
594 239 35
595 239 34
595 239 34
596 239 34
597 239 29
597 239 29
598 239 29
599 239 21
599 239 21
600 239 10
601 239 10
601 239 10
603 240 0
603 241 11
604 241 2
605 241 1
605 241 1
605 241 1
606 242 1
607 243 0
607 243 0
607 243 0
609 243 0
609 244 2
609 245 2
610 245 2
611 245 11
611 246 10
611 247 10
612 247 13
612 247 13
613 248 6
613 249 6
613 250 1
614 251 15
615 251 15
615 252 15
615 253 28
615 253 28
615 253 28
615 253 28
615 252 15
615 251 15
615 251 15
615 250 12
615 249 19
615 249 19
615 248 19
615 247 24
615 247 24
615 246 24
615 245 33
615 245 33
615 245 33
615 244 33
614 243 40
614 243 40
613 243 19
613 242 32
613 241 32
613 241 32
612 240 37
612 239 37
611 239 13
611 239 13
611 238 23
610 237 22
609 237 22
609 237 22
608 236 4
607 235 19
607 235 19
606 235 7
605 234 7
605 233 25
605 233 25
605 233 25
604 232 10
604 231 21
603 231 8
603 231 8
603 230 14
603 229 14
603 229 14
603 228 21
603 227 21
602 227 21
602 226 21
602 225 24
602 225 24
602 223 25
602 223 25
602 222 25
602 221 31
602 221 31
602 220 31
602 219 18
602 219 18
602 218 15
602 217 15
602 217 15
602 216 16
602 215 16
602 215 16
602 214 18
602 213 17
601 213 3
601 213 3
601 212 3
601 211 0
601 211 0
601 210 0
600 209 13
600 209 13
600 208 28
599 208 7
599 207 7
599 207 7
599 207 7
598 207 0
598 206 0
597 205 0
597 204 0
596 203 0
595 203 0
595 203 0
595 203 0
595 202 1
594 201 6
593 201 6
593 201 6
592 200 0
591 200 0
591 199 13
590 199 13
589 199 11
588 199 11
587 199 16
587 199 16
586 199 28
585 199 28
585 199 28
584 199 41
584 199 41
583 200 31
583 201 31
583 201 31
583 202 21
583 203 27
583 203 27
583 204 27
583 205 45
585 205 24
585 206 24
585 207 35
586 207 35
587 207 19
587 208 19
587 209 37
588 209 29
589 209 29
589 210 41
589 211 41
590 211 35
591 212 43
591 213 43
591 213 43
591 213 43
591 215 52
592 215 46
592 216 46
593 217 44
593 217 44
593 218 44
593 219 48
593 219 48
593 220 42
593 221 42
593 221 42
593 222 45
593 223 45
593 223 45
593 224 40
593 225 40
593 225 40
592 225 47
592 226 33
591 226 38
591 227 35
591 227 35
590 228 35
589 228 44
589 229 16
589 229 16
588 229 16
587 229 22
587 229 22
587 229 22
586 229 33
585 229 33
585 229 33
584 229 37
583 229 37
583 229 37
582 229 31
581 229 21
581 229 21
580 229 21
579 229 16
579 229 16
578 229 16
577 229 5
577 228 25
576 227 25
575 227 16
575 227 16
575 226 20
574 225 27
573 224 27
572 223 14
571 223 14
571 223 14
571 222 14
570 221 3
570 221 3
569 221 0
569 220 0
569 219 0
569 219 0
569 218 0
569 217 0
569 217 0
569 216 0
569 215 0
568 215 0
568 215 0
568 213 2
568 213 2
568 212 2
568 211 4
568 211 4
568 210 4
568 209 10
568 209 10
568 208 16
568 207 16
568 207 16
568 206 21
568 205 21
568 205 21
568 204 24
568 203 24
567 203 30
567 202 30
567 201 31
567 201 31
567 199 36
567 199 36
567 199 36
567 198 36
567 197 38
567 197 38
567 197 38
Stop
New Slice
Start
569 199 24
569 198 24
569 198 24
569 199 24
568 199 24
567 199 36
566 200 31
566 201 31
565 201 48
565 201 48
565 202 47
565 203 47
565 203 47
565 203 47
565 204 47
565 205 42
565 205 42
565 206 42
565 207 31
565 207 31
565 208 31
565 209 36
565 209 36
565 210 29
565 211 29
565 211 29
565 212 27
565 213 27
565 213 27
565 214 24
565 215 25
565 215 25
565 216 25
565 217 21
565 217 21
565 218 21
565 219 22
565 219 22
565 220 24
565 221 24
565 221 24
565 222 20
565 223 20
565 223 20
564 225 11
564 225 11
564 226 21
564 227 31
563 227 47
563 227 47
563 229 49
563 229 49
563 230 49
563 232 42
563 233 42
563 235 40
563 236 25
563 237 25
563 239 1
563 239 1
563 240 1
563 241 0
563 241 0
563 242 0
563 243 1
563 243 1
562 243 14
562 244 12
562 245 12
561 246 8
561 247 8
561 248 6
561 249 6
561 249 6
561 250 4
561 251 1
560 251 2
560 252 2
560 253 5
559 253 5
559 254 5
559 255 5
559 255 5
558 257 8
557 257 26
557 259 20
557 259 20
557 260 12
557 261 12
557 261 12
556 262 17
556 263 9
555 263 16
555 263 16
555 264 16
555 265 16
555 266 16
555 267 12
554 267 12
553 268 34
553 269 34
553 269 34
553 270 29
553 271 29
553 271 29
553 271 29
553 272 28
553 273 17
552 273 17
552 274 17
552 275 11
552 275 11
552 276 11
552 277 6
552 277 6
552 278 6
552 279 1
552 279 1
552 281 0
552 281 0
552 283 7
552 283 7
552 284 9
552 285 2
552 285 2
552 286 2
552 287 1
552 287 1
552 288 1
552 289 0
552 289 0
553 290 0
553 291 7
553 291 7
553 292 3
553 293 3
553 293 3
553 294 6
553 295 6
553 295 6
553 296 8
553 297 11
553 298 11
554 299 0
554 300 0
555 301 0
555 301 0
555 302 0
555 302 0
555 303 2
555 303 2
556 304 4
556 305 4
556 305 4
557 305 4
557 306 10
557 307 10
557 307 10
557 308 14
557 309 23
558 310 4
558 311 24
559 312 4
559 313 10
559 313 10
560 314 10
560 315 24
561 315 17
561 315 17
561 315 17
562 316 36
562 317 36
563 317 22
563 317 22
563 317 22
564 318 28
564 319 28
565 319 28
565 319 28
566 319 25
567 319 25
567 320 36
567 320 36
568 320 32
569 320 32
569 321 49
569 321 49
570 321 43
571 321 39
571 321 39
571 322 39
572 322 39
573 322 37
574 323 49
575 323 47
575 323 47
575 323 47
576 323 43
577 323 43
578 323 27
579 325 43
580 325 33
581 325 33
581 325 33
582 325 25
583 325 21
583 325 21
584 325 21
585 325 19
585 325 19
587 326 37
587 326 37
588 326 38
589 326 38
589 326 38
591 326 44
591 326 44
592 326 42
593 326 41
593 326 41
594 326 41
595 326 46
595 325 21
596 325 21
596 325 21
597 325 28
597 325 28
598 324 10
598 323 10
599 323 11
599 323 11
599 323 11
600 323 18
601 322 8
601 322 8
601 321 8
602 321 17
603 321 17
603 321 17
604 321 27
605 320 34
605 320 34
606 319 38
606 319 38
607 319 43
607 318 43
608 318 43
608 317 37
609 317 51
609 317 51
610 317 51
610 316 51
611 316 70
611 315 52
611 315 52
612 315 59
612 314 58
613 314 58
613 313 58
613 313 58
613 312 52
614 311 75
615 311 75
615 310 65
615 309 65
615 309 65
615 308 58
615 307 59
615 306 59
616 305 74
616 305 74
616 304 74
617 304 77
617 303 71
617 303 71
617 302 73
617 301 73
617 301 73
617 300 65
617 299 65
617 299 65
617 298 69
617 297 69
617 297 69
617 296 65
617 295 73
617 295 73
617 294 73
617 293 77
617 293 77
617 292 77
617 291 69
617 291 69
617 290 78
617 289 78
616 289 62
616 289 62
615 288 48
615 288 48
614 288 48
613 288 48
613 289 38
613 289 38
613 290 38
613 291 40
613 291 40
613 292 35
613 293 35
613 293 35
613 294 29
612 294 29
612 295 29
612 295 29
612 296 27
612 297 29
612 297 29
612 298 29
611 298 37
611 299 28
611 299 28
611 299 28
611 300 28
611 301 30
611 301 30
611 302 30
610 303 47
610 304 48
610 305 48
610 305 48
609 306 41
609 307 41
609 307 41
609 308 39
609 309 35
609 309 35
608 310 40
608 311 28
608 312 28
607 312 28
607 313 27
607 313 27
607 314 27
606 314 30
606 315 35
606 315 35
605 315 35
605 316 26
604 317 30
603 317 29
603 318 22
602 318 22
601 319 24
600 319 24
600 319 24
599 319 35
599 320 19
598 320 30
597 320 30
597 321 11
596 321 16
595 321 16
595 321 16
594 321 21
593 321 21
593 321 21
592 321 25
591 321 31
591 321 31
590 321 31
589 321 36
589 321 36
588 321 36
587 321 40
587 321 40
586 321 39
585 321 39
585 321 39
584 321 37
583 321 37
583 321 37
582 321 35
581 321 32
581 321 32
580 321 32
579 321 29
579 321 29
578 320 43
577 320 38
577 319 65
576 319 65
575 319 44
575 319 44
575 319 44
574 318 28
573 317 54
573 317 54
573 317 54
572 317 48
571 316 48
571 315 57
571 315 57
571 315 57
570 315 52
569 314 42
569 314 42
569 313 42
568 313 42
567 313 28
567 312 49
567 312 49
567 311 49
566 311 49
565 310 49
565 309 49
565 309 49
564 309 49
564 308 48
563 307 39
563 307 39
563 307 39
563 306 39
562 306 25
562 305 39
561 305 39
561 304 39
561 304 39
561 303 49
561 303 49
561 302 50
560 302 39
560 301 39
560 301 39
559 300 41
559 299 41
559 298 45
558 297 28
558 297 28
558 296 34
557 295 18
557 294 18
557 293 24
557 293 24
557 292 24
556 291 33
556 291 33
556 290 29
556 289 29
556 289 29
556 288 23
556 287 23
556 287 23
556 286 23
556 285 23
556 285 23
556 284 26
556 283 26
556 283 26
556 282 26
556 281 21
556 281 21
556 280 21
557 279 16
557 279 16
557 278 12
557 277 12
557 277 12
558 276 21
558 275 21
558 275 21
558 274 16
559 273 40
559 273 40
559 272 29
559 271 25
559 271 25
559 270 25
560 270 25
560 269 23
560 269 23
560 268 23
560 267 18
560 267 18
560 266 16
560 265 16
561 265 33
561 263 29
561 263 29
561 262 35
561 261 26
561 261 26
561 261 26
561 260 26
561 259 22
561 259 22
561 258 22
562 257 13
562 257 13
562 256 13
562 255 12
563 255 19
563 254 21
563 253 21
563 253 21
563 252 11
563 251 11
564 251 28
564 251 28
564 250 7
564 249 6
564 249 6
565 248 6
565 247 4
565 247 4
565 245 0
566 245 3
566 244 3
567 243 3
567 242 0
567 241 0
568 241 9
568 241 9
569 241 9
569 240 0
569 240 0
570 239 0
571 239 0
571 239 0
571 239 0
572 239 0
573 239 1
573 239 1
574 239 1
575 239 4
575 239 4
576 239 8
577 239 8
577 239 8
578 239 17
579 239 17
579 239 17
580 239 24
581 239 24
582 239 32
583 239 38
583 239 38
584 239 38
585 239 43
585 239 43
586 239 43
587 239 45
587 239 45
588 239 42
589 239 42
589 239 42
590 239 37
591 239 37
591 239 37
592 239 34
593 239 35
593 239 35
594 239 35
595 239 34
595 239 34
596 239 34
597 239 29
597 239 29
598 239 29
599 239 21
599 239 21
600 239 10
601 240 10
601 240 10
602 240 0
603 240 0
603 241 11
603 241 11
604 241 2
605 241 1
605 242 1
606 242 1
606 243 5
607 243 0
607 244 4
608 244 4
608 245 4
609 245 2
609 246 6
609 247 6
610 248 12
610 249 12
610 249 12
611 250 6
611 251 22
611 251 22
611 251 22
612 252 12
612 253 34
613 253 34
613 254 34
613 255 41
613 255 41
614 256 47
615 256 47
615 257 47
615 257 47
616 256 54
616 255 47
617 255 55
617 255 55
617 254 38
617 253 38
617 253 38
617 252 37
617 251 37
617 251 37
617 250 40
617 249 33
616 249 31
616 249 31
616 248 31
616 247 35
615 247 24
615 247 24
615 246 24
615 245 33
614 245 33
614 244 33
613 244 22
613 243 19
613 243 19
612 242 32
612 241 32
611 241 13
611 241 13
611 241 13
611 240 13
610 239 0
609 239 0
609 238 10
609 237 22
608 237 4
607 237 4
607 236 4
607 235 19
606 235 7
606 234 7
605 234 7
605 233 25
605 233 25
605 232 25
605 231 39
605 231 39
605 230 40
604 230 27
604 229 27
604 229 27
604 228 32
604 227 32
604 227 32
604 226 42
604 225 39
604 225 39
604 224 39
604 223 41
604 223 41
604 222 41
604 221 46
603 221 31
603 220 31
603 219 18
603 219 18
603 218 15
603 217 15
603 217 15
603 216 16
603 215 16
603 214 18
603 213 17
603 213 17
603 212 17
602 211 16
602 211 16
601 209 13
601 209 13
601 208 28
601 207 28
600 207 28
599 207 7
599 206 9
599 205 9
599 205 9
598 205 0
597 204 0
597 203 0
597 203 0
596 202 1
595 201 25
595 201 25
594 200 6
593 200 6
593 199 35
593 199 35
592 198 21
591 197 35
591 197 35
590 197 35
589 196 42
589 196 42
588 196 42
587 196 35
587 196 35
586 197 32
585 197 32
585 197 32
585 198 28
585 199 28
584 199 41
584 199 41
584 200 31
584 201 31
584 201 31
584 202 21
584 203 27
584 203 27
584 204 27
584 205 45
585 205 24
585 205 24
585 206 24
586 207 35
587 207 19
587 208 19
588 208 6
589 209 29
589 209 29
589 209 29
590 210 35
591 210 35
591 211 35
591 211 35
591 212 43
592 212 31
593 213 16
593 213 16
593 214 24
593 215 32
594 216 32
595 217 34
595 217 34
595 218 34
595 219 35
595 219 35
595 220 33
595 221 33
595 221 33
595 222 30
595 223 30
595 223 30
595 224 30
595 225 30
594 225 40
594 226 38
594 227 27
593 227 27
593 228 27
592 229 13
591 229 16
591 229 16
591 230 16
590 230 16
589 230 16
589 230 16
588 230 16
587 230 22
587 230 22
586 230 33
585 230 33
585 230 33
584 230 37
583 230 37
583 230 37
582 230 31
582 229 31
581 229 21
581 229 21
580 229 21
579 229 16
579 228 35
578 228 35
577 228 25
577 227 25
577 227 25
576 227 25
575 227 16
575 226 20
575 226 20
575 225 32
574 225 27
574 225 27
573 224 27
573 223 21
573 223 21
573 222 21
573 221 30
572 221 14
572 220 14
572 219 22
572 219 22
572 218 16
571 217 16
571 217 16
571 215 13
571 215 13
571 214 20
571 213 17
571 213 17
571 212 17
571 211 21
571 210 21
571 209 17
571 209 17
571 208 31
571 207 31
571 207 31
571 206 39
571 205 39
571 205 39
571 204 41
571 203 41
571 203 41
570 202 24
570 201 20
570 201 20
569 201 19
569 200 19
569 199 24
569 199 24
569 199 24
Stop
New Slice
Start
571 195 31
571 195 31
570 195 32
569 195 28
569 195 28
568 195 28
568 195 28
568 196 28
568 197 31
567 197 38
567 197 38
567 198 36
567 199 36
567 199 36
566 200 31
566 201 31
566 201 31
565 201 48
565 202 47
565 203 47
565 203 47
565 204 47
565 204 47
565 205 42
565 205 42
565 206 42
564 206 42
564 207 31
564 207 31
564 208 31
564 209 36
564 209 36
564 210 29
564 211 29
564 211 29
564 212 27
564 213 27
564 213 27
564 214 24
564 215 25
564 215 25
564 216 25
564 217 21
564 217 21
564 218 21
564 219 22
563 219 39
563 220 35
563 221 35
563 221 35
563 222 38
563 223 38
563 223 38
563 224 28
563 225 28
563 225 28
563 225 28
563 226 42
563 227 47
562 228 53
562 229 56
562 229 56
562 230 56
562 231 55
562 231 55
562 232 55
562 233 55
562 233 55
562 234 47
562 235 47
561 235 47
561 236 47
561 237 47
561 237 47
561 238 35
561 238 35
561 239 19
561 239 19
561 240 19
560 241 26
560 242 26
560 243 24
560 243 24
560 244 26
560 245 26
560 245 26
560 246 24
559 246 24
559 247 24
559 247 24
559 248 14
559 248 14
559 249 14
559 249 14
558 250 22
558 251 21
558 252 21
557 253 31
557 253 31
557 254 31
557 254 31
557 255 24
556 255 24
556 256 26
556 257 26
555 257 47
555 257 47
555 258 32
555 259 32
555 259 32
554 260 28
554 261 28
554 261 28
553 262 44
553 263 32
553 263 32
553 264 32
553 265 34
552 265 34
552 266 34
552 267 32
552 267 32
552 268 34
552 269 34
552 269 34
551 270 41
551 271 41
551 271 41
551 272 38
551 273 29
551 273 29
551 274 29
551 275 26
551 275 26
551 276 26
551 277 14
551 277 14
551 278 14
551 279 13
551 279 13
551 280 13
551 281 13
551 281 13
551 281 13
551 282 17
551 283 17
551 283 17
551 284 16
551 285 11
551 286 11
551 287 6
551 288 6
551 289 12
551 289 12
551 290 12
551 291 15
551 291 15
551 292 14
551 293 14
551 293 14
551 294 17
551 295 17
551 295 17
551 297 26
551 297 26
551 298 26
551 299 32
551 299 32
551 300 32
551 301 29
551 301 29
551 302 29
551 303 42
551 303 42
551 304 45
551 305 45
551 305 45
551 306 49
551 307 49
552 307 33
553 307 33
553 308 35
553 308 35
553 309 47
554 309 38
554 309 38
555 309 38
555 310 38
555 311 51
556 311 44
557 311 44
557 311 44
558 311 24
559 311 4
559 312 4
559 313 10
560 313 10
560 313 10
561 313 4
561 313 4
561 314 4
562 314 4
562 315 17
563 315 16
563 315 16
564 315 18
564 316 22
565 316 22
565 317 22
566 317 23
566 317 23
567 317 23
567 317 23
567 318 25
568 318 26
569 318 26
569 319 26
571 319 27
572 319 27
573 320 22
573 321 37
573 321 37
574 321 37
574 321 37
575 321 35
575 321 35
575 322 35
576 322 34
577 322 34
577 323 43
578 323 27
579 323 27
579 324 27
580 324 27
581 324 27
581 325 33
582 325 25
582 325 25
583 325 21
583 325 21
584 325 21
585 325 19
585 325 19
586 325 19
587 325 24
587 325 24
588 325 26
589 325 26
589 325 26
590 325 19
591 325 19
591 325 19
592 325 17
593 325 17
594 325 17
595 325 21
595 325 21
596 325 21
597 325 28
597 325 28
598 324 10
599 324 11
599 324 11
600 324 18
601 324 18
601 324 18
602 324 34
602 323 34
603 323 34
603 323 34
604 323 49
605 323 67
605 322 49
606 322 49
607 321 61
607 321 61
608 321 61
609 320 67
609 320 67
610 320 67
611 319 83
611 319 83
612 318 105
613 317 89
613 317 89
614 316 96
615 315 70
615 315 70
616 315 86
616 313 95
617 313 107
617 313 107
617 312 103
617 311 103
617 311 103
617 311 103
617 310 98
617 309 98
617 309 98
618 309 98
618 308 88
618 307 81
618 307 81
618 306 81
619 306 89
619 305 82
619 305 82
619 304 82
619 303 78
619 303 78
619 302 79
619 301 79
619 301 79
619 300 82
619 299 82
619 299 82
619 298 89
619 297 89
619 297 89
619 296 86
619 295 93
619 295 93
619 294 93
619 293 93
619 292 93
618 291 69
618 291 69
618 290 78
617 289 78
617 289 78
617 288 89
617 288 89
616 288 65
615 288 48
615 289 46
614 289 46
614 290 46
613 291 40
613 291 40
613 292 35
613 292 35
613 293 35
613 293 35
612 293 35
612 294 29
612 295 29
612 295 29
612 296 27
612 297 29
611 297 37
611 298 37
611 299 28
611 299 28
611 300 28
611 301 30
611 301 30
611 302 30
611 303 36
611 303 36
611 304 30
610 305 48
610 305 48
610 306 41
610 307 41
609 307 41
609 308 39
609 309 35
609 309 35
608 310 40
608 311 28
607 311 28
607 312 28
607 313 27
606 313 30
606 314 30
605 314 30
605 315 35
605 315 35
604 315 37
603 316 29
603 317 29
603 317 29
603 317 29
602 317 29
601 317 34
601 318 24
601 319 24
599 319 35
599 319 35
598 319 44
597 320 30
596 320 36
595 320 36
595 320 36
594 321 21
593 321 21
593 321 21
592 321 25
591 321 31
591 321 31
590 321 31
589 321 36
589 321 36
588 321 36
587 321 40
587 321 40
586 321 39
585 321 39
585 321 39
584 321 37
583 321 37
583 321 37
582 321 35
581 321 32
581 321 32
580 321 32
579 321 29
579 320 43
578 320 43
577 320 38
577 320 38
576 319 65
575 319 44
575 319 44
575 319 44
574 319 28
574 318 28
573 317 54
572 317 48
572 317 48
571 317 48
571 316 48
570 316 40
570 315 52
569 315 40
569 315 40
568 315 40
567 314 28
567 314 28
566 313 28
565 313 19
565 313 19
564 312 39
563 311 19
563 311 19
563 309 28
562 309 10
561 308 14
561 307 25
561 307 25
561 306 25
561 305 39
560 304 22
559 303 37
559 303 37
559 301 39
559 301 39
558 301 18
558 300 21
558 299 21
558 299 21
558 298 28
558 297 28
558 297 28
558 296 34
557 295 18
557 295 18
557 293 24
557 293 24
557 292 24
557 291 33
557 291 33
557 290 29
557 289 29
557 289 29
557 288 23
557 287 23
557 287 23
557 286 23
557 285 23
557 284 26
558 284 37
558 283 40
558 283 40
559 282 49
559 281 53
559 280 53
559 280 53
559 279 48
559 279 48
559 278 49
559 277 49
560 277 49
560 276 42
560 275 42
560 275 42
561 274 60
561 273 60
561 273 60
561 272 48
561 271 37
561 271 37
561 270 37
561 269 41
561 268 41
561 267 37
561 267 37
561 266 33
562 265 33
562 265 33
562 264 29
562 263 29
563 263 43
563 262 44
563 261 44
563 261 44
563 260 44
563 259 39
563 259 39
563 258 39
563 258 39
563 257 23
563 257 23
563 256 23
563 255 19
564 255 34
564 255 34
564 254 36
565 254 36
565 253 36
565 252 28
565 251 28
565 250 7
565 249 6
566 249 12
566 248 12
567 247 13
567 247 13
567 246 13
567 245 3
567 245 3
568 244 17
569 243 13
569 243 13
569 243 13
570 242 22
571 241 28
571 241 28
572 241 28
573 241 29
573 241 29
574 241 29
575 240 4
575 240 4
577 239 8
578 239 17
579 239 17
579 239 17
580 239 24
581 239 24
581 239 24
582 239 32
583 239 38
583 239 38
584 239 38
585 239 43
585 239 43
586 239 43
587 239 45
587 239 45
588 239 42
589 239 42
589 239 42
590 239 37
591 239 37
591 239 37
592 239 34
593 239 35
593 239 35
594 239 35
595 240 34
595 240 34
596 241 55
597 241 54
597 241 54
597 241 54
598 241 54
598 242 54
599 242 46
599 243 63
600 243 49
601 243 49
601 243 49
602 244 44
603 244 44
603 245 44
603 245 44
604 245 30
605 245 15
605 246 29
605 246 29
607 247 12
607 247 12
607 248 30
608 248 30
609 248 12
609 249 12
609 249 12
610 249 12
611 249 4
611 250 6
611 251 22
612 251 12
613 252 12
613 253 34
614 253 28
615 253 28
615 253 28
615 252 15
616 251 27
616 251 27
616 250 28
616 249 31
616 249 31
616 248 31
616 247 35
616 247 35
616 246 35
616 245 37
615 245 33
615 244 33
615 243 40
615 243 40
615 242 45
614 242 45
614 241 45
613 241 32
613 240 37
613 239 37
612 239 37
612 238 38
611 237 42
611 237 42
611 237 42
610 236 22
609 235 34
609 235 34
609 235 34
608 235 19
608 234 19
607 233 32
607 233 32
606 233 25
605 232 25
605 231 39
605 231 39
604 231 21
604 230 27
603 229 14
603 229 14
603 228 21
603 227 21
603 227 21
603 227 21
602 226 21
602 225 24
602 225 24
602 224 24
602 223 25
602 223 25
602 222 25
602 221 31
602 221 31
601 220 16
601 219 13
601 219 13
601 218 7
601 217 7
601 217 7
601 216 10
601 215 10
601 215 10
601 214 6
601 213 3
601 213 3
601 212 3
601 211 0
601 211 0
601 210 0
600 210 0
600 209 13
599 209 2
599 208 7
599 207 7
598 207 0
598 206 0
597 205 0
597 205 0
597 204 0
596 204 0
596 203 0
596 203 0
595 203 0
595 202 1
595 201 25
594 201 6
593 200 6
593 199 35
592 199 21
592 199 21
591 199 13
591 198 13
591 198 13
590 198 13
589 198 11
589 198 11
588 198 11
587 198 16
587 198 16
586 199 28
585 199 28
585 199 28
585 199 28
585 200 12
585 201 12
585 201 12
585 202 2
585 203 12
585 203 12
585 204 12
585 205 24
585 205 24
585 206 24
585 207 35
585 207 35
586 208 35
586 209 40
587 209 37
587 209 37
587 210 45
588 210 41
589 211 41
589 211 41
590 212 43
591 213 43
591 213 43
592 213 31
592 214 40
593 215 32
593 215 32
593 215 32
593 216 32
593 217 44
594 217 44
595 217 34
595 218 34
595 219 35
595 219 35
595 220 33
595 221 33
596 221 33
596 222 30
596 223 30
597 223 15
597 224 18
597 225 18
597 225 18
597 226 23
596 227 26
595 227 26
595 228 26
595 229 5
594 229 8
593 229 8
593 230 8
592 230 13
591 231 0
591 231 0
591 231 0
590 231 0
589 231 0
589 231 0
588 231 0
587 231 0
587 231 0
586 231 2
585 231 2
585 231 2
585 231 2
584 231 12
583 230 37
581 229 21
581 229 21
581 229 21
580 228 39
579 228 35
578 227 35
577 227 25
577 226 23
576 225 30
575 225 32
575 224 32
574 223 21
574 223 21
573 223 21
573 222 21
573 221 30
573 221 30
573 220 30
573 219 36
573 219 36
572 218 16
572 217 16
572 217 16
572 216 13
572 215 13
572 215 13
572 214 20
572 213 17
572 213 17
572 212 17
572 211 21
572 211 21
572 210 21
572 209 17
572 209 17
572 208 31
572 207 31
572 207 31
572 206 39
572 205 39
572 205 39
572 204 41
572 203 41
572 203 41
572 202 34
572 201 34
571 201 34
571 200 34
571 199 29
571 199 29
571 197 28
570 197 29
570 197 29
569 197 31
569 197 31
568 196 28
568 196 28
Stop
