New Layer
Start
1031 408 36
1031 408 36
1031 408 36
1031 408 36
1030 409 34
1030 409 34
1030 410 30
1029 410 34
1029 410 34
1029 411 31
1029 411 31
1028 411 35
1028 412 31
1027 412 34
1027 412 34
1026 413 33
1026 413 33
1026 413 33
1025 414 34
1024 414 37
1024 414 37
1023 415 36
1022 415 41
1022 416 37
1022 416 37
1021 416 40
1021 417 37
1021 417 37
1020 417 41
1019 418 43
1019 418 43
1018 419 44
1018 419 44
1018 420 42
1017 420 48
1017 421 46
1017 421 46
1017 421 46
1017 421 46
1017 422 44
1017 423 41
1016 423 48
1016 424 45
1016 424 45
1016 425 41
1016 425 41
1016 426 37
1016 426 37
1015 427 38
1015 427 38
1015 428 33
1014 429 37
1014 429 37
1014 430 34
1013 431 35
1012 432 37
1012 433 34
1012 433 34
1011 434 36
1011 435 34
1011 436 32
1011 436 32
1010 437 35
1010 437 35
1010 438 34
1010 439 34
1010 439 34
1009 440 38
1009 440 38
1009 441 38
1009 442 37
1009 442 37
1009 443 36
1008 444 39
1008 445 37
1008 445 37
1008 446 36
1008 446 36
1008 447 36
1008 447 36
1008 447 36
1008 448 35
1008 448 35
1008 449 37
1008 450 37
1008 450 37
1008 450 37
1008 451 39
1008 451 39
1008 451 39
1008 452 41
1009 452 39
1009 453 42
1009 453 42
1010 453 41
1010 454 45
1010 454 45
1011 454 45
1011 455 49
1012 455 48
1012 455 48
1013 455 47
1013 455 47
1014 455 46
1015 455 47
1015 455 47
1016 455 46
1016 455 46
1017 454 41
1018 453 37
1018 452 34
1019 450 29
1019 449 27
1019 449 27
1019 448 25
1020 447 24
1020 447 24
1020 446 21
1020 446 21
1021 445 21
1021 445 21
1022 445 24
1022 444 22
1023 444 24
1023 443 21
1024 443 24
1024 443 24
1025 442 26
1025 442 26
1025 441 25
1025 441 25
1025 440 24
1026 439 27
1026 439 27
1026 438 26
1026 437 26
1026 437 26
1027 436 30
1027 436 30
1027 435 30
1027 434 30
1027 433 31
1027 432 31
1028 431 35
1028 431 35
1028 430 34
1028 429 33
1028 428 32
1028 427 31
1028 426 30
1029 425 31
1029 425 31
1029 424 31
1029 424 31
1030 423 33
1030 423 33
1030 423 33
1031 422 35
1031 422 35
1032 421 37
1032 421 37
1032 420 35
1033 419 36
1033 419 36
1033 418 34
1034 418 38
1034 417 35
1034 417 35
1034 416 33
1035 416 36
1035 415 33
1035 415 33
1035 415 33
1035 414 31
1035 414 31
1035 414 31
1035 413 32
1036 413 35
1036 413 35
1036 412 34
1036 412 34
1036 412 34
1036 411 36
1036 411 36
1035 411 33
1035 411 33
1035 411 33
1035 410 36
1035 410 36
1035 410 36
1035 410 36
1034 410 33
1034 409 35
1034 409 35
1034 409 35
1034 409 35
1033 409 32
1033 409 32
1033 409 32
1033 409 32
1032 408 37
1032 408 37
Stop
Start
1293 840 28
1293 840 28
1292 840 22
1292 841 28
1292 841 28
1292 841 28
1291 841 24
1290 842 27
1290 842 27
1290 842 27
1289 842 24
1288 843 28
1287 843 25
1286 843 24
1286 843 24
1284 843 22
1284 843 22
1283 843 24
1282 843 26
1281 843 28
1279 843 30
1278 843 30
1277 843 30
1277 843 30
1276 843 29
1276 843 29
1275 843 28
1274 843 28
1274 843 28
1273 842 20
1272 842 21
1271 842 21
1270 842 22
1270 842 22
1268 842 26
1268 842 26
1267 842 27
1267 842 27
1266 842 28
1265 842 27
1264 842 25
1263 842 23
1263 842 23
1262 842 23
1262 842 23
1261 841 14
1260 841 15
1259 841 19
1258 841 22
1258 841 22
1257 840 19
1255 840 26
1254 840 30
1253 840 34
1253 839 25
1252 839 28
1252 839 28
1251 839 30
1250 838 25
1250 838 25
1250 838 25
1249 838 28
1249 838 28
1248 838 30
1248 837 22
1247 837 24
1247 837 24
1246 836 19
1245 836 22
1245 836 22
1244 836 26
1244 836 26
1243 835 22
1242 835 27
1241 835 30
1241 835 30
1240 835 32
1240 834 26
1239 834 30
1239 834 30
1238 834 30
1238 834 30
1238 834 30
1237 833 22
1236 833 22
1236 833 22
1235 833 21
1234 833 21
1234 833 21
1233 833 21
1232 833 22
1231 833 21
1230 833 20
1229 833 19
1228 833 17
1226 833 14
1225 833 13
1225 833 13
1224 833 12
1222 833 11
1221 833 10
1221 833 10
1220 833 9
1219 833 8
1219 834 13
1218 834 12
1217 834 11
1216 835 15
1215 835 13
1214 836 18
1213 837 20
1211 838 23
1211 838 23
1210 838 21
1209 839 27
1208 839 26
1208 839 26
1208 839 26
1207 839 23
1206 839 22
1206 840 32
1205 840 30
1203 840 29
1202 840 28
1201 840 26
1201 840 26
1200 840 25
1198 840 21
1197 840 19
1196 841 22
1194 841 15
1193 841 12
1192 842 17
1192 842 17
1191 842 15
1190 843 23
1189 843 22
1189 843 22
1188 843 21
1187 844 29
1186 844 29
1185 844 29
1184 844 29
1184 844 29
1183 844 29
1182 844 30
1181 844 31
1180 844 32
1179 844 34
1177 843 25
1176 843 23
1175 843 23
1175 843 23
1173 843 22
1172 843 22
1172 843 22
1171 843 21
1169 843 22
1168 843 22
1166 843 24
1166 843 24
1165 843 26
1165 843 26
1164 843 27
1163 843 29
1162 842 22
1161 842 23
1160 842 24
1159 842 26
1159 841 19
1158 841 19
1157 841 21
1155 841 22
1154 840 15
1152 840 19
1150 840 24
1146 840 24
1144 839 15
1141 839 20
1141 839 20
1140 839 23
1139 838 19
1138 838 20
1138 838 20
1137 838 20
1137 838 20
1135 838 20
1134 838 21
1133 838 23
1132 838 26
1132 838 26
1132 838 26
1131 838 30
1131 838 30
1130 838 34
1129 838 39
1128 838 42
1127 837 41
1125 837 44
1124 837 45
1123 836 39
1123 836 39
1122 835 35
1122 835 35
1121 835 39
1121 834 33
1120 834 36
1120 833 29
1119 833 34
1118 832 32
1116 831 36
1115 831 41
1115 830 36
1114 830 43
1114 830 43
1113 829 43
1113 829 43
1112 828 41
1112 828 41
1111 827 42
1111 827 42
1110 826 41
1110 825 36
1109 825 41
1109 824 34
1109 824 34
1109 824 34
1108 823 31
1108 823 31
1108 823 31
1108 823 31
1107 822 28
1106 822 30
1105 822 33
1105 821 24
1104 821 26
1103 821 27
1103 820 19
1102 820 20
1101 820 20
1100 820 20
1100 820 20
1098 820 19
1098 820 19
1096 820 17
1095 820 16
1094 820 14
1093 820 12
1093 820 12
1092 820 10
1091 820 9
1090 820 9
1089 820 10
1088 820 10
1087 820 10
1086 820 9
1085 820 9
1084 820 8
1083 821 12
1082 821 10
1080 821 7
1079 821 5
1078 821 3
1077 822 6
1076 822 6
1075 822 5
1074 822 5
1074 823 9
1073 823 9
1072 823 8
1071 823 7
1070 824 13
1069 824 12
1069 824 12
1068 824 11
1067 825 17
1066 825 17
1066 825 17
1066 825 17
1065 825 18
1065 825 18
Stop
Start
1293 840 28
1293 840 28
1294 840 32
1294 839 27
1295 839 30
1295 838 25
1295 838 25
1296 838 28
1296 837 23
1296 837 23
1296 837 23
1296 836 18
1296 835 14
1297 835 20
1297 834 17
1297 834 17
1297 833 15
1297 833 15
1297 833 15
1297 833 15
1297 832 13
1297 832 13
1297 831 15
1297 831 15
1297 830 18
1297 830 18
1297 829 22
1297 829 22
1296 828 22
1296 828 22
1296 827 27
1296 827 27
1295 826 26
1295 826 26
1295 825 30
1294 825 25
1294 824 28
1294 824 28
1293 823 24
1293 822 26
1293 822 26
1293 821 27
1292 820 23
1292 819 25
1291 817 24
1290 816 23
1290 815 25
1290 814 27
1290 814 27
1290 813 28
1290 813 28
1289 813 22
1289 812 25
1289 812 25
1289 812 25
1288 811 23
1288 811 23
1288 811 23
1287 810 22
1287 810 22
1287 810 22
1286 810 17
1286 809 23
1286 809 23
1284 808 17
1283 808 14
1283 807 22
1282 807 21
1281 807 19
1280 806 25
1279 806 22
1278 806 20
1277 806 16
1277 806 16
1276 805 18
1276 805 18
1275 805 14
1275 805 14
1274 804 18
1273 804 15
1273 804 15
1272 803 22
1272 803 22
1271 803 20
1270 803 19
1269 802 27
1268 802 25
1267 802 22
1266 802 18
1265 801 20
1265 801 20
1264 801 17
1264 800 24
1263 800 18
1262 799 19
1262 799 19
1261 799 15
1260 798 18
1260 798 18
1259 798 14
1259 797 19
1258 797 17
1258 797 17
1258 797 17
1257 796 18
1257 796 18
1256 796 15
1256 795 18
1255 795 15
1255 795 15
1255 794 17
1255 794 17
1254 793 16
1254 793 16
1254 792 17
1254 792 17
1253 792 13
1253 791 13
1253 791 13
1253 790 13
1253 790 13
1253 789 14
1253 789 14
1253 788 15
1253 787 15
1253 786 16
1253 786 16
1253 785 16
1253 784 15
1253 783 13
1253 783 13
1254 782 16
1254 782 16
1254 781 13
1254 781 13
1255 780 14
1255 780 14
1256 780 19
1256 779 16
1256 779 16
1257 779 19
1257 779 19
1258 778 21
1259 778 24
1260 778 27
1261 777 24
1262 777 26
1262 777 26
1263 776 22
1263 776 22
1264 776 25
1264 775 19
1265 774 16
1266 774 20
1266 773 14
1267 773 19
1267 772 13
1268 772 18
1268 771 13
1269 770 13
1269 770 13
1269 770 13
1269 770 13
1269 769 10
1270 769 15
1270 768 13
1270 767 9
1270 767 9
1270 766 7
1270 766 7
1270 766 7
1270 765 5
1270 765 5
1270 765 5
1271 764 13
1271 764 13
1271 763 14
1271 762 16
1271 762 16
1271 761 20
1271 760 23
1271 760 23
1271 759 25
1271 759 25
1271 759 25
1271 758 29
1271 758 29
1271 757 33
1271 757 33
1271 757 33
1271 757 33
1271 756 35
1271 756 35
1271 755 37
1270 755 31
1270 754 34
1270 754 34
1270 753 35
1270 753 35
1270 752 34
1269 752 29
1269 751 29
1269 751 29
1269 750 28
1269 750 28
1268 749 22
1268 748 24
1268 748 24
1268 747 27
1268 747 27
1267 747 22
1267 746 25
1267 745 29
1266 745 25
1266 745 25
1266 744 28
1265 744 25
1265 744 25
1265 744 25
1264 743 24
1264 743 24
1264 742 28
1264 742 28
1263 741 26
1263 741 26
1263 740 27
1263 740 27
1262 739 26
1262 739 26
1262 739 26
1262 738 27
1261 738 24
1261 737 25
1261 737 25
1260 736 25
1260 735 29
1260 735 29
1259 734 27
1259 734 27
1259 733 30
1259 732 32
1258 732 28
1258 731 29
1258 731 29
1258 730 31
1257 729 25
1257 729 25
1257 728 26
1257 728 26
1256 727 19
1256 726 21
1256 726 21
1256 725 25
1255 725 19
1255 724 23
1255 723 27
1254 723 23
1254 723 23
1254 722 27
1254 722 27
1254 721 31
1253 721 25
1253 720 29
1252 720 25
1252 719 29
1251 719 24
1251 718 27
1251 718 27
1250 717 26
1250 717 26
1250 716 31
1249 716 24
1249 715 29
1249 715 29
1248 715 23
1248 714 27
1248 714 27
1247 713 26
1247 713 26
1246 713 20
1246 713 20
1246 712 25
1246 712 25
1245 712 20
1245 711 26
1244 711 22
1244 711 22
1244 711 22
1243 710 22
1243 710 22
1243 710 22
1243 710 22
1242 709 24
1242 709 24
1242 709 24
1242 709 24
1242 709 24
1241 708 25
1241 708 25
Stop
Start
1065 825 18
1065 825 18
1064 825 19
1063 825 21
1062 824 15
1061 824 17
1061 824 17
1060 824 19
1060 824 19
1059 824 19
1058 824 19
1057 824 19
1056 824 19
1056 824 19
1056 824 19
1055 824 17
1054 824 15
1054 824 15
1052 824 13
1051 824 12
1051 824 12
1050 824 12
1049 824 11
1049 824 11
1048 824 12
1047 824 12
1046 824 15
1046 824 15
1045 824 19
1045 823 12
1045 823 12
1044 823 16
1043 823 18
1043 823 18
1042 824 27
1042 824 27
1041 825 32
1040 825 29
1040 825 29
1039 825 26
1039 826 32
1038 826 29
1037 826 26
1037 827 31
1036 827 29
1036 827 29
1034 827 28
1033 827 30
1032 827 32
1032 827 32
1032 827 32
1031 827 35
1031 827 35
1031 826 29
1030 826 31
1030 826 31
1029 825 30
1029 825 30
1029 825 30
1029 824 26
1029 824 26
1029 824 26
1029 823 23
1029 822 22
1029 821 23
1029 821 23
1029 820 26
1030 820 23
1030 820 23
1031 820 22
1031 819 26
1031 819 26
1032 819 23
1032 819 23
1033 818 25
1033 817 29
1034 817 25
1034 816 27
1035 815 22
1035 814 21
1035 814 21
1035 814 21
1035 813 20
1035 812 20
1036 812 12
1036 811 11
1036 809 15
1036 808 18
1037 807 15
1037 807 15
1037 806 19
1037 805 24
1037 804 30
1038 803 28
1038 803 28
1038 803 28
1039 802 29
1039 802 29
1040 801 30
1040 801 30
1041 800 30
1041 800 30
1042 799 30
1042 799 30
1043 799 23
1043 798 27
1044 797 23
1045 796 21
1045 796 21
1046 795 19
1046 795 19
1047 794 19
1047 793 27
1048 793 23
1048 793 23
1048 793 23
1049 792 26
1049 791 34
1050 791 29
1051 791 24
1052 791 21
1053 790 26
1053 790 26
1054 790 23
1056 790 17
1056 790 17
1057 789 21
1058 789 17
1059 788 19
1059 788 19
1060 788 13
1060 787 20
1061 787 15
1061 787 15
1062 786 17
1063 785 18
1063 785 18
1064 784 18
1064 784 18
1064 783 24
1064 783 24
1065 783 18
1065 782 22
1065 782 22
1066 781 19
1066 780 22
1067 780 16
1067 779 19
1067 779 19
1068 778 16
1068 777 18
1068 777 18
1069 776 17
1069 776 17
1069 775 19
1069 774 19
1070 774 16
1070 773 16
1070 772 15
1070 772 15
1070 772 15
1070 771 12
1069 770 12
1069 770 12
1068 770 16
1068 769 12
1068 769 12
1068 768 7
1067 767 7
1066 767 11
1066 766 7
1065 766 12
1065 766 12
1064 766 16
1063 765 16
1063 765 16
1062 765 23
1061 765 28
1061 764 23
1060 764 27
1059 763 28
1059 763 28
1058 762 28
1058 762 28
1058 762 28
1057 762 31
1057 761 29
1057 761 29
1057 760 27
1057 759 27
1057 758 26
1057 757 25
1057 757 25
1057 756 26
1057 756 26
1057 755 27
1057 755 27
1057 754 28
1057 754 28
1058 753 26
1058 752 28
1059 751 27
1060 750 24
1060 750 24
1061 749 22
1061 748 25
1061 748 25
1062 747 23
1062 746 26
1063 746 20
1063 745 23
1063 744 26
1064 742 27
1065 741 25
1065 741 25
1065 740 29
1065 740 29
1066 740 24
1066 739 28
1066 738 33
1067 738 28
1067 738 28
1068 737 25
1068 736 30
1069 736 24
1069 735 29
1069 735 29
1070 735 25
1070 734 30
1070 734 30
1071 733 31
1071 733 31
1072 732 32
1072 732 32
1073 731 32
1073 731 32
1073 731 32
1074 730 30
1074 730 30
1074 729 36
1075 729 30
1075 729 30
1076 728 27
1076 728 27
1076 727 32
1077 727 23
1077 727 23
1077 726 27
1077 726 27
1078 725 23
1078 725 23
1078 724 26
1079 724 17
1079 723 20
1079 723 20
1079 723 20
1079 722 24
1079 722 24
1079 721 27
1079 721 27
1079 720 29
1080 720 21
1080 719 22
1080 719 22
1080 718 24
1080 718 24
1080 717 26
1080 717 26
1080 716 29
1080 716 29
1080 715 31
1081 715 23
1081 715 23
1081 714 25
1081 714 25
1081 714 25
1081 713 28
1081 713 28
1082 713 20
1082 712 22
1082 712 22
1082 711 25
1082 711 25
1083 710 21
1083 710 21
1083 709 25
1083 709 25
1083 709 25
1084 708 21
1084 708 21
1084 708 21
1084 707 26
1084 707 26
Stop
Start
1241 707 30
1240 707 24
1240 707 24
1240 706 29
1240 706 29
1239 705 28
1239 705 28
1239 705 28
1238 704 27
1238 704 27
1237 703 26
1237 703 26
1236 702 28
1236 702 28
1236 702 28
1235 702 22
1235 701 29
1234 701 23
1234 700 29
1234 700 29
1233 700 23
1233 699 28
1232 699 21
1232 698 25
1231 698 19
1231 698 19
1231 698 19
1230 697 20
1230 697 20
1230 697 20
1229 697 15
1229 696 20
1229 696 20
1229 696 20
1228 696 17
1228 696 17
1227 695 19
1227 695 19
1226 694 24
1226 694 24
1225 694 22
1225 694 22
1225 693 28
1224 693 24
1224 693 24
1223 692 25
1223 692 25
1223 692 25
1222 692 20
1222 691 26
1222 691 26
1221 691 20
1220 690 20
1220 690 20
1219 690 15
1219 690 15
1219 689 21
1219 689 21
1218 689 16
1218 688 23
1218 688 23
1217 688 20
1217 688 20
1217 688 20
1217 687 27
1217 687 27
1216 687 24
1216 687 24
1216 686 30
1215 686 26
1215 686 26
1215 686 26
1214 686 24
1214 685 30
1214 685 30
1213 684 30
1213 684 30
1213 684 30
1213 684 30
1212 684 27
1212 683 31
1212 683 31
1211 683 29
1211 683 29
1211 682 33
1210 682 29
1210 682 29
1210 682 29
1210 682 29
1209 681 29
1209 681 29
1209 681 29
1208 681 26
1208 681 26
1208 681 26
1207 681 23
1207 681 23
1207 680 28
1206 680 27
1206 680 27
1206 680 27
1205 680 25
1205 680 25
1204 680 24
1204 680 24
1202 680 24
1202 680 24
1201 680 24
1200 680 25
1199 680 26
1199 680 26
1198 680 27
1198 680 27
1198 680 27
1197 680 28
1196 680 28
1195 680 29
1195 680 29
1194 680 30
1194 680 30
1193 680 32
1192 680 33
1191 680 34
1190 680 36
1189 680 38
1188 680 40
1188 680 40
1187 680 41
1187 680 41
1186 680 41
1185 680 42
1184 681 34
1184 681 34
1183 681 34
1183 681 34
1183 681 34
1182 681 35
1181 682 28
1180 682 31
1180 682 31
1179 683 25
1179 683 25
1178 683 28
1177 683 30
1177 684 22
1176 684 24
1176 684 24
1176 684 24
1175 684 27
1175 685 20
1175 685 20
1174 685 22
1174 685 22
1173 685 24
1173 685 24
1172 685 26
1172 685 26
1172 686 19
1171 686 20
1171 686 20
1170 686 21
1170 686 21
1169 686 21
1169 686 21
1168 686 20
1168 686 20
1168 686 20
1167 686 21
1166 686 21
1166 686 21
1165 686 21
1165 686 21
1164 686 21
1163 686 21
1162 686 20
1162 686 20
1161 686 19
1160 686 18
1160 686 18
1160 686 18
1159 686 18
1159 686 18
1158 686 16
1158 686 16
1158 686 16
1157 686 16
1157 686 16
1157 686 16
1156 686 15
1155 685 15
1154 685 12
1154 685 12
1153 685 9
1153 684 15
1152 684 12
1152 684 12
1152 684 12
1152 684 12
1151 684 8
1151 684 8
1151 684 8
1151 683 16
1150 683 15
1150 683 15
1150 683 15
1149 683 14
1149 682 22
1148 682 21
1148 682 21
1148 682 21
1147 682 20
1147 681 29
1146 681 27
1146 681 27
1146 681 27
1145 681 24
1145 680 32
1144 680 30
1144 680 30
1143 680 26
1142 679 31
1142 679 31
1142 679 31
1142 679 31
1141 679 28
1141 679 28
1141 679 28
1140 678 33
1140 678 33
1139 678 31
1139 678 31
1138 678 29
1138 678 29
1137 678 27
1137 678 27
1136 677 33
1136 677 33
1135 677 31
1135 677 31
1134 677 29
1134 677 29
1134 677 29
1134 677 29
1133 677 27
1133 677 27
1133 677 27
1132 677 25
1132 677 25
1132 677 25
1131 677 23
1130 676 29
1130 676 29
1129 676 27
1128 676 26
1127 676 24
1127 675 31
1126 675 30
1126 675 30
1126 675 30
1125 675 28
1125 675 28
1125 675 28
1125 675 28
1125 675 28
1124 675 28
1124 675 28
1124 675 28
1124 675 28
1123 675 28
1123 675 28
1123 675 28
1122 675 30
1122 675 30
1121 675 33
1121 675 33
1120 675 36
1119 676 35
1118 676 38
1117 677 36
1116 677 39
1116 677 39
1115 678 34
1115 678 34
1114 678 37
1114 679 31
1113 679 34
1113 679 34
1112 680 31
1112 680 31
1112 680 31
1111 680 35
1111 681 29
1111 681 29
1110 681 33
1110 681 33
1110 682 27
1109 682 31
1109 682 31
1109 683 25
1108 683 30
1108 683 30
1107 684 29
1107 684 29
1107 684 29
1106 685 28
1106 685 28
1105 686 25
1105 686 25
1104 686 30
1104 687 22
1103 687 27
1102 688 24
1102 688 24
1101 689 22
1101 689 22
1100 690 18
1099 690 22
1098 691 19
1098 691 19
1097 691 23
1097 692 17
1097 692 17
1096 692 22
1096 693 17
1095 693 24
1094 694 23
1094 694 23
1093 695 25
1093 695 25
1093 695 25
1092 696 26
1092 696 26
1092 696 26
1091 697 28
1091 697 28
1091 698 24
1090 698 29
1090 699 25
1090 699 25
1090 699 25
1089 700 28
1089 700 28
1089 700 28
1089 701 24
1088 701 28
1088 701 28
1088 701 28
1088 702 23
1087 702 29
1087 702 29
1087 703 25
1086 703 29
1086 704 25
1086 704 25
1086 704 25
1086 704 25
1086 705 21
1085 705 27
1085 705 27
1085 705 27
1085 706 23
1085 706 23
1085 706 23
1084 706 29
1084 707 26
1084 707 26
1084 707 26
Stop
Start
1186 365 23
1186 365 23
1185 364 27
1185 364 27
1184 364 26
1184 364 26
1183 364 26
1182 364 26
1181 364 26
1180 364 27
1179 364 27
1178 364 28
1178 364 28
1177 364 29
1176 364 29
1175 364 30
1174 364 29
1173 364 27
1172 364 26
1172 364 26
1171 364 24
1171 364 24
1170 364 21
1170 363 29
1169 363 27
1169 363 27
1168 363 26
1167 363 26
1166 363 26
1165 363 27
1165 362 36
1164 362 36
1163 362 37
1162 362 37
1161 362 37
1160 362 37
1160 362 37
1159 362 36
1158 362 34
1158 362 34
1157 362 32
1157 362 32
1156 362 31
1156 362 31
1155 362 30
1155 362 30
1154 362 29
1154 362 29
1153 362 31
1153 362 31
1152 362 34
1151 362 38
1150 362 42
1149 363 38
1147 364 38
1146 364 41
1146 365 34
1145 365 36
1144 366 31
1143 366 33
1143 366 33
1142 367 29
1142 367 29
1142 367 29
1141 367 31
1140 368 29
1140 368 29
1139 368 32
1139 368 32
1138 369 29
1137 369 32
1137 370 26
1136 370 28
1136 370 28
1135 371 24
1134 372 22
1134 372 22
1134 372 22
1133 373 20
1132 373 24
1132 374 20
1131 375 23
1131 375 23
1130 376 26
1130 376 26
1130 376 26
1130 377 23
1129 378 28
1129 378 28
1128 379 32
1128 379 32
1128 380 29
1127 380 35
1127 381 32
1127 382 30
1127 382 30
1126 382 34
1126 384 29
1126 384 29
1125 385 30
1125 386 27
1125 386 27
1125 387 25
1124 388 25
1124 389 24
1124 390 23
1124 391 22
1123 393 25
1123 393 25
1123 394 24
1123 395 22
1123 396 21
1123 396 21
1123 397 19
1122 398 20
1122 399 17
1121 399 22
1121 400 19
1121 400 19
1120 401 21
1120 401 21
1120 402 19
1120 402 19
1120 402 19
1120 403 18
1119 403 24
1119 403 24
1119 404 24
1119 404 24
1119 404 24
1119 405 24
1119 405 24
1118 406 28
1118 407 27
1118 407 27
1117 408 30
1117 409 28
1117 409 28
1116 410 30
1116 411 27
1115 412 32
1115 413 31
1115 413 31
1115 414 30
1114 414 37
1114 415 36
1114 415 36
1114 415 36
1114 416 36
1114 416 36
1114 417 35
1114 418 34
1114 419 32
1114 419 32
1114 420 31
1114 420 31
1114 420 31
1114 421 29
1114 421 29
1114 422 29
1114 422 29
1114 422 29
1114 423 28
1114 424 29
1114 424 29
1114 425 29
1114 426 30
1114 426 30
1113 427 38
1113 427 38
1113 428 37
1113 428 37
1113 429 36
1113 430 34
1113 431 32
1113 432 28
1113 432 28
1112 433 31
1112 433 31
1112 434 29
1112 434 29
1112 434 29
1112 435 28
1112 435 28
1112 436 26
1112 436 26
1112 437 24
1112 437 24
1112 437 24
1112 438 23
1112 439 23
1112 439 23
1112 440 21
1112 440 21
1112 441 24
1112 441 24
1112 441 24
1112 442 27
1112 442 27
1112 443 27
1112 444 27
1112 444 27
1112 445 26
1112 445 26
1112 446 26
1112 447 25
1112 447 25
1112 448 22
1112 449 22
1112 449 22
1112 450 21
1112 451 22
1112 452 22
1112 452 22
1111 453 25
1111 454 26
1111 455 26
1111 455 26
1111 456 26
1111 457 26
1111 458 27
1111 459 27
1110 460 34
1110 461 34
1110 462 34
1110 463 34
1110 463 34
1110 464 34
1110 464 34
1110 465 33
1110 465 33
1110 466 33
1110 466 33
1110 466 33
1110 467 32
1110 467 32
1110 468 32
1110 468 32
1110 469 32
1110 469 32
1110 470 32
1110 470 32
1110 470 32
1110 471 32
1110 471 32
1110 472 32
1110 472 32
1110 472 32
1110 473 31
1110 473 31
1110 473 31
1110 474 31
1110 474 31
1110 474 31
1110 475 30
1110 475 30
1110 475 30
1110 476 30
1110 476 30
1110 476 30
1110 477 29
1110 477 29
1110 478 29
1110 478 29
1110 478 29
1110 479 29
1110 479 29
1110 480 28
1110 480 28
1110 481 28
1110 481 28
1110 482 27
1110 482 27
1110 483 28
1110 483 28
1110 484 28
1110 485 27
1110 485 27
1110 486 26
1110 486 26
1110 487 26
1110 487 26
1110 488 26
1110 488 26
1110 489 27
1110 489 27
1110 490 28
1110 490 28
1110 491 28
1110 491 28
1110 491 28
1110 492 29
1110 492 29
1110 493 29
1110 493 29
1110 493 29
1110 494 30
1110 494 30
1110 495 30
1110 495 30
1110 496 30
1110 497 30
1110 497 30
1110 497 30
1110 498 30
1110 498 30
1110 499 29
1110 500 28
1110 500 28
1110 501 27
1110 501 27
1110 502 25
1110 502 25
1110 503 25
1110 503 25
1110 504 24
1110 504 24
1110 505 24
1110 505 24
1110 505 24
1110 506 24
1110 506 24
1110 506 24
1110 507 23
1110 507 23
1110 507 23
1110 508 23
1110 508 23
1110 509 23
1110 509 23
1110 509 23
1110 510 24
1110 510 24
1110 510 24
1110 511 24
1110 511 24
1110 511 24
1110 512 26
1110 512 26
1110 512 26
1110 513 27
1110 513 27
1110 513 27
1110 514 29
1110 514 29
1110 514 29
1110 514 29
1110 515 30
1110 515 30
1110 515 30
1110 515 30
1111 516 26
1111 516 26
1111 516 26
1111 517 26
1111 517 26
1111 517 26
1111 518 26
1111 518 26
1111 518 26
1111 518 26
1111 519 27
1111 519 27
1111 519 27
1111 520 24
1111 520 24
1111 520 24
1111 521 23
1111 521 23
1111 521 23
1111 522 20
1111 522 20
1111 523 19
1111 523 19
1111 523 19
1111 524 18
1111 524 18
1111 524 18
1111 525 17
1111 525 17
1111 525 17
1111 526 17
1111 526 17
1111 526 17
1111 527 18
1111 527 18
1111 527 18
1111 528 19
1111 528 19
1111 528 19
1111 529 19
1111 529 19
1111 529 19
1111 530 20
1111 530 20
1111 530 20
1111 531 21
1111 531 21
1111 531 21
1111 532 23
1111 532 23
1111 532 23
1111 533 25
1111 533 25
1111 533 25
1111 534 28
1111 534 28
1111 534 28
1111 535 30
1111 535 30
1111 535 30
1111 536 35
1111 536 35
1111 536 35
1112 537 37
1112 537 37
1112 537 37
1112 537 37
1113 538 39
1113 538 39
1113 538 39
1114 539 39
1114 539 39
1114 540 43
1115 540 39
1115 540 39
1116 540 35
1116 541 38
1117 541 34
1117 541 34
1117 541 34
1118 542 35
1118 542 35
1119 542 33
1119 542 33
1120 543 37
1120 543 37
1121 543 37
1121 543 37
1123 544 36
1123 544 36
1123 544 36
1124 545 36
1124 545 36
1125 545 33
1125 545 33
1125 545 33
1125 545 33
1126 545 30
1126 546 33
1127 546 31
1127 546 31
1127 546 31
1128 546 28
1128 547 32
1129 547 29
1129 547 29
1129 547 29
1130 548 31
1130 548 31
1130 548 31
1130 548 31
1131 548 27
1131 549 32
1131 549 32
1132 549 28
1132 549 28
1132 549 28
1133 550 32
1133 550 32
1133 550 32
1134 550 30
1134 551 35
1134 551 35
1134 551 35
1135 551 33
1135 552 38
1136 552 36
1136 552 36
1136 552 36
1136 553 39
1137 553 37
1137 553 37
1138 553 33
1138 554 37
1139 554 33
1139 554 33
1139 554 33
1140 555 34
1140 555 34
1141 555 32
1141 555 32
1142 555 30
1142 556 34
1143 556 33
1143 556 33
1144 556 32
1144 556 32
1144 556 32
1145 556 31
1145 556 31
1145 556 31
1146 556 30
1146 557 33
1147 557 32
1147 557 32
Stop
Start
1148 557 30
1148 557 30
1148 557 30
1149 557 28
1150 557 28
1152 557 30
1154 557 34
1156 557 34
1157 556 30
1157 556 30
1158 556 30
1160 555 25
1161 555 25
1162 554 22
1163 554 22
1164 554 21
1165 553 17
1166 553 17
1167 553 17
1168 553 17
1169 553 16
1170 553 15
1170 553 15
1171 554 18
1172 554 17
1172 554 17
1173 555 19
1173 555 19
1174 555 18
1174 556 21
1175 556 19
1176 556 17
1177 557 18
1178 557 15
1178 558 19
1178 558 19
1179 559 20
1179 559 20
1180 559 19
1181 560 23
1182 560 23
1182 561 28
1183 561 28
1184 561 28
1185 561 29
1186 562 34
1186 562 34
1187 562 35
1189 562 36
1189 562 36
1190 562 36
1190 562 36
1191 562 36
1192 562 36
1193 562 36
1194 562 36
1195 562 36
1195 562 36
1196 561 32
1197 561 33
1199 561 34
1199 561 34
1200 561 35
1200 560 29
1201 560 30
1202 559 24
1202 559 24
1203 558 22
1204 558 25
1204 557 21
1205 557 24
1206 556 26
1206 556 26
1207 555 27
1207 555 27
1208 554 28
1208 554 28
1209 553 29
1209 553 29
1210 552 31
1211 552 34
1211 551 30
1212 551 34
1212 550 29
1212 550 29
1213 550 33
1213 549 29
1214 548 30
1214 547 27
1215 547 29
1216 546 29
1217 545 27
1217 545 27
1218 544 26
1218 543 22
1220 542 21
1221 541 20
1221 540 18
1223 539 22
1223 538 20
1224 537 22
1225 536 23
1226 536 26
1227 535 27
1228 534 27
1229 533 27
1229 532 26
1230 531 29
1231 530 30
1232 529 33
1233 528 37
1233 527 34
1234 526 35
1235 524 36
1235 523 34
1236 522 40
1236 521 38
1236 520 36
1237 519 41
1237 518 40
1237 516 35
1238 515 41
1238 514 39
1239 513 44
1239 512 43
1239 511 42
1239 510 42
1239 509 41
1239 508 40
1239 507 39
1239 507 39
1239 505 38
1239 504 38
1240 503 42
1240 502 41
1240 501 38
1240 500 36
1240 499 33
1240 498 31
1241 497 34
1241 495 29
1242 494 33
1242 493 31
1242 492 28
1242 490 25
1242 489 24
1242 488 23
1243 487 29
1243 485 27
1243 483 25
1243 482 24
1244 481 30
1244 479 30
1244 478 29
1245 477 34
1245 476 33
1245 474 31
1245 473 29
1245 472 27
1246 471 28
1246 470 27
1246 469 27
1246 468 26
1246 467 26
1246 466 26
1246 465 25
1247 464 30
1247 464 30
1247 462 28
1247 461 27
1247 460 27
1247 459 27
1247 457 26
1248 456 34
1248 455 33
1248 454 32
1248 454 32
1248 453 31
1249 452 37
1249 451 33
1249 449 27
1249 448 25
1249 447 22
1249 446 23
1250 444 30
1250 443 30
1250 442 30
1250 441 31
1250 439 31
1250 438 30
1250 436 29
1250 435 27
1250 433 24
1250 432 22
1250 431 21
1250 430 20
1250 429 20
1250 428 19
1250 426 19
1250 425 19
1250 424 19
1250 423 19
1250 422 19
1250 421 19
1250 420 19
1250 419 20
1250 418 20
1250 417 20
1250 416 20
1250 415 20
1250 414 21
1250 413 21
1250 412 22
1250 411 23
1250 410 24
1250 409 25
1250 408 25
1250 407 25
1250 406 26
1250 405 27
1250 405 27
1250 404 27
1250 403 28
1250 403 28
1250 402 30
1250 401 32
1250 400 32
1250 399 35
1249 398 30
1249 397 32
1249 397 32
1249 396 34
1249 396 34
1248 395 31
1248 395 31
1248 394 32
1248 394 32
1247 393 27
1247 393 27
1247 392 28
1247 392 28
1246 391 23
1246 390 24
1246 390 24
1246 389 24
1246 389 24
1245 388 19
1245 387 21
1245 387 21
1245 386 22
1244 386 17
1244 385 19
1244 385 19
1244 384 22
1244 384 22
1244 384 22
Stop
Start
1244 384 22
1244 384 22
1244 383 25
1244 383 25
1244 383 25
1244 382 29
1244 382 29
1244 381 33
1243 381 28
1243 380 32
1243 380 32
1242 379 30
1242 379 30
1242 378 33
1242 378 33
1241 377 29
1241 377 29
1240 376 27
1240 376 27
1239 375 24
1239 375 24
1238 374 21
1238 373 25
1237 372 25
1236 372 21
1236 371 27
1235 371 23
1235 370 29
1234 370 27
1234 369 34
1234 369 34
1233 368 38
1233 368 38
1232 368 34
1232 368 34
1232 367 43
1231 367 37
1230 367 34
1230 367 34
1229 367 30
1229 367 30
1228 367 27
1227 367 26
1226 367 25
1225 367 25
1224 367 26
1223 367 26
1223 367 26
1222 367 26
1221 367 25
1220 367 24
1219 367 24
1219 367 24
1218 367 25
1217 367 26
1216 367 27
1215 367 28
1215 367 28
1214 367 28
1213 367 28
1212 367 27
1212 367 27
1211 367 26
1211 367 26
1211 367 26
1210 367 25
1209 367 23
1209 367 23
1208 367 22
1208 367 22
1207 367 21
1206 367 22
1205 367 24
1204 368 16
1203 368 19
1202 368 21
1201 368 24
1201 369 15
1200 369 16
1200 369 16
1199 369 19
1198 369 18
1198 369 18
1197 369 18
1196 369 16
1195 369 14
1195 369 14
1194 369 13
1194 369 13
1193 369 12
1193 369 12
1192 368 19
1192 368 19
1191 368 17
1191 368 17
1191 368 17
1190 368 16
1190 367 22
1189 367 20
1189 367 20
1189 367 20
1188 367 17
1188 367 17
1188 366 22
1188 366 22
1187 366 19
1187 366 19
1187 365 26
1186 365 23
1186 365 23
1186 365 23
1186 365 23
1186 365 23
Stop
New Layer
Start
1211 368 19
1210 368 17
1210 368 17
1209 368 15
1208 368 13
1207 368 14
1206 368 14
1205 368 15
1204 368 16
1203 368 19
1201 368 24
1200 368 25
1199 368 27
1198 368 27
1197 368 26
1196 368 24
1195 368 22
1194 367 28
1194 367 28
1193 367 27
1193 367 27
1192 366 33
1191 366 30
1191 366 30
1190 366 29
1190 366 29
1189 365 33
1189 365 33
1188 365 29
1188 365 29
1187 365 26
1187 365 26
1185 364 27
1184 364 26
1182 364 26
1181 364 26
1178 364 28
1177 364 29
1176 364 29
1175 364 30
1175 364 30
1175 364 30
1174 364 29
1174 364 29
1172 364 26
1172 363 34
1171 363 32
1170 363 29
1170 363 29
1169 363 27
1168 363 26
1167 362 34
1167 362 34
1166 362 35
1165 362 36
1164 362 36
1164 362 36
1163 362 37
1163 362 37
1162 362 37
1160 362 37
1159 362 36
1158 362 34
1158 362 34
1157 362 32
1156 362 31
1156 362 31
1155 362 30
1155 362 30
1153 362 31
1152 362 34
1150 362 42
1148 362 50
1147 362 52
1146 363 48
1144 363 51
1143 364 46
1142 365 42
1142 365 42
1141 366 38
1140 366 41
1139 366 45
1138 367 42
1138 367 42
1137 368 39
1137 368 39
1136 368 41
1136 369 35
1135 369 37
1135 370 30
1134 370 33
1134 371 27
1132 371 35
1132 372 30
1131 373 31
1130 374 33
1129 376 33
1129 377 30
1129 377 30
1128 378 35
1128 379 32
1127 380 35
1127 380 35
1127 381 32
1127 381 32
1126 382 34
1126 383 31
1126 384 29
1126 385 26
1125 386 27
1125 386 27
1125 387 25
1125 388 23
1125 389 21
1125 391 19
1124 393 21
1123 395 22
1123 397 19
1122 398 20
1122 400 15
1121 401 17
1121 403 15
1120 404 18
1120 405 17
1120 406 17
1119 407 22
1119 408 20
1119 408 20
1118 409 22
1118 410 18
1118 411 15
1117 412 18
1117 413 17
1116 414 23
1116 415 23
1116 417 23
1115 418 28
1115 419 27
1114 421 29
1114 422 29
1114 423 28
1114 425 29
1113 427 38
1113 429 36
1113 430 34
1113 431 32
1113 433 26
1113 433 26
1113 434 24
1113 434 24
1112 436 26
1112 437 24
1112 438 23
1112 439 23
1112 440 21
1112 442 27
1112 443 27
1112 443 27
1112 444 27
1112 445 26
1112 446 26
1112 447 25
1112 448 22
1112 450 21
1112 451 22
1112 453 22
1112 455 22
1112 458 24
1112 459 24
1112 461 24
1112 462 23
1112 463 22
1112 464 22
1112 465 21
1112 466 20
1112 467 19
1112 469 19
1111 470 25
1111 473 25
1111 475 23
1110 477 29
1110 478 29
1110 480 28
1110 481 28
1109 482 35
1109 483 35
1109 485 33
1109 488 32
1108 490 38
1108 492 38
1108 494 40
1107 496 48
1107 498 47
1107 500 44
1107 501 43
1107 502 43
1107 503 43
1107 504 43
1107 505 42
1107 506 41
1107 507 40
1107 508 39
1107 509 38
1107 510 38
1107 511 39
1107 513 40
1107 514 41
1107 515 43
1107 516 44
1107 517 46
1107 518 46
1107 519 47
1107 520 46
1107 521 45
1107 522 43
1107 524 40
1107 525 38
1108 526 32
1108 526 32
1108 527 32
1109 529 29
1110 530 25
1111 531 21
1112 533 22
1113 534 22
1114 535 23
1114 535 23
1115 536 24
1115 537 28
1116 537 24
1116 538 27
1117 538 23
1117 539 26
1118 539 23
1118 539 23
1119 540 25
1120 540 25
1121 541 29
1122 541 29
1124 543 31
1125 543 27
1126 544 26
1126 544 26
1127 544 24
1128 545 23
1129 546 24
1130 546 21
1131 547 23
1132 547 18
1132 548 23
1133 548 22
1134 549 25
1134 549 25
1135 549 24
1135 550 28
1136 550 26
1136 550 26
1137 550 25
1137 550 25
1137 550 25
1138 551 26
1138 551 26
Stop
Start
1137 552 33
1137 552 33
1138 552 30
1138 553 33
1139 553 29
1139 554 33
1139 554 33
1140 554 30
1140 555 34
1141 555 32
1141 555 32
1142 555 30
1143 556 33
1143 556 33
1143 556 33
1144 557 36
1144 557 36
1145 557 35
1146 557 33
1147 558 36
1147 558 36
1148 558 34
1148 558 34
1149 558 33
1150 558 33
1151 558 34
1152 558 35
1152 558 35
1153 558 37
1154 558 38
1154 558 38
1155 558 39
1156 558 39
1157 558 39
1158 557 33
1158 557 33
1159 557 32
1160 557 33
1161 557 33
1162 557 32
1163 557 32
1165 556 28
1166 556 28
1168 556 28
1169 556 27
1170 556 26
1171 556 25
1173 556 22
1173 556 22
1174 556 21
1175 556 19
1176 556 17
1177 557 18
1179 557 13
1180 558 16
1181 558 16
1181 558 16
1182 559 19
1182 559 19
1182 559 19
1183 559 19
1183 559 19
1183 559 19
1184 559 20
1184 559 20
1184 560 24
1185 560 24
1185 560 24
1186 560 25
1186 560 25
1187 560 26
1188 560 26
1188 561 31
1189 561 31
1189 561 31
1190 561 31
1190 561 31
1191 561 31
1191 561 31
1191 561 31
1192 561 31
1193 561 31
1193 561 31
1194 561 31
1194 561 31
1195 561 32
1195 561 32
1196 561 32
1197 560 29
1198 560 29
1198 560 29
1199 559 24
1199 559 24
1200 559 23
1200 559 23
1201 559 23
1201 558 19
1202 558 20
1203 558 22
1203 558 22
1204 557 21
1205 557 24
1206 557 29
1206 556 26
1207 556 30
1207 556 30
1208 555 31
1209 555 36
1210 554 38
1210 554 38
1212 553 42
1212 552 38
1213 552 42
1214 551 41
1214 551 41
1215 550 39
1215 550 39
1216 550 42
1216 549 38
1216 549 38
1217 548 37
1218 547 37
1218 547 37
1219 547 40
1219 546 36
1220 545 34
1220 545 34
1221 544 31
1222 543 29
1223 543 31
1223 542 28
1224 541 29
1225 540 31
1226 539 31
1226 539 31
1227 538 33
1227 538 33
1228 537 35
1228 537 35
1229 536 35
1229 536 35
1229 535 32
1230 534 33
1230 534 33
1230 533 30
1231 532 31
1232 531 33
1232 529 33
1233 528 37
1233 527 34
1234 525 33
1234 524 30
1235 524 36
1235 522 32
1235 522 32
1236 521 38
1236 521 38
1236 520 36
1236 519 35
1236 518 33
1237 517 37
1237 517 37
1237 516 35
1237 515 34
1238 514 39
1238 513 38
1238 512 37
1238 511 35
1238 510 35
1238 509 34
1239 508 40
1239 508 40
1239 507 39
1239 507 39
1239 506 39
1239 505 38
1239 504 38
1239 503 36
1239 503 36
1240 501 38
1240 501 38
1240 500 36
1240 499 33
1240 499 33
1241 498 36
1241 498 36
1241 497 34
1241 496 32
1241 495 29
1241 494 28
1242 493 31
1242 492 28
1242 492 28
1242 491 27
1242 490 25
1242 490 25
1243 489 31
1243 489 31
1243 488 30
1243 487 29
1243 487 29
1243 486 28
1243 485 27
1243 484 26
1244 482 31
1244 482 31
1244 480 29
1244 479 30
1244 478 29
1244 478 29
1244 477 29
1244 476 29
1244 476 29
1244 475 28
1244 474 27
1244 474 27
1244 473 26
1244 473 26
1244 472 24
1244 471 22
1244 471 22
1245 470 23
1245 470 23
1245 469 22
1245 469 22
1245 468 21
1245 468 21
1245 467 21
1246 467 26
1246 466 26
1246 465 25
1246 464 25
1246 464 25
1246 463 22
1246 463 22
1246 462 21
1246 462 21
1246 461 20
1246 460 20
1246 459 19
1247 458 27
1247 457 26
1247 457 26
1247 456 26
1247 455 26
1247 454 25
1247 454 25
1248 453 31
1248 452 30
1248 451 27
1248 450 24
1248 449 21
1248 449 21
1248 447 18
1248 446 19
1248 446 19
1249 445 24
1249 444 24
1249 443 25
1249 443 25
1249 441 26
1250 441 31
1250 440 31
1250 440 31
1250 439 31
1250 438 30
1250 437 30
1250 436 29
1250 436 29
1250 434 25
1250 433 24
1250 433 24
1250 432 22
1250 431 21
1250 430 20
1250 429 20
1250 429 20
1250 428 19
1250 427 19
1250 426 19
1250 426 19
1250 425 19
1250 424 19
1250 423 19
1250 423 19
1250 422 19
1250 421 19
1250 421 19
1250 420 19
1250 420 19
1250 419 20
1250 419 20
1250 418 20
1250 418 20
1250 418 20
1250 417 20
1250 416 20
1250 415 20
1250 415 20
1250 414 21
1250 414 21
1250 414 21
1250 413 21
1250 412 22
1250 412 22
1250 411 23
1250 411 23
1250 410 24
1250 410 24
1250 409 25
1250 409 25
1250 409 25
1250 408 25
1250 408 25
1250 407 25
1250 407 25
1250 406 26
1250 406 26
1250 406 26
1250 405 27
1250 405 27
1250 405 27
1250 404 27
1250 404 27
1250 403 28
1250 403 28
1250 402 30
1250 402 30
1250 402 30
1250 401 32
1250 401 32
1249 400 26
1249 400 26
1249 399 29
1249 399 29
1249 398 30
1248 397 27
1248 397 27
1248 396 29
1248 396 29
1248 395 31
1248 395 31
1248 394 32
1248 394 32
1248 393 32
1248 393 32
1248 392 33
1247 392 28
1247 391 28
1247 391 28
1247 391 28
1247 390 28
1247 390 28
1246 389 24
1246 389 24
1246 388 25
1246 388 25
1246 388 25
1246 387 27
1245 387 21
1245 386 22
1245 386 22
1245 386 22
1245 385 24
1245 385 24
1245 384 27
1245 384 27
1245 384 27
1245 383 31
1244 383 25
1244 383 25
1244 382 29
1244 382 29
1244 381 33
1244 381 33
1244 381 33
1244 381 33
1243 380 32
1243 380 32
Stop
Start
1243 379 36
1243 379 36
1243 379 36
1243 378 39
1242 377 36
1242 377 36
1242 376 39
1242 376 39
1241 375 36
1241 375 36
1240 374 33
1240 373 37
1239 373 31
1239 372 36
1239 372 36
1238 371 35
1237 371 30
1237 371 30
1237 370 36
1236 370 33
1235 370 29
1234 369 34
1233 369 31
1232 368 34
1231 368 30
1231 368 30
1230 368 27
1229 368 24
1229 368 24
1229 368 24
1228 368 22
1227 368 21
1226 368 21
1225 368 20
1225 367 25
1223 367 26
1223 367 26
1222 367 26
1222 367 26
1222 367 26
1221 367 25
1221 367 25
1220 367 24
1220 367 24
1219 367 24
1219 367 24
1218 367 25
1218 367 25
1217 367 26
1217 367 26
1216 367 27
1216 367 27
1215 367 28
1215 367 28
1215 367 28
1214 367 28
1214 367 28
1213 367 28
1213 367 28
1212 367 27
1212 367 27
1212 367 27
1212 367 27
Stop
Start
1029 409 38
1029 409 38
1029 410 34
1028 410 39
1028 411 35
1028 411 35
1027 412 34
1027 412 34
1027 413 31
1026 413 33
1026 414 31
1025 415 33
1025 415 33
1025 415 33
1024 416 33
1023 416 34
1023 417 33
1023 418 32
1022 419 32
1021 420 31
1020 421 32
1020 422 31
1019 422 35
1019 424 30
1018 424 34
1018 425 32
1017 425 37
1017 426 33
1017 426 33
1016 427 33
1016 428 30
1015 429 31
1015 430 29
1014 430 34
1014 431 31
1013 432 32
1013 433 30
1012 434 32
1012 436 28
1011 437 31
1011 438 30
1010 439 34
1010 441 32
1009 442 37
1009 442 37
1008 443 40
1008 444 39
1008 444 39
1008 445 37
1007 445 44
1007 445 44
1007 446 42
1007 446 42
1007 447 41
1007 448 41
1007 448 41
1007 448 41
1007 449 41
1007 449 41
1007 450 41
1007 450 41
1007 450 41
1007 450 41
1008 451 39
1008 451 39
1008 451 39
1008 451 39
1009 452 39
1009 452 39
1010 452 38
1010 452 38
1010 453 41
1011 453 40
1011 453 40
1012 453 40
1013 453 39
1013 453 39
1014 453 38
1014 453 38
1015 453 39
1015 453 39
1016 453 38
1016 453 38
1017 454 41
1017 454 41
1017 454 41
1018 454 41
1019 454 43
1020 454 45
1022 452 48
1023 451 50
1024 450 55
1024 450 55
1025 449 57
1025 448 51
1025 447 46
1026 446 49
1026 446 49
1026 445 44
1026 444 39
1027 443 40
1027 442 36
1027 442 36
1027 441 34
1027 440 31
1028 439 34
1028 439 34
1028 438 34
1028 437 33
1028 436 33
1028 435 33
1028 434 33
1028 433 34
1028 432 34
1028 431 35
1028 430 34
1029 429 36
1029 428 35
1029 428 35
1029 427 33
1030 426 36
1030 425 35
1030 425 35
1031 424 37
1031 423 36
1031 423 36
1032 422 39
1032 421 37
1032 421 37
1033 420 38
1033 420 38
1033 419 36
1033 418 34
1033 418 34
1034 418 38
1034 417 35
1034 417 35
1034 417 35
1034 416 33
1034 416 33
1034 415 30
1034 415 30
1034 414 28
1035 414 31
1035 413 32
1035 413 32
1035 413 32
1035 412 31
1035 412 31
1035 411 33
1035 411 33
1035 410 36
1035 409 39
1034 409 35
1034 409 35
1033 408 38
1033 408 38
1033 408 38
1032 408 37
1032 408 37
1032 408 37
1031 408 36
1031 408 36
1031 408 36
1030 408 37
1030 408 37
1030 409 34
1030 409 34
1029 409 38
1029 409 38
1029 410 34
1029 410 34
1029 410 34
1029 410 34
Stop
Start
1037 823 13
Stop
Start
1045 825 26
1046 825 22
1047 825 20
1047 825 20
1048 826 28
1050 826 27
1051 826 28
1051 826 28
1052 826 29
1053 825 21
1054 825 23
1054 824 15
1055 824 17
1056 824 19
1058 824 19
1059 824 19
1060 824 19
1061 824 17
1062 824 15
1064 824 12
1065 825 18
1067 825 17
1068 826 28
1068 826 28
1069 826 29
1069 826 29
1070 826 30
1071 826 32
1073 826 35
1074 826 37
1075 826 39
1076 825 28
1077 825 29
1078 824 23
1079 824 25
1079 824 25
1081 824 28
1083 823 25
1084 823 27
1086 822 22
1087 822 23
1087 822 23
1089 821 15
1090 821 15
1091 821 15
1093 820 12
1095 820 16
1096 820 17
1097 820 18
1098 820 19
1099 820 20
1099 820 20
1100 820 20
1102 820 20
1103 820 19
1104 820 18
1106 820 15
1107 820 13
1107 821 19
1108 821 17
1109 821 15
1110 822 17
1111 822 14
1112 823 14
1112 823 14
1113 824 14
1114 824 9
1115 825 9
1116 826 8
1116 826 8
1116 826 8
1116 826 8
1116 827 12
1117 827 8
1117 827 8
1118 828 9
1119 829 11
1120 830 13
1122 831 12
1123 831 9
1123 832 12
1124 833 18
1125 833 17
1125 833 17
1125 833 17
1125 834 23
1126 834 22
1126 834 22
1127 834 21
1129 835 22
1129 835 22
1130 836 22
1132 836 14
1134 837 14
1135 837 13
1137 837 14
1138 838 20
1140 838 17
1141 838 15
1142 838 13
1144 839 15
1146 839 16
1147 839 17
1149 839 19
1150 840 24
1153 840 17
1155 840 16
1156 841 22
1157 841 21
1158 841 19
1159 842 26
1160 842 24
1161 842 23
1162 842 22
1163 843 29
1164 843 27
1165 843 26
1167 843 23
1168 843 22
1169 843 22
1170 843 21
1170 843 21
1171 843 21
1173 843 22
1174 843 23
1175 843 23
1176 843 23
1177 843 25
1178 844 34
1179 844 34
1180 844 32
1181 844 31
1182 844 30
1183 844 29
1184 844 29
1185 844 29
1186 844 29
1187 844 29
1188 844 29
1188 844 29
1189 844 30
1189 844 30
1190 844 31
1191 843 24
1192 843 26
1193 843 28
1194 843 32
1195 842 27
1196 842 30
1197 842 33
1198 842 36
1199 842 37
1199 842 37
1200 842 40
1201 841 33
1202 841 35
1202 841 35
1203 841 37
1204 840 29
1205 840 30
1205 840 30
1206 840 32
1207 840 34
1208 839 26
1209 839 27
1209 839 27
1210 839 29
1211 839 32
1212 838 26
1212 838 26
1213 838 30
1214 838 33
1214 838 33
1215 837 27
1217 837 31
1218 837 33
1219 837 33
1220 836 27
1220 836 27
1221 836 28
1222 836 30
1222 836 30
1223 836 31
1225 835 28
1226 835 30
1227 835 32
1227 835 32
1228 835 34
1229 835 36
1229 835 36
1230 834 29
1230 834 29
1231 834 30
1232 834 31
1233 833 21
1233 833 21
1234 833 21
1234 833 21
Stop
Start
1250 838 25
1250 838 25
1251 839 30
1252 839 28
1253 840 34
1254 841 38
1255 841 35
1256 841 31
1256 841 31
1256 841 31
1257 841 26
1257 841 26
1258 841 22
1259 841 19
1260 841 15
1260 841 15
1261 841 14
1261 841 14
1262 841 15
1263 841 15
1264 841 17
1264 841 17
1265 841 18
1266 841 19
1267 842 27
1268 842 26
1268 842 26
1269 842 24
1270 842 22
1271 842 21
1271 842 21
1272 842 21
1272 842 21
1272 842 21
1273 842 20
1273 842 20
1274 842 21
1275 842 21
1276 842 22
1277 842 23
1278 842 23
1278 842 23
1279 842 23
1280 842 22
1281 842 21
1281 842 21
1282 842 19
1282 842 19
1283 842 17
1283 842 17
1284 842 16
1285 842 16
1285 842 16
1285 842 16
1286 842 17
1286 842 17
1287 842 18
1287 842 18
1288 842 21
1288 842 21
1288 842 21
1289 842 24
1289 841 16
1290 841 20
1290 841 20
1291 841 24
1292 840 22
1293 840 28
1293 840 28
1294 840 32
1294 839 27
1294 839 27
1295 839 30
1295 839 30
1295 838 25
1296 838 28
1296 838 28
1296 837 23
1297 837 28
1297 836 24
1297 836 24
1297 836 24
1297 835 20
1297 835 20
1297 835 20
1297 834 17
1297 834 17
1297 833 15
1297 833 15
1297 833 15
1297 832 13
1297 831 15
1297 830 18
1297 830 18
1297 829 22
1297 829 22
1296 828 22
1296 828 22
1295 827 23
1295 827 23
Stop
Start
1292 818 27
1292 818 27
1292 817 30
1292 817 30
1291 816 27
1291 816 27
1291 815 30
1291 815 30
1291 815 30
1290 814 27
1290 814 27
1290 814 27
1290 813 28
1290 813 28
1290 812 32
1289 812 25
1289 811 29
1289 811 29
1289 811 29
1288 810 28
1288 810 28
1288 809 34
1288 809 34
1287 808 35
1287 808 35
1286 807 36
1286 807 36
1286 807 36
1285 806 37
1285 806 37
1284 806 32
1284 806 32
1283 806 30
1283 805 38
1281 805 34
1280 805 33
1279 805 30
1279 805 30
1278 805 27
1277 804 30
1275 804 21
1275 804 21
1274 804 18
1273 804 15
1272 803 22
1271 803 20
1271 803 20
1270 803 19
1269 802 27
1268 802 25
1267 801 29
1266 801 25
1266 801 25
1265 801 20
1264 800 24
1263 800 18
1263 799 24
1262 799 19
1261 798 20
1260 798 18
1260 798 18
1259 797 19
1259 797 19
1258 796 20
1258 796 20
1257 795 21
1257 795 21
1256 794 21
1256 794 21
1256 793 23
1256 793 23
1255 792 20
1255 792 20
1255 791 22
1255 791 22
1254 790 18
1254 790 18
1254 790 18
1254 789 18
1254 789 18
1254 788 19
1254 787 19
1254 786 20
1254 786 20
1254 785 19
1254 784 19
1254 784 19
1254 783 17
1254 783 17
1254 782 16
1254 782 16
1255 782 19
1255 781 17
1255 781 17
1255 780 14
1256 780 19
1256 780 19
1256 779 16
1257 779 19
1257 779 19
1258 778 21
1258 778 21
1259 777 19
1259 777 19
1260 777 21
1260 777 21
1261 776 18
1261 776 18
1262 776 20
1262 775 13
1263 775 14
1263 775 14
1264 774 13
1264 774 13
1265 774 16
1265 773 9
1266 773 14
1266 773 14
1267 773 19
1267 772 13
1267 772 13
1268 772 18
1268 771 13
1268 771 13
1269 770 13
1269 770 13
1270 770 18
1270 769 15
1270 769 15
1271 767 17
1272 766 21
1272 766 21
1272 765 20
1272 764 20
1272 764 20
1273 763 27
1273 762 29
1273 761 32
1273 761 32
1273 760 35
1273 759 38
1273 759 38
1273 758 41
1272 757 40
1272 756 42
1272 756 42
1271 755 37
1271 755 37
1270 754 34
1270 753 35
1269 752 29
1269 752 29
1269 751 29
1269 750 28
1268 750 22
1268 749 22
1267 748 19
1267 747 22
1267 746 25
1266 745 25
1266 745 25
1265 743 27
1265 743 27
1265 742 31
1264 741 31
1264 741 31
1264 740 32
1263 739 29
1262 738 27
1262 738 27
1261 737 25
1261 736 28
1260 735 29
1260 734 31
1259 733 30
1259 732 32
1258 731 29
1258 731 29
1257 730 24
1257 729 25
1256 728 18
1256 727 19
1255 726 16
1254 725 15
1254 724 19
1254 724 19
1253 723 18
1253 722 21
1253 722 21
1253 722 21
1253 721 25
1252 720 25
1252 720 25
1251 718 27
1251 718 27
1250 717 26
1250 716 31
1249 716 24
1249 715 29
1249 715 29
1248 714 27
1248 713 32
1247 713 26
1247 712 31
1246 712 25
1246 711 31
1245 711 26
1245 711 26
1245 710 31
1244 710 27
1244 709 33
1243 709 28
1243 709 28
1243 709 28
1243 709 28
1243 708 34
1242 708 30
1242 708 30
1242 708 30
1241 707 30
1240 707 24
1239 706 23
1238 705 23
1237 705 16
1236 704 14
1235 703 16
1234 703 12
1233 702 13
1233 702 13
1232 701 12
1231 700 12
1231 700 12
1230 699 10
1229 698 9
1228 698 6
1227 697 9
1227 697 9
1226 696 12
1226 696 12
1226 695 18
1226 695 18
1225 694 22
1225 694 22
1224 693 24
1224 693 24
1223 692 25
1223 692 25
1222 691 26
1222 691 26
1221 691 20
1221 691 20
1221 690 25
1220 690 20
1219 689 21
1218 689 16
1218 688 23
1217 688 20
1216 687 24
1215 687 20
1215 686 26
1214 686 24
1214 686 24
1213 685 26
1213 685 26
1211 684 24
1211 684 24
1210 683 25
1209 683 22
1209 683 22
1209 682 25
1208 682 22
1208 682 22
1207 682 19
1207 681 23
1206 681 21
1205 681 20
1204 680 24
1203 680 24
1203 680 24
1202 680 24
1202 680 24
1201 679 33
1201 679 33
1200 679 34
1199 679 34
1198 679 34
1198 679 34
1196 679 36
1195 679 37
1194 679 38
1193 679 39
1193 679 39
1192 679 41
1191 679 42
1190 679 44
1189 679 47
1188 680 40
1186 681 34
1184 681 34
1182 683 21
1181 683 22
1180 684 16
1179 684 18
1178 685 13
1176 685 17
1175 685 20
1174 686 15
1173 686 17
1172 686 19
1171 686 20
1171 686 20
1170 686 21
1169 686 21
1168 686 20
1166 686 21
1165 686 21
1162 686 20
1160 686 18
1158 686 16
1157 686 16
1156 686 15
1155 686 12
1155 686 12
1154 686 9
1153 685 9
1152 685 6
1151 685 3
1150 684 8
1148 684 7
1148 684 7
1147 683 14
1146 683 13
1146 683 13
1145 683 11
1145 683 11
1144 682 15
1143 682 13
1142 681 18
1141 681 16
1139 680 17
1138 680 16
1137 679 21
1137 679 21
1136 679 19
1135 679 18
1134 678 22
1134 678 22
1133 678 20
1132 678 19
1130 677 22
1130 677 22
1129 677 21
Stop
Start
1131 677 23
1131 677 23
1131 677 23
1131 677 23
1130 677 22
1130 677 22
1130 677 22
1130 677 22
1129 676 27
1129 676 27
1129 676 27
1128 676 26
1128 676 26
1127 675 31
1127 675 31
1127 675 31
1127 675 31
1126 675 30
1126 675 30
1125 675 28
1125 675 28
1124 675 28
1124 675 28
1123 675 28
1123 675 28
1123 675 28
1122 675 30
1122 675 30
1121 675 33
1121 675 33
1121 675 33
1120 675 36
1120 675 36
1120 675 36
1119 675 41
1119 675 41
1119 675 41
1118 675 44
1118 675 44
1117 676 42
1117 676 42
1117 676 42
1116 676 45
1116 676 45
1116 677 39
1116 677 39
1115 677 41
1115 677 41
1115 678 34
1114 678 37
1114 678 37
1114 678 37
1114 679 31
1113 679 34
1113 679 34
1113 679 34
1113 680 29
1112 680 31
1112 681 25
1112 681 25
1112 681 25
1111 681 29
1111 682 22
1111 682 22
1111 682 22
1110 682 27
1110 682 27
1110 682 27
1110 683 21
1110 683 21
1110 683 21
Stop
Start
1295 827 23
1295 827 23
1295 826 26
1295 826 26
1294 826 22
1294 826 22
1294 825 25
1294 825 25
1294 825 25
1294 825 25
1293 825 19
1293 824 22
1293 824 22
1293 824 22
1293 823 24
1293 823 24
1293 823 24
1293 822 26
1293 822 26
1293 822 26
1293 821 27
1292 821 22
1292 821 22
1292 820 23
1292 820 23
1292 820 23
1292 820 23
1292 819 25
1292 819 25
1292 819 25
1292 819 25
1292 819 25
Stop
Start
1249 838 28
1249 838 28
1249 838 28
1249 837 19
1248 837 22
1248 837 22
1248 837 22
1248 836 14
1247 836 17
1247 836 17
1247 836 17
1247 836 17
1246 836 19
1246 835 12
1246 835 12
1245 835 15
1245 835 15
1244 834 12
1244 834 12
1243 834 16
1243 834 16
1242 834 20
1242 834 20
1242 834 20
1242 834 20
1241 834 23
1241 834 23
1241 834 23
1240 834 26
1240 834 26
1240 833 19
1239 833 21
1239 833 21
1239 833 21
1238 833 21
1238 833 21
1238 833 21
1238 833 21
1237 833 22
1237 833 22
1237 833 22
1236 833 22
1236 833 22
1236 833 22
1236 833 22
Stop
Start
1234 833 21
1235 833 21
1235 833 21
1235 833 21
1235 833 21
1235 833 21
1235 833 21
Stop
Start
1048 793 23
1048 793 23
1048 793 23
1048 794 16
1048 794 16
1047 794 19
1047 794 19
1047 795 13
1047 795 13
1046 795 19
1046 795 19
1046 796 14
1046 796 14
1045 796 21
1045 797 17
1045 798 14
1044 798 19
1044 798 19
1044 799 16
1043 800 18
1043 800 18
1043 800 18
1043 800 18
1042 800 24
1042 801 20
1041 801 26
1041 801 26
1041 801 26
1040 801 30
1040 801 30
1040 801 30
1039 802 29
1039 802 29
1039 802 29
1039 802 29
1039 803 23
1038 803 28
1038 803 28
1037 804 30
1037 804 30
1037 805 24
1036 806 25
1036 806 25
1036 806 25
1036 807 22
1036 807 22
1036 807 22
1036 807 22
1036 808 18
1036 808 18
1036 808 18
1036 808 18
1036 809 15
1036 809 15
1036 809 15
1036 810 12
1036 810 12
1035 811 20
1035 811 20
1035 812 20
1035 812 20
1035 813 20
1035 813 20
1035 813 20
1035 814 21
1035 814 21
1035 814 21
1035 814 21
1035 815 22
1035 815 22
1035 815 22
1035 816 21
1035 816 21
1035 817 20
1035 817 20
1035 817 20
1035 817 20
Stop
Start
1027 823 29
1027 823 29
1028 822 25
1028 822 25
1028 822 25
1028 822 25
1029 822 22
1029 821 23
1029 821 23
1030 821 20
1030 821 20
1030 821 20
1030 821 20
1031 820 22
1031 820 22
1031 820 22
1031 820 22
1031 820 22
Stop
Start
1034 815 28
1034 816 27
1034 816 27
1034 817 25
1034 817 25
1034 817 25
1034 818 22
1034 818 22
1034 819 18
1034 819 18
1034 820 15
1033 820 17
1033 820 17
1032 820 19
1032 820 19
1032 820 19
Stop
Start
1027 822 29
1027 823 29
1027 824 32
1027 824 32
1027 824 32
1027 825 35
1028 826 37
1028 826 37
1029 827 39
1029 827 39
1030 827 37
Stop
Start
1045 825 26
1045 825 26
1045 825 26
1045 825 26
1044 824 22
1044 824 22
1044 824 22
1043 824 25
1043 824 25
1042 824 27
1042 823 19
1041 823 19
1041 823 19
1040 823 19
1040 823 19
1039 823 17
1039 823 17
1039 823 17
1038 824 20
1038 824 20
1037 824 17
1037 825 21
1037 825 21
1037 825 21
1037 826 26
1036 826 24
1036 826 24
1036 826 24
1036 827 29
1036 827 29
1036 827 29
1035 827 28
1035 827 28
1035 827 28
1034 827 28
1034 827 28
1034 827 28
1033 827 30
1033 827 30
1032 827 32
1032 827 32
1032 827 32
1032 827 32
1031 827 35
1031 827 35
1031 827 35
1031 827 35
1030 827 37
1030 827 37
1030 827 37
1030 827 37
Stop
Start
1111 682 22
1109 683 25
1107 685 22
1106 685 28
1104 686 30
1103 687 27
1102 687 31
1102 687 31
1101 688 29
1101 688 29
1100 689 26
1099 689 30
1099 689 30
1098 690 26
1098 690 26
1097 690 30
1097 690 30
1096 691 29
1095 692 29
1094 692 35
1093 693 36
1093 693 36
1092 694 36
1092 695 31
1091 695 37
1091 696 32
1090 696 37
1090 697 33
1089 698 35
1089 698 35
1089 700 28
1088 700 32
1088 701 28
1088 701 28
1087 702 29
1087 703 25
1087 704 20
1086 705 21
1086 706 17
1086 706 17
1086 707 14
1085 708 15
1085 708 15
1085 709 13
1085 709 13
1084 710 14
1084 711 11
1084 711 11
1084 712 9
1084 712 9
1083 713 13
1083 714 11
1083 714 11
1082 715 15
1082 715 15
1081 716 21
1081 717 19
1081 717 19
1080 717 26
1080 718 24
1080 719 22
1079 719 30
1079 721 27
1079 721 27
1078 722 33
1077 723 38
1077 724 34
1077 725 31
1077 725 31
1076 726 36
1076 727 32
1075 728 34
1075 728 34
1075 728 34
1075 729 30
1074 730 30
1074 731 25
1074 731 25
1073 732 27
1073 733 21
1073 733 21
1072 734 20
1072 735 14
1071 735 20
1071 736 14
1070 737 14
1070 738 11
1069 738 16
1069 739 14
1068 740 14
1068 740 14
1067 741 15
1067 741 15
1066 742 15
1066 742 15
1066 743 12
1065 743 17
1065 744 16
1064 744 20
1064 745 18
1064 745 18
1063 746 20
1062 747 23
1062 747 23
1061 749 22
1061 749 22
1060 750 24
1059 751 27
1059 751 27
1059 752 23
1059 753 22
1059 753 22
1058 753 26
1058 753 26
1058 754 24
1058 754 24
1058 754 24
1058 755 22
1058 755 22
1058 755 22
1058 756 21
1058 756 21
1058 757 20
1058 758 21
1058 758 21
1058 759 22
1059 759 17
1059 760 20
1059 760 20
1059 760 20
1060 761 16
1060 762 19
1060 762 19
1060 762 19
1060 762 19
1061 763 18
1061 763 18
1061 763 18
1061 764 23
1062 764 18
1062 764 18
1062 765 23
1063 765 16
1063 765 16
1063 766 22
1063 766 22
1064 766 16
1064 767 21
1064 767 21
1065 767 17
1065 767 17
1065 768 21
1065 768 21
1066 768 16
1066 769 22
1066 769 22
1066 769 22
1066 770 27
1066 770 27
1067 770 22
1067 771 26
1067 771 26
1067 772 29
1067 773 31
1067 773 31
1067 774 31
1067 775 30
1067 776 29
1067 777 25
1067 777 25
1067 778 22
1067 778 22
1067 779 19
1066 780 22
1066 780 22
1065 781 26
1065 781 26
1064 783 24
1063 784 24
1062 785 23
1061 786 21
1061 787 15
1060 788 13
1059 789 13
1059 789 13
1059 790 8
1058 790 11
1058 790 11
1057 790 13
1056 791 11
1056 791 11
1055 791 12
1054 791 15
1053 792 11
1051 792 17
1050 792 21
1049 793 19
Stop
Start
1126 677 16
Stop
New Layer
Start
1203 679 32
1203 679 32
1203 679 32
1203 679 32
1202 679 32
1202 679 32
1201 679 33
1200 679 34
1199 679 34
1198 679 34
1197 679 35
1196 679 36
1194 679 38
1193 679 39
1192 679 41
1191 679 42
1190 679 44
1189 679 47
1188 679 48
1187 679 48
1186 679 49
1185 679 49
1184 680 42
1183 680 42
1182 680 43
1182 680 43
1182 681 35
1181 681 37
1181 681 37
1180 682 31
1180 682 31
1179 682 33
1179 682 33
1178 682 35
1178 683 28
1177 683 30
1177 683 30
1176 683 33
1175 684 27
1174 684 29
1174 684 29
1173 684 32
1173 684 32
1172 684 35
1172 684 35
1171 684 37
1170 684 39
1168 685 30
1168 685 30
1167 685 30
1166 685 30
1165 685 29
1164 685 29
1164 685 29
1163 685 29
1162 685 28
1161 685 26
1160 685 25
1160 685 25
1159 685 23
1158 684 28
1157 684 27
1156 684 25
1155 684 20
1155 683 29
1154 683 25
1154 683 25
1154 683 25
1153 682 30
1152 682 27
1152 682 27
1151 682 24
1150 682 23
1149 681 32
1148 681 30
1147 681 29
1146 681 27
1145 680 32
1144 680 30
1144 680 30
1144 680 30
1143 679 33
1143 679 33
1143 679 33
1142 679 31
1142 679 31
1141 678 36
1140 678 33
1140 678 33
1139 678 31
1138 677 38
1138 677 38
1137 677 35
1137 677 35
1136 677 33
1136 676 41
1135 676 39
1135 676 39
1134 676 37
1133 676 34
1133 676 34
1132 676 32
1132 675 40
1131 675 38
1131 675 38
1130 675 36
1130 675 36
1130 675 36
1129 674 42
1129 674 42
1128 674 40
1128 674 40
1128 674 40
1128 674 40
1127 674 39
1127 674 39
1126 674 37
1126 674 37
1125 674 35
1124 674 35
1124 674 35
1124 674 35
1123 674 35
1122 674 36
1122 674 36
1122 674 36
1121 674 39
1121 674 39
1120 674 42
1120 674 42
1119 675 41
1118 675 44
1117 676 42
1116 677 39
1116 678 32
1115 678 34
1114 679 31
1114 680 25
1114 680 25
1114 680 25
1113 680 29
1113 680 29
1113 681 23
1112 681 25
1112 682 19
1112 682 19
1111 682 22
1111 682 22
1110 683 21
1109 684 17
1108 684 22
1107 684 29
1106 685 28
1105 686 25
1105 686 25
1104 686 30
1103 687 27
1103 687 27
1102 688 24
1102 688 24
1101 688 29
1100 689 26
1099 689 30
1099 690 22
1098 690 26
1098 690 26
1097 691 23
1096 691 29
1096 692 22
1095 692 29
1094 693 29
1094 693 29
1093 694 30
1092 695 31
1092 695 31
1091 696 32
1090 697 33
1089 698 35
1089 698 35
1088 699 36
1088 700 32
1088 700 32
1087 701 34
1087 702 29
1086 702 33
1086 703 29
1086 704 25
1085 706 23
1085 706 23
1084 707 26
1084 708 21
1084 709 18
1083 710 21
1083 710 21
1083 711 18
1083 711 18
1083 712 16
1082 712 22
1082 712 22
1082 713 20
1082 713 20
1082 713 20
1082 714 17
1082 714 17
1082 715 15
1081 716 21
1081 716 21
1081 717 19
1081 718 17
1080 718 24
1080 719 22
1080 719 22
1080 720 21
1080 720 21
1080 721 18
1080 721 18
1080 722 15
1080 722 15
1080 723 11
1080 724 9
1080 724 9
1080 725 7
1080 726 5
1080 726 5
1079 727 9
1079 727 9
1079 728 8
1078 728 12
1078 729 10
1078 730 7
1077 730 12
1077 730 12
1076 731 13
1076 731 13
1076 731 13
1076 732 9
1076 732 9
1075 732 14
1075 733 10
1074 733 15
1074 734 10
1074 734 10
1073 734 15
1073 735 10
1072 735 14
1072 735 14
1072 736 10
1072 736 10
1071 736 14
1071 736 14
1070 737 14
1070 737 14
1069 738 16
1069 738 16
1069 738 16
1068 738 21
1068 738 21
1068 739 18
1067 739 24
1067 740 19
1066 740 24
1066 741 19
1066 741 19
1065 742 21
1065 742 21
1064 743 23
1064 744 20
1063 744 26
1063 745 23
1062 746 26
1062 747 23
1061 748 25
1061 748 25
1061 749 22
1060 750 24
1060 751 21
1060 752 19
1059 753 22
1059 754 19
1059 754 19
1059 755 18
1059 756 16
1059 756 16
1059 757 16
1059 757 16
1059 758 16
1059 758 16
1059 759 17
1059 760 20
1059 760 20
1059 760 20
1059 761 22
1059 761 22
1059 761 22
1060 762 19
1060 762 19
1060 763 22
1061 764 23
1061 764 23
1061 764 23
1061 765 28
1062 765 23
1062 765 23
1062 766 29
1062 766 29
1063 766 22
1063 767 27
1063 767 27
1064 768 27
1064 768 27
1064 768 27
1065 769 27
1065 769 27
1065 770 33
1066 770 27
1066 771 31
1066 771 31
1066 772 35
1066 772 35
1066 773 38
1066 774 37
1067 774 31
1067 775 30
1067 775 30
1067 776 29
1067 776 29
1067 776 29
1067 777 25
1067 777 25
1067 778 22
1067 778 22
1066 779 26
1066 780 22
1066 780 22
1066 780 22
1066 781 19
1065 781 26
1065 782 22
1065 782 22
1064 783 24
1064 783 24
1064 783 24
1064 784 18
1063 784 24
1063 784 24
1063 784 24
1062 784 30
1062 785 23
1062 785 23
1062 786 17
1061 786 21
1060 786 27
1060 787 20
1059 788 19
1059 788 19
1058 789 17
1058 789 17
1057 789 21
1056 790 17
1055 790 20
1054 791 15
1054 791 15
1053 791 18
1053 791 18
1052 792 14
1052 792 14
1051 792 17
1051 792 17
1050 793 14
1050 793 14
1049 793 19
1048 794 16
1048 794 16
1047 794 19
1047 794 19
1046 794 25
1046 795 19
1045 795 26
1045 796 21
1044 796 28
1044 796 28
1044 796 28
1044 797 23
1043 797 32
1043 798 27
1043 798 27
1042 798 35
1042 799 30
1042 799 30
1041 800 30
1041 800 30
1041 800 30
1040 801 30
1040 801 30
1040 802 24
1039 802 29
1039 802 29
1039 803 23
1038 803 28
1038 804 23
1037 804 30
1037 804 30
1037 805 24
1036 806 25
1036 806 25
1036 807 22
1036 807 22
1036 807 22
1035 807 30
1035 808 26
1035 808 26
1035 808 26
1035 809 23
1035 810 21
1035 810 21
1035 810 21
1034 811 28
1034 811 28
1034 812 28
1034 812 28
1034 812 28
1034 813 28
1034 813 28
1034 813 28
1034 814 28
1034 814 28
1034 814 28
1034 814 28
1034 815 28
1034 815 28
1034 815 28
1034 815 28
Stop
Start
1034 816 27
1034 816 27
1034 816 27
1034 816 27
1034 816 27
1034 817 25
1034 817 25
1034 817 25
1033 817 29
1033 817 29
1033 817 29
1032 818 28
1032 818 28
1032 818 28
1031 818 30
1031 818 30
1031 818 30
1030 818 32
1030 818 32
1030 818 32
1030 818 32
1029 819 30
1029 819 30
1029 819 30
1028 819 32
1028 819 32
1028 819 32
1027 819 34
1027 819 34
1026 820 34
1026 820 34
1026 820 34
1026 820 34
1026 821 32
1026 821 32
1026 822 32
1026 822 32
1026 822 32
1026 823 33
1026 823 33
1026 823 33
1027 824 32
1027 824 32
1027 824 32
1028 825 33
1028 825 33
1028 825 33
1028 825 33
1028 826 37
1029 826 34
1029 826 34
1030 826 31
1030 826 31
1031 826 29
1032 826 26
1032 827 32
1033 827 30
1033 827 30
1033 827 30
1034 827 28
1034 827 28
1035 827 28
1035 827 28
1036 827 29
1036 827 29
1037 827 31
1037 827 31
1038 827 34
1038 827 34
1039 826 32
1039 826 32
1040 826 35
1040 825 29
1041 825 32
1041 825 32
1041 825 32
1042 825 33
1042 825 33
1042 824 27
1042 824 27
1043 824 25
1043 825 31
1044 825 28
1044 825 28
1044 825 28
1045 825 26
1045 826 34
1046 826 31
1046 826 31
1046 826 31
1046 826 31
1047 826 29
1047 826 29
1048 826 28
1048 826 28
1049 826 27
1049 826 27
1050 826 27
1051 826 28
1051 826 28
1052 826 29
1053 826 31
1054 826 33
1054 825 23
1055 825 25
1055 825 25
1056 825 27
1056 825 27
1056 825 27
1057 825 27
1058 825 27
1058 825 27
1059 825 27
1060 825 27
1061 826 36
1062 826 34
1062 826 34
1063 826 33
1063 826 33
1064 826 31
1064 827 42
1065 827 40
1066 827 39
1066 827 39
1067 827 38
1068 827 39
1069 827 39
1070 827 40
1070 827 40
1072 827 43
1072 826 34
1073 826 35
1074 826 37
1076 825 28
1077 825 29
1077 824 21
1077 824 21
1078 824 23
1079 824 25
1080 824 26
1080 824 26
1081 824 28
1082 824 31
1082 824 31
1083 824 34
1084 824 36
1085 824 38
1086 823 30
1086 823 30
1086 823 30
1087 823 30
1089 823 32
1090 823 33
1090 822 24
1091 822 24
1092 822 25
1093 822 27
1094 822 29
1094 822 29
1095 822 31
1096 822 34
1096 822 34
1097 822 35
1098 821 27
1098 821 27
1099 821 27
1101 821 28
1102 820 20
1102 820 20
1102 820 20
1103 820 19
1103 820 19
1104 820 18
1105 820 17
1106 820 15
1106 820 15
1106 820 15
1107 820 13
1107 821 19
1108 821 17
1108 821 17
1109 822 21
1110 822 17
1110 822 17
1110 822 17
1110 823 22
1110 823 22
1111 823 19
1111 823 19
1111 824 25
1111 824 25
1112 824 19
1112 824 19
1112 825 24
1113 826 24
1114 826 18
1114 826 18
1114 827 23
1114 827 23
1114 827 23
1115 827 17
1115 828 23
1116 829 23
1117 829 18
1118 830 20
1119 831 21
1119 831 21
1120 832 22
1120 832 22
1120 832 22
1120 832 22
1121 832 19
1121 833 26
1121 833 26
1122 833 22
1122 833 22
1122 834 28
1123 834 25
1123 834 25
1123 834 25
1124 834 24
1124 834 24
1125 834 23
1125 834 23
1126 834 22
1127 834 21
1128 834 19
1128 834 19
1128 834 19
1129 834 17
1129 835 22
1130 835 18
1130 835 18
1130 835 18
1130 836 22
1130 836 22
1131 836 18
1131 836 18
1131 837 23
1132 837 19
1132 837 19
1132 838 26
1132 838 26
1132 838 26
1133 838 23
1133 838 23
1133 839 29
1133 839 29
1134 839 27
1134 839 27
1134 840 36
1135 840 34
1135 840 34
1136 840 33
1136 840 33
1137 840 34
1138 840 33
1139 840 33
1140 840 31
1140 840 31
1141 840 29
1142 840 27
1143 840 25
1143 840 25
1144 840 23
1144 840 23
1145 840 24
1146 840 24
1147 840 23
1149 840 25
1150 840 24
1151 840 21
1152 840 19
1153 840 17
1154 840 15
1154 840 15
1155 841 22
1156 841 22
1157 841 21
1158 842 27
1159 842 26
1160 843 32
1161 843 31
1162 843 30
1162 843 30
1162 843 30
1163 843 29
1164 843 27
1165 843 26
1166 843 24
1167 843 23
1168 844 28
1168 844 28
1169 844 28
1170 844 28
1170 844 28
1171 844 29
1172 844 29
1173 844 30
1174 844 31
1174 844 31
1176 844 33
1177 844 34
1178 844 34
1178 844 34
1179 844 34
1180 844 32
1181 844 31
1181 844 31
1182 844 30
1183 844 29
1184 844 29
1184 844 29
1185 844 29
1186 844 29
1187 844 29
1187 844 29
1188 844 29
1190 844 31
1191 844 33
1191 844 33
1192 844 35
1192 844 35
1193 843 28
1193 843 28
1194 843 32
1194 843 32
1195 842 27
1195 842 27
1196 842 30
1196 842 30
1198 842 36
1198 841 28
1199 840 23
1200 840 25
1200 840 25
1201 840 26
1202 840 28
1202 839 21
1202 839 21
1203 839 21
1203 839 21
1204 838 15
1205 838 15
1205 838 15
1206 838 15
1206 838 15
1206 838 15
1207 838 15
1208 838 17
1208 838 17
1209 838 18
1209 838 18
1210 837 13
1211 837 15
1212 837 17
1213 837 20
1214 837 24
1214 836 18
1214 836 18
1215 836 20
1216 836 22
1216 836 22
1217 836 24
1218 835 18
1218 835 18
1219 835 19
1219 835 19
1220 835 20
1220 835 20
1221 835 21
1221 835 21
1221 834 15
1222 834 16
1223 834 17
1224 834 19
1224 834 19
1225 834 20
1226 834 22
1226 834 22
1226 834 22
1227 834 24
1227 833 16
1228 833 17
1229 833 19
1230 832 11
1230 832 11
1231 832 12
1232 832 13
1232 832 13
1232 832 13
1233 832 12
1234 832 12
1235 832 12
1236 832 12
1237 832 13
1237 832 13
1238 832 12
1238 832 12
1239 832 12
1240 832 12
1240 832 12
1242 832 7
1242 832 7
1243 832 5
1244 833 7
1244 833 7
1245 833 5
1245 833 5
1246 833 3
1246 834 7
1246 834 7
1247 834 5
1247 834 5
1247 834 5
1247 834 5
1248 834 3
1248 835 8
1249 835 7
1249 835 7
1250 836 10
1250 836 10
1250 836 10
1251 836 9
1251 836 9
1252 837 14
1252 837 14
1253 837 13
1254 838 16
1255 838 14
1256 838 12
1256 839 16
1256 839 16
1257 839 13
1257 839 13
1258 839 10
1258 839 10
1258 839 10
1259 839 7
1259 839 7
1260 839 5
1260 839 5
1261 839 4
1262 839 4
1262 839 4
1263 840 10
1263 840 10
1263 840 10
1263 840 10
1264 840 10
1264 840 10
1265 840 12
1265 840 12
1266 840 13
1266 840 13
1267 840 13
1267 840 13
1268 840 12
1269 840 11
1270 840 10
1271 840 9
1272 840 8
1272 840 8
1273 840 8
1274 841 14
1275 841 14
1276 841 15
1276 841 15
1277 841 16
1278 841 16
1279 841 16
1280 842 22
1280 842 22
1280 842 22
1281 842 21
1282 842 19
1282 842 19
1283 842 17
1284 842 16
1285 842 16
1286 842 17
1286 842 17
1286 842 17
1287 842 18
1288 842 21
1289 842 24
1290 842 27
1290 842 27
1290 842 27
1291 842 31
1291 841 24
1291 841 24
1292 841 28
1292 840 22
1292 839 18
1293 839 22
1293 838 17
1294 838 22
1294 837 16
1294 837 16
1294 836 11
1294 836 11
1295 835 10
1295 835 10
1296 835 14
1296 835 14
1296 835 14
1296 835 14
1297 834 17
1297 834 17
1297 834 17
1298 833 22
1298 832 20
1298 832 20
1298 832 20
1298 831 22
1298 831 22
1298 830 25
1298 830 25
1298 830 25
1297 829 22
1297 829 22
1296 828 22
1296 828 22
1295 828 18
1294 827 19
1294 827 19
1293 827 14
1293 827 14
1292 826 12
1292 826 12
1292 826 12
1292 826 12
1291 826 8
1291 825 10
1291 825 10
1290 825 6
1290 824 8
1290 824 8
1290 824 8
1290 823 9
1290 823 9
1290 823 9
1290 822 11
1290 822 11
1290 822 11
1290 822 11
1290 821 12
1290 821 12
1290 820 13
1290 820 13
1290 819 16
1290 818 18
1290 818 18
1290 817 20
1289 816 18
1289 816 18
1289 815 20
1289 814 21
1288 813 15
1288 813 15
1288 812 19
1288 812 19
1288 812 19
1288 811 23
1287 811 17
1287 810 22
1287 810 22
1287 810 22
1286 810 17
1286 809 23
1286 809 23
1285 808 22
1284 808 17
1284 808 17
1283 808 14
1283 807 22
1282 807 21
1281 807 19
1281 807 19
1280 806 25
1279 806 22
1279 806 22
1279 806 22
1278 806 20
1278 805 27
1277 805 23
1276 805 18
1276 805 18
1274 805 11
1274 805 11
1273 804 15
1272 804 14
1271 804 12
1270 804 11
1268 803 16
1268 803 16
1267 803 14
1267 802 22
1265 802 14
1264 802 12
1263 802 8
1262 801 11
1262 801 11
1262 801 11
1261 800 11
1260 800 9
1260 800 9
1260 800 9
1259 800 8
1259 800 8
1259 800 8
1258 799 10
1258 799 10
1258 799 10
1258 799 10
1257 798 12
1257 798 12
1257 798 12
1256 798 11
1256 797 13
1256 797 13
1255 796 13
1255 796 13
1255 796 13
1255 796 13
1255 795 15
1255 795 15
1254 794 15
1254 794 15
1254 794 15
1254 793 16
1254 792 17
1253 792 13
1253 791 13
1253 790 13
1253 790 13
1253 789 14
1253 789 14
1253 788 15
1253 788 15
1253 787 15
1253 786 16
1253 786 16
1253 785 16
1253 785 16
1253 785 16
1253 784 15
1253 784 15
1253 784 15
1253 783 13
1254 782 16
1254 782 16
1254 782 16
1254 781 13
1255 781 17
1255 780 14
1255 780 14
1256 780 19
1256 779 16
1256 779 16
1257 778 17
1257 778 17
1257 778 17
1258 777 17
1258 777 17
1258 777 17
1259 777 19
1259 777 19
1259 776 15
1259 776 15
1260 776 17
1260 776 17
1260 776 17
1261 775 12
1261 775 12
1262 775 13
1262 775 13
1262 774 8
1263 774 9
1264 774 13
1264 774 13
1264 774 13
1264 774 13
1265 774 16
1265 774 16
1266 773 14
1266 773 14
1266 773 14
1267 773 19
1267 772 13
1268 772 18
1268 772 18
1268 772 18
1268 772 18
1268 772 18
1268 772 18
1269 772 23
1269 771 17
1269 771 17
1269 771 17
1270 770 18
1270 770 18
1270 770 18
1270 770 18
1270 769 15
1270 769 15
1270 769 15
1271 768 18
1271 768 18
1271 768 18
1271 767 17
1271 766 15
1272 766 21
1272 765 20
1272 764 20
1272 764 20
1272 763 21
1272 762 24
1272 762 24
1272 761 27
1272 761 27
1272 761 27
1272 760 30
1272 760 30
1271 760 23
1271 760 23
1270 759 19
1270 758 23
1269 758 17
1269 757 21
1269 756 23
1268 756 16
1268 755 19
1267 754 16
1267 753 17
1267 752 17
1266 752 14
1266 751 13
1266 750 13
1266 750 13
1266 749 13
1266 748 15
1265 747 13
1265 747 13
1265 746 17
1265 746 17
1265 745 21
1264 744 23
1264 743 24
1264 742 28
1263 742 24
1263 741 26
1262 741 24
1262 740 25
1262 739 26
1261 739 23
1261 738 24
1261 738 24
1260 737 23
1260 736 25
1260 736 25
1259 735 25
1259 734 27
1258 733 26
1258 733 26
1258 732 28
1258 732 28
1258 731 29
1258 731 29
1257 730 24
1257 730 24
1257 730 24
1257 729 25
1257 729 25
1257 728 26
1257 728 26
1256 728 18
1256 727 19
1256 727 19
1256 727 19
1256 726 21
1255 725 19
1255 725 19
1255 724 23
1255 724 23
1254 723 23
1254 723 23
1254 722 27
1253 722 21
1253 721 25
1253 720 29
1253 720 29
1252 720 25
1252 719 29
1252 719 29
1251 718 27
1251 718 27
1251 718 27
1250 717 26
1250 717 26
1250 716 31
1250 716 31
1249 716 24
1249 716 24
1249 715 29
1249 715 29
1248 714 27
1248 714 27
1248 714 27
1248 714 27
1247 714 20
1247 714 20
1247 713 26
1246 713 20
1246 713 20
1246 712 25
1245 712 20
1245 712 20
1245 712 20
1244 712 17
1244 711 22
1244 711 22
1244 711 22
1243 711 17
1243 711 17
1243 710 22
1242 710 19
1242 710 19
1242 710 19
1242 710 19
1242 709 24
1241 709 20
1241 709 20
1241 709 20
1241 708 25
1241 708 25
1241 708 25
1241 708 25
Stop
Start
1241 707 30
1241 707 30
1241 706 36
1240 706 29
1240 705 34
1239 704 32
1238 703 32
1237 702 33
1237 702 33
1236 702 28
1236 701 35
1235 701 29
1234 700 29
1233 700 23
1233 699 28
1232 698 25
1232 698 25
1231 698 19
1230 697 20
1230 697 20
1229 696 20
1228 696 17
1227 695 19
1226 694 24
1225 693 28
1224 692 28
1223 692 25
1222 691 26
1221 690 25
1221 690 25
1220 690 20
1220 689 26
1220 689 26
1219 689 21
1218 688 23
1218 688 23
1217 687 27
1216 686 30
1215 685 33
1213 684 30
1212 684 27
1212 683 31
1211 683 29
1211 683 29
1211 682 33
1211 682 33
1210 682 29
1210 682 29
1209 682 25
1209 681 29
1208 681 26
1208 681 26
1207 680 28
1207 680 28
1206 679 32
1206 679 32
1206 679 32
1205 679 32
1205 679 32
1205 679 32
1205 679 32
1204 679 32
1204 679 32
Stop
Start
1243 478 22
1243 479 23
1243 479 23
1243 479 23
1243 480 23
1243 480 23
1243 480 23
1243 481 23
1243 481 23
1243 482 24
1243 482 24
1242 483 19
1242 484 20
1242 484 20
1242 485 20
1242 485 20
1242 485 20
1241 486 16
1241 486 16
1241 487 17
1240 487 14
1240 488 14
1240 489 15
1240 489 15
1239 490 13
1239 491 14
1239 492 16
1238 492 16
1238 494 18
1238 494 18
1238 495 18
1238 496 18
1238 497 20
1238 497 20
1238 498 21
1238 498 21
1238 499 22
1238 499 22
1237 500 18
1237 500 18
1237 501 19
1237 502 21
1237 502 21
1237 503 22
1237 504 23
1237 504 23
1237 505 24
1236 506 20
1236 506 20
1236 506 20
1236 507 21
1236 507 21
1236 508 23
1236 508 23
1236 509 23
1236 510 24
1236 511 24
1236 512 25
1236 513 26
1235 513 21
1235 514 22
1235 515 23
1235 515 23
1235 516 23
1235 516 23
1235 517 25
1235 518 26
1235 519 27
1235 520 28
1235 520 28
1235 521 30
1235 522 32
1235 523 34
1235 523 34
1235 524 36
1234 524 30
1234 525 33
1234 525 33
1234 526 35
1234 526 35
1234 527 38
1234 527 38
1233 528 37
1233 529 37
1233 529 37
1233 529 37
1233 529 37
1232 529 33
1232 530 33
1232 530 33
1231 531 31
1230 531 29
1230 532 29
1230 532 29
1229 532 26
1229 533 27
1229 533 27
1228 534 27
1228 534 27
1228 534 27
1227 534 25
1227 535 27
1226 535 24
1226 536 26
1226 536 26
1225 536 23
1225 537 25
1224 537 22
1224 538 23
1223 538 20
1223 538 20
1222 538 17
1222 539 19
1222 539 19
1221 540 18
1221 540 18
1220 540 15
1219 541 16
1219 541 16
1218 541 15
1218 542 18
1218 542 18
1217 543 20
1216 543 19
1216 544 22
1215 544 20
1215 545 23
1214 545 20
1214 545 20
1214 546 23
1213 546 19
1213 546 19
1212 547 19
1212 548 22
1212 548 22
1212 548 22
1211 549 22
1211 549 22
1210 550 22
1210 550 22
1210 551 26
1209 552 26
1209 552 26
1208 553 25
1208 553 25
1208 554 28
1207 554 24
1207 555 27
1206 555 23
1206 555 23
1206 556 26
1206 556 26
1206 556 26
1205 556 21
1205 557 24
1204 557 21
1204 557 21
1204 558 25
1204 558 25
1203 558 22
1202 558 20
1202 558 20
1201 559 23
1201 559 23
1200 559 23
1200 559 23
1200 559 23
1199 560 30
1198 560 29
1197 560 29
1196 560 28
1196 560 28
1195 561 32
1195 561 32
1194 561 31
1193 561 31
1192 561 31
1192 561 31
1191 561 31
1190 561 31
1190 561 31
1189 561 31
1188 561 31
1187 561 30
1186 561 29
1186 561 29
1186 561 29
1185 561 29
1185 561 29
1184 561 28
1184 561 28
1183 561 28
1182 561 28
1181 561 29
1180 561 30
1180 561 30
1179 561 32
1178 560 28
1177 560 30
1176 559 27
1175 559 30
1175 558 26
1173 557 26
1172 557 28
1171 556 25
1170 556 26
1169 555 23
1168 555 23
1167 554 20
1167 554 20
1166 554 20
1165 554 21
1165 554 21
1164 554 21
1163 554 22
1163 554 22
1162 554 22
1161 554 22
1160 554 22
1159 554 21
1159 554 21
1158 554 22
1157 554 23
1156 554 24
1156 554 24
1156 555 27
1156 555 27
1155 555 27
1154 555 27
1154 555 27
1154 555 27
1153 555 26
1152 555 24
1151 555 24
1150 555 23
1149 555 24
1148 555 26
1148 555 26
1147 555 28
1147 555 28
1146 555 28
1145 554 27
1144 554 27
1144 554 27
1142 553 24
1142 553 24
1140 552 24
1139 552 26
1136 551 32
1135 550 28
1133 549 26
1132 549 28
1132 548 23
1131 548 27
1130 548 31
1130 547 26
1130 547 26
1129 547 29
1128 547 32
1127 546 31
1126 546 33
1125 546 36
1125 545 33
1123 544 36
1122 544 38
1121 543 37
1120 543 37
1119 542 33
1119 542 33
1118 541 30
1118 541 30
1117 541 34
1117 541 34
1117 540 30
1116 540 35
1116 540 35
1115 539 35
1114 538 35
1114 537 31
1113 536 30
1112 536 32
1112 535 29
1111 534 28
1111 533 25
1110 532 28
1110 531 26
1110 531 26
1109 530 30
1109 530 30
1109 529 29
1108 528 32
1108 527 32
1108 527 32
1108 526 32
1108 526 32
1108 525 33
1108 524 35
1108 524 35
1108 523 36
1108 522 38
1108 521 40
1108 521 40
1108 520 41
1108 519 42
1108 518 41
1108 518 41
1108 516 39
1108 516 39
1108 514 36
1109 513 31
1109 512 30
1109 511 29
1109 510 28
1109 509 27
1109 508 27
1109 507 28
1109 506 29
1109 504 29
1109 503 29
1109 502 30
1109 501 31
1109 500 32
1109 499 33
1109 498 34
1109 497 35
1109 496 35
1109 495 35
1109 494 35
1109 493 34
1109 492 33
1109 491 33
1109 490 32
1109 489 32
1109 487 32
1109 486 32
1110 485 27
1110 484 28
1110 482 27
1110 481 28
1110 480 28
1110 479 29
1110 477 29
1110 476 30
1110 474 31
1110 473 31
1110 472 32
1110 471 32
1110 469 32
1110 468 32
1110 467 32
1110 466 33
1110 466 33
1110 465 33
1110 464 34
1110 463 34
1110 463 34
1110 462 34
1110 461 34
1110 460 34
1110 459 33
1110 458 33
1110 457 32
1110 456 32
1110 455 31
1110 454 31
1110 453 30
1110 452 29
1110 451 30
1110 450 32
1110 449 33
1110 449 33
1110 448 35
1110 447 37
1110 446 39
1110 446 39
1110 445 40
1110 444 39
1110 444 39
1110 443 38
1110 442 37
1110 442 37
1111 441 29
1111 441 29
1111 440 28
1111 440 28
1112 439 23
1112 438 23
1112 438 23
1112 437 24
1112 436 26
1113 435 23
1113 434 24
1113 433 26
1114 432 23
1114 431 26
1114 430 27
1114 429 29
1114 429 29
1114 428 30
1115 428 24
1115 427 24
1115 426 24
1115 426 24
1115 425 23
1115 424 23
1115 424 23
1115 423 23
1115 422 23
1115 422 23
1115 421 24
1115 420 25
1115 420 25
1115 419 27
1115 419 27
1115 418 28
1115 418 28
1115 417 29
1115 416 30
1115 416 30
1115 416 30
1115 415 30
1115 415 30
1115 414 30
1115 414 30
1115 414 30
1115 414 30
Stop
Start
1115 414 30
1115 414 30
1115 414 30
1116 413 24
1116 412 25
1116 412 25
1117 411 21
1117 411 21
1117 410 24
1117 410 24
1118 409 22
1118 408 24
1118 408 24
1118 407 27
1118 406 28
1119 405 24
1119 405 24
1119 404 24
1120 403 18
1120 402 19
1120 401 21
1120 400 23
1121 399 22
1121 398 25
1121 397 29
1122 396 25
1122 394 28
1122 393 29
1123 392 25
1123 391 26
1123 390 26
1124 390 23
1124 389 24
1124 388 25
1125 387 25
1125 386 27
1126 385 26
1126 384 29
1126 383 31
1126 383 31
1127 381 32
1127 380 35
1128 380 29
1128 379 32
1129 378 28
1129 377 30
1129 376 33
1130 375 29
1130 374 33
1131 374 27
1131 373 31
1132 372 30
1132 372 30
1132 372 30
1133 371 31
1133 371 31
1134 370 33
1134 370 33
1135 370 30
1136 370 28
1137 369 32
1137 369 32
1138 368 35
1139 368 32
1140 368 29
1141 367 31
1142 366 35
1142 366 35
1143 366 33
1143 366 33
1144 365 38
1144 365 38
1146 365 34
1147 364 38
1148 364 34
1149 364 30
1151 364 19
1152 363 25
1153 363 22
1154 363 20
1155 363 21
1156 363 23
1158 363 26
1159 363 27
1161 364 19
1163 364 19
1164 364 18
1164 364 18
1165 364 18
1166 364 17
1166 364 17
1167 364 17
1168 365 11
1170 365 15
1171 365 17
1172 365 19
1173 365 20
1174 365 22
1175 364 30
1177 364 29
1178 364 28
1179 364 27
1180 363 35
1181 363 34
1182 363 33
1183 363 33
1183 363 33
1185 363 34
1186 363 36
1188 363 41
1189 363 45
1190 364 42
1191 365 38
1192 365 41
1193 366 34
1193 366 34
1194 366 35
1194 366 35
1194 366 35
1195 367 29
1196 367 31
1197 367 33
1198 368 27
1199 368 27
1200 368 25
1200 368 25
1201 368 24
1202 369 13
1203 369 10
1203 369 10
1204 368 16
1204 368 16
1206 368 14
1206 368 14
1207 368 14
1207 367 21
1207 367 21
1208 367 22
1209 367 23
1210 367 25
1211 367 26
1211 367 26
1212 367 27
1213 367 28
1214 367 28
1215 367 28
1216 367 27
1217 367 26
1218 367 25
1219 367 24
1219 367 24
1220 367 24
1221 367 25
1222 367 26
1222 367 26
1223 367 26
1224 367 26
1224 367 26
1225 367 25
1225 367 25
1226 367 25
1226 367 25
1227 368 21
1228 368 22
1228 368 22
1229 368 24
1230 368 27
1230 368 27
1232 369 28
1232 369 28
1233 369 31
1234 370 27
1234 370 27
1235 370 29
1236 371 27
1236 371 27
1237 372 25
1237 372 25
1237 372 25
1238 372 30
1238 373 25
1238 373 25
1238 373 25
1238 374 21
1239 374 27
1239 374 27
1239 375 24
1239 376 20
1240 376 27
1240 377 24
1240 378 22
1241 379 24
1241 379 24
1241 380 21
1242 380 26
1242 381 23
1242 381 23
1242 382 19
1242 382 19
1243 383 20
1243 383 20
1243 384 17
1244 384 22
1244 385 19
1244 385 19
1244 386 17
1244 387 16
1245 388 19
1246 389 24
1246 390 24
1246 390 24
1247 392 28
1247 393 27
1248 394 32
1248 395 31
1248 396 29
1249 397 32
1249 397 32
1249 398 30
1249 399 29
1250 400 32
1250 401 32
1250 402 30
1250 402 30
1250 403 28
1250 404 27
1250 405 27
1250 405 27
1250 406 26
1250 407 25
1250 408 25
1250 408 25
1250 409 25
1250 410 24
1250 411 23
1250 412 22
1250 412 22
1250 413 21
1250 413 21
1250 414 21
1250 414 21
1250 415 20
1250 416 20
1250 417 20
1250 417 20
1250 418 20
1250 419 20
1250 420 19
1250 420 19
1250 422 19
1250 422 19
1250 423 19
1250 424 19
1251 425 24
1251 426 24
1251 426 24
1251 428 25
1251 428 25
1251 429 25
1251 430 26
1251 431 26
1251 432 28
1251 433 29
1251 433 29
1251 434 31
1251 435 32
1251 436 34
1251 436 34
1251 436 34
1251 437 35
1251 437 35
1251 438 35
1251 438 35
1251 438 35
1251 439 35
1251 440 36
1251 441 36
1251 442 35
1250 443 30
1250 443 30
1250 444 30
1250 444 30
1250 444 30
1250 444 30
1250 445 29
1250 446 29
1249 447 22
1249 447 22
1248 448 18
1248 448 18
1248 449 21
1248 450 24
1248 450 24
1248 451 27
1247 451 21
1247 452 22
1247 452 22
1247 453 24
1247 454 25
1247 454 25
1247 455 26
1247 456 26
1247 457 26
1247 457 26
1247 458 27
1247 458 27
1247 458 27
1247 459 27
1247 459 27
1247 460 27
1247 460 27
1246 461 20
1246 462 21
1246 462 21
1246 463 22
1246 463 22
1246 463 22
1245 464 18
1245 465 19
1245 465 19
1245 466 20
1244 466 15
1244 467 16
1244 468 18
1244 468 18
1244 468 18
1244 469 19
1244 469 19
1243 469 17
1243 470 19
1243 470 19
1243 471 20
1243 471 20
1243 472 21
1243 472 21
1243 472 21
1243 473 23
1243 473 23
1243 473 23
1243 474 23
1243 474 23
1243 474 23
1243 474 23
1243 475 23
1243 475 23
1243 475 23
1243 475 23
1243 476 24
1243 476 24
1243 476 24
1243 477 23
1243 477 23
1243 477 23
1243 477 23
1243 478 22
1243 478 22
Stop
Start
1032 408 37
1032 408 37
1032 408 37
1031 408 36
1031 408 36
1030 409 34
1030 409 34
1030 409 34
1029 410 34
1028 410 39
1028 410 39
1028 410 39
1027 411 39
1027 411 39
1026 412 37
1025 412 41
1025 412 41
1024 413 41
1023 413 45
1022 414 45
1022 415 41
1022 415 41
1021 416 40
1021 417 37
1021 417 37
1021 418 34
1021 418 34
1020 418 38
1020 419 35
1020 420 33
1020 420 33
1020 420 33
1020 421 32
1019 422 35
1019 423 33
1019 423 33
1019 424 30
1018 424 34
1018 424 34
1018 425 32
1017 426 33
1017 426 33
1016 427 33
1015 427 38
1015 428 33
1014 429 37
1014 429 37
1013 430 38
1013 430 38
1012 431 39
1012 432 37
1012 432 37
1011 433 38
1011 434 36
1011 435 34
1011 436 32
1010 436 37
1010 437 35
1010 438 34
1010 438 34
1010 438 34
1010 439 34
1010 440 32
1010 440 32
1010 441 32
1010 442 31
1009 443 36
1009 443 36
1009 443 36
1009 444 35
1009 444 35
1009 445 34
1009 445 34
1009 446 33
1010 446 29
1010 447 29
1010 447 29
1010 448 30
1010 448 30
1010 449 31
1010 449 31
1010 449 31
1011 450 32
1011 450 32
1011 450 32
1011 450 32
1012 451 34
1012 451 34
1013 451 33
1014 452 35
1014 452 35
1014 452 35
1015 452 36
1015 452 36
1015 451 32
1016 451 31
1016 451 31
1017 450 28
1017 450 28
1017 449 25
1018 449 26
1018 448 23
1018 448 23
1018 448 23
1018 447 21
1019 447 22
1019 446 20
1019 446 20
1020 445 19
1020 445 19
1020 445 19
1021 444 19
1021 444 19
1022 444 22
1022 443 19
1022 443 19
1023 442 20
1023 442 20
1023 441 19
1024 441 22
1024 440 20
1024 439 21
1024 438 22
1025 438 23
1025 437 23
1025 436 23
1025 435 23
1025 434 24
1025 434 24
1026 433 27
1026 432 28
1026 431 28
1026 430 28
1027 429 31
1027 428 30
1027 428 30
1028 427 31
1028 427 31
1028 426 30
1028 426 30
1029 425 31
1029 424 31
1030 424 34
1030 423 33
1031 423 36
1032 422 39
1032 421 37
1033 420 38
1033 420 38
1033 420 38
1034 419 41
1034 418 38
1034 418 38
1035 417 38
1035 416 36
1035 416 36
1035 415 33
1035 414 31
1036 414 34
1036 413 35
1036 411 36
1036 410 40
1036 410 40
1036 410 40
1036 409 42
1036 409 42
1036 409 42
1036 409 42
1036 409 42
1035 409 39
1035 408 44
1035 408 44
1034 408 41
1034 408 41
1033 408 38
1033 408 38
1033 408 38
1033 408 38
1032 408 37
1032 408 37
Stop
