New Slice
Start
503 199 0
502 199 0
501 199 0
501 199 0
500 199 0
499 199 0
499 199 0
498 199 0
498 200 0
497 201 4
496 201 4
495 201 23
495 202 29
494 203 32
494 203 32
494 204 32
494 205 19
493 205 43
493 206 43
493 207 32
493 207 32
492 208 56
492 209 53
491 209 53
491 209 53
491 209 53
490 210 51
490 211 51
489 211 51
489 211 51
489 211 51
488 212 63
487 212 63
487 213 63
487 213 63
486 213 75
485 214 39
485 215 8
485 215 8
484 215 8
483 216 18
483 216 18
483 217 0
482 217 0
481 217 15
481 218 15
481 218 15
480 219 26
480 219 26
479 220 21
479 221 21
479 221 21
479 221 21
479 222 12
479 223 12
479 223 12
479 224 0
478 225 21
478 225 21
478 226 17
478 227 16
478 227 16
478 228 16
478 229 22
478 229 22
478 230 22
478 231 12
478 231 12
478 232 10
478 233 10
478 233 10
478 234 10
478 235 10
478 235 10
478 236 17
478 237 17
478 238 21
479 239 7
479 240 7
479 241 21
479 241 21
479 242 21
480 242 21
480 243 41
481 243 16
481 244 40
481 245 40
482 245 22
482 246 48
482 247 48
483 247 48
483 247 48
483 248 55
484 248 47
484 249 47
485 249 47
485 250 65
485 250 65
486 251 66
486 251 66
487 251 51
487 252 51
487 252 51
488 252 51
488 253 65
489 253 60
489 253 60
490 253 60
491 254 42
492 254 42
492 255 67
493 255 50
493 255 50
493 255 50
494 255 35
495 255 35
495 256 57
496 256 43
497 257 43
497 257 43
498 257 40
499 257 32
499 257 32
500 257 32
501 257 20
501 257 20
502 258 56
503 258 44
503 258 44
504 258 44
505 258 33
505 258 33
506 258 25
507 258 25
507 258 25
507 259 25
508 259 23
508 259 23
509 259 23
510 259 0
510 260 38
511 260 15
511 261 15
512 261 15
513 261 0
513 261 0
513 262 7
514 262 7
515 263 17
515 263 17
515 263 17
516 263 17
516 264 17
517 264 0
517 265 13
517 266 13
518 266 0
518 267 18
519 267 18
519 268 47
519 268 47
519 269 47
520 269 14
520 270 31
520 271 31
521 271 31
521 271 31
521 272 48
521 273 52
521 273 52
521 273 52
522 273 23
522 274 23
522 275 34
522 275 34
523 275 13
523 276 13
523 277 41
523 277 41
524 278 41
525 279 21
525 280 27
525 281 27
525 281 27
525 282 46
525 283 46
525 283 46
526 284 43
527 285 26
527 286 26
527 287 16
527 287 16
527 289 17
527 289 17
527 290 17
527 291 22
527 291 22
527 292 27
527 293 27
527 293 27
527 294 29
527 295 29
527 295 29
527 296 24
527 297 10
527 297 10
527 298 10
527 299 17
527 300 17
527 301 13
527 303 9
527 303 9
526 305 34
526 305 34
526 306 27
526 307 27
526 307 27
525 307 27
525 308 16
525 309 5
525 309 5
524 309 30
524 310 30
524 311 18
523 311 18
523 312 18
523 313 8
523 313 8
523 314 8
522 314 42
522 315 26
521 315 55
521 316 39
521 317 39
521 317 39
520 317 39
520 319 9
519 320 22
519 321 3
519 321 3
519 322 3
518 323 0
518 323 0
517 324 18
517 325 0
517 325 0
517 326 0
517 326 0
516 327 12
516 327 12
515 327 12
515 329 0
514 329 15
514 329 15
513 330 0
512 331 17
511 331 17
511 331 17
510 331 37
509 332 32
509 332 32
508 333 0
507 333 12
506 333 12
505 333 40
505 333 40
504 333 56
503 333 56
503 333 56
502 334 63
501 334 63
500 334 72
500 335 44
499 335 44
499 335 44
498 335 50
497 335 52
497 335 52
496 335 52
495 335 45
495 335 45
494 335 45
493 335 37
493 335 37
492 335 22
491 335 22
491 335 22
490 335 6
489 335 6
489 335 6
487 335 0
487 334 26
486 334 11
485 334 4
485 333 4
484 333 4
483 333 0
483 333 0
483 332 21
482 332 21
481 331 51
481 331 51
480 331 26
480 330 26
479 330 26
479 329 54
478 329 30
477 328 30
477 328 30
477 327 62
476 327 35
476 327 35
475 327 35
475 326 35
474 325 31
473 325 14
473 324 31
473 324 31
472 323 31
471 323 8
471 323 8
471 322 30
470 321 30
469 321 10
469 320 29
469 319 47
469 319 47
468 319 34
468 318 34
468 317 42
467 317 42
467 317 42
467 317 42
467 316 42
467 315 52
466 315 38
466 315 38
465 315 38
465 314 51
465 313 51
465 311 45
464 311 44
464 310 42
463 309 44
463 308 40
463 307 22
463 307 22
463 306 22
463 305 11
463 305 11
463 304 11
463 303 5
463 303 5
464 302 0
464 301 0
464 301 0
465 300 0
465 299 0
465 299 0
466 298 0
466 297 0
467 297 16
467 296 14
467 295 0
467 295 0
468 294 0
469 293 0
469 293 0
469 293 0
469 292 0
470 292 17
471 291 0
471 291 0
471 291 0
472 291 7
473 291 7
473 290 0
473 290 0
473 289 0
474 289 0
475 289 23
475 289 23
475 289 23
475 288 0
476 288 0
477 287 9
477 287 9
478 287 9
478 286 0
479 286 5
479 285 5
480 285 5
480 285 5
481 285 26
481 284 0
481 283 0
481 283 0
482 282 0
482 281 0
482 281 0
483 280 0
483 279 0
483 279 0
483 278 0
483 277 0
483 277 0
483 276 0
483 275 0
483 275 0
483 274 0
483 273 0
483 272 0
483 271 0
482 271 0
482 270 0
481 270 0
481 269 0
481 269 0
480 268 0
480 267 0
479 267 0
479 267 0
479 266 0
478 266 0
477 265 0
477 265 0
476 265 0
475 265 0
475 264 0
474 264 0
473 263 0
473 263 0
472 263 0
471 263 0
471 263 0
470 263 0
469 263 0
469 263 0
468 263 0
467 263 0
466 264 7
466 265 0
465 265 0
464 265 23
463 266 58
463 267 36
463 267 36
462 267 36
462 268 17
461 269 38
461 269 38
461 270 42
460 271 42
460 271 42
460 272 30
459 272 54
459 273 49
459 273 49
459 274 49
459 275 39
459 275 39
459 276 39
459 277 22
459 277 22
459 278 22
459 279 12
459 279 12
458 281 6
458 281 6
458 282 0
458 283 0
458 283 0
458 284 0
458 285 0
458 285 0
458 286 0
458 287 0
458 287 0
458 288 0
458 289 1
458 289 1
458 290 1
458 291 0
458 291 0
458 292 0
458 293 0
458 293 0
458 294 0
458 295 0
458 295 0
458 296 19
458 297 27
458 298 27
458 299 32
458 299 32
458 301 31
458 301 31
458 303 52
458 303 52
458 305 67
458 305 67
458 306 69
458 307 69
458 307 69
458 308 85
458 309 88
458 309 88
458 310 88
459 310 88
459 311 92
459 311 92
459 312 92
459 313 84
459 313 84
459 314 84
460 314 62
460 315 72
460 315 72
460 316 87
461 317 87
461 317 87
461 317 87
461 318 94
461 319 94
462 319 70
463 319 70
463 320 80
463 320 80
463 321 101
464 321 75
465 321 45
465 322 45
465 323 57
466 323 57
467 324 34
467 325 46
468 325 46
468 326 76
469 327 43
469 327 43
469 327 43
470 328 46
471 329 46
471 329 46
471 329 46
472 330 55
473 331 55
473 332 86
474 332 62
474 333 90
475 333 69
475 333 69
476 334 69
477 334 45
477 334 45
477 335 76
478 335 76
479 335 43
479 335 43
481 336 19
481 337 70
482 337 61
483 337 61
484 338 98
485 339 98
486 339 66
486 339 66
487 340 93
487 341 93
488 341 93
489 342 136
489 342 136
490 343 136
491 343 123
491 343 123
492 343 123
493 343 110
494 343 102
495 343 102
495 343 102
496 343 102
497 343 102
497 343 102
498 343 95
499 343 85
500 343 85
501 343 75
501 343 75
502 343 75
503 343 64
504 343 64
505 343 49
506 343 32
507 343 32
507 343 32
508 343 21
509 343 21
509 343 21
510 343 30
511 343 33
511 343 33
512 343 33
513 343 38
514 343 38
515 343 38
515 343 38
516 343 38
517 343 29
517 343 29
518 343 20
519 343 20
519 343 20
520 343 19
521 343 19
521 343 19
522 343 25
523 343 33
523 342 33
524 342 33
524 341 4
525 341 0
525 341 0
525 340 0
525 339 6
525 339 6
525 337 15
525 337 15
525 336 43
525 335 43
525 335 43
525 334 59
525 333 59
525 333 59
526 333 59
526 332 57
526 331 49
526 331 49
526 330 49
526 329 48
526 329 48
527 327 76
527 327 76
527 325 67
527 325 67
527 324 61
527 323 61
527 323 61
528 323 82
528 322 75
528 321 75
528 321 75
528 320 57
529 319 41
529 319 41
529 318 41
529 317 34
529 317 34
529 316 34
530 315 55
530 315 55
530 314 24
530 313 24
531 313 24
531 313 24
531 312 8
531 311 8
531 311 8
531 310 0
531 309 0
532 309 23
532 308 7
532 307 0
532 307 0
532 306 0
533 305 0
533 305 0
533 304 0
533 303 0
533 303 0
533 302 1
533 301 1
533 301 1
533 300 3
533 299 3
533 299 3
533 298 7
533 297 7
533 297 7
533 296 5
533 295 1
533 295 1
533 294 1
533 293 10
533 293 10
533 292 10
533 291 16
533 291 16
533 290 7
533 289 7
533 289 7
533 288 13
533 287 13
533 286 0
533 285 0
533 285 0
533 284 0
532 284 0
532 283 0
531 283 0
531 282 0
531 281 0
531 281 0
531 280 0
531 279 0
531 279 0
531 279 0
531 278 0
531 277 0
531 277 0
531 276 12
531 275 12
530 275 12
530 273 22
530 273 22
530 272 17
529 271 0
529 271 0
529 270 0
529 269 1
529 268 1
529 267 5
529 267 5
529 266 16
529 265 16
529 265 16
529 264 16
529 263 16
529 263 16
529 262 31
528 261 43
527 261 14
527 260 14
527 259 13
527 259 13
527 258 13
527 257 34
527 257 34
527 256 34
527 255 49
526 255 14
526 255 14
526 254 39
526 253 39
525 252 53
525 251 53
525 251 53
525 251 53
525 250 51
525 249 43
525 249 43
525 248 43
525 247 31
525 247 31
525 246 31
525 245 26
525 245 26
525 244 26
525 243 25
525 242 26
526 242 26
526 241 26
526 241 26
527 240 45
527 239 45
527 239 45
528 239 67
528 238 60
528 237 49
529 237 49
529 236 49
529 235 43
530 235 57
530 234 57
531 233 52
531 232 52
531 232 52
532 231 67
532 230 50
533 230 50
533 229 50
533 229 50
533 228 29
534 228 57
534 227 57
535 226 70
535 225 58
535 225 58
536 225 58
536 224 58
536 223 63
536 223 63
537 223 67
537 222 67
537 221 65
537 221 65
537 221 65
538 220 65
538 219 64
538 219 64
538 218 51
538 217 51
539 217 63
539 216 60
539 215 60
539 215 60
539 214 50
539 213 47
540 213 65
540 213 65
540 212 65
540 211 66
540 211 66
540 210 66
541 209 60
541 209 60
541 208 47
541 207 47
541 207 47
541 206 47
541 205 47
541 205 47
541 204 38
541 203 38
541 203 38
541 202 30
541 201 18
541 201 18
541 200 18
541 199 27
541 199 27
541 198 27
541 197 33
541 197 33
541 196 26
541 195 26
541 195 26
541 194 20
541 193 20
541 193 20
541 192 25
541 191 25
541 191 25
541 189 35
541 189 35
540 189 35
539 189 2
539 189 2
538 189 0
537 189 0
537 189 0
536 189 0
535 189 0
535 189 0
535 189 0
534 190 0
533 191 0
533 192 0
533 192 0
533 193 0
532 193 0
532 194 0
532 195 0
532 195 0
532 196 0
532 197 0
532 197 0
532 199 0
531 199 8
531 200 0
531 201 0
531 201 0
531 202 0
531 203 0
531 203 0
531 204 0
531 205 0
531 205 0
531 205 0
531 206 0
531 207 0
531 207 0
530 207 0
530 208 0
530 209 0
530 210 0
529 210 0
529 211 0
529 211 0
529 212 0
529 213 0
529 213 0
528 214 0
528 215 0
528 215 0
528 216 0
527 217 0
527 218 0
527 218 0
527 219 0
527 219 0
527 220 0
526 221 0
525 221 0
525 221 0
525 222 0
525 223 0
524 224 4
524 225 4
523 226 1
523 227 0
523 228 0
523 229 0
522 229 0
522 229 0
521 230 0
521 231 0
521 231 0
521 231 0
521 233 0
520 233 0
519 233 0
519 235 0
519 235 0
519 236 0
518 236 0
518 237 0
517 237 0
517 237 0
517 238 0
517 238 0
517 239 0
516 239 0
515 240 0
515 241 0
515 241 0
514 242 9
513 242 9
513 243 0
513 243 0
513 243 0
512 244 0
511 245 0
511 245 0
510 245 11
509 245 45
509 245 45
508 245 45
507 245 51
507 245 51
506 245 51
505 245 56
505 245 56
504 245 62
503 245 62
503 245 62
502 245 66
501 245 66
501 245 66
500 245 64
499 245 64
499 245 64
498 245 51
497 245 37
496 245 37
495 245 4
495 245 4
495 245 4
494 244 4
493 244 0
493 243 28
493 243 28
493 243 28
492 243 4
491 242 32
491 241 32
491 241 32
491 241 32
490 241 6
490 240 25
489 240 25
489 239 25
489 239 25
488 239 6
488 237 39
487 237 39
487 236 39
487 235 60
487 235 60
486 234 40
486 233 48
486 233 48
486 232 48
486 231 62
486 231 62
486 230 64
486 229 64
486 229 64
486 228 55
486 227 55
486 227 55
486 226 48
486 225 42
487 225 69
487 224 69
487 223 52
488 223 52
488 223 52
489 223 69
489 222 69
490 221 53
491 221 71
491 221 71
492 221 71
492 220 71
493 219 49
493 219 49
494 219 64
495 218 42
495 218 42
496 217 69
496 217 69
497 217 69
497 216 30
497 215 30
497 215 30
498 215 49
498 214 31
499 214 59
499 213 44
499 213 44
499 212 44
499 211 27
500 211 27
501 210 52
501 209 41
501 209 41
501 208 32
501 208 32
501 207 32
501 207 32
501 206 30
502 205 30
503 205 61
503 204 58
503 203 58
503 203 58
503 202 34
503 201 20
503 201 20
503 200 20
503 199 0
503 199 0
503 198 0
503 197 0
503 196 0
503 196 0
502 196 0
502 196 0
Stop
New Slice
Start
505 199 9
504 198 0
503 198 0
503 198 0
502 198 0
501 198 0
501 198 0
500 198 0
499 198 0
499 198 0
498 198 0
498 199 0
497 199 0
497 199 0
496 200 4
496 201 4
495 201 23
495 202 29
495 202 29
495 203 32
495 203 32
494 203 32
494 204 32
494 205 19
494 205 19
494 206 19
494 207 10
493 207 32
493 207 32
493 208 32
493 209 36
493 210 14
492 211 31
492 211 31
491 211 31
491 212 4
491 213 4
490 213 40
489 214 0
488 214 14
487 214 14
487 215 0
486 215 0
485 215 8
485 215 8
484 215 8
484 215 8
483 215 18
483 215 18
482 215 18
481 215 41
481 216 41
479 216 60
479 217 41
479 217 41
479 217 41
478 218 65
477 218 65
477 219 57
477 219 57
477 220 44
476 221 64
475 221 64
475 222 59
475 223 59
475 224 48
475 225 48
475 225 48
475 226 38
475 227 40
475 227 40
475 228 40
475 229 54
475 229 54
475 230 54
475 231 48
475 231 48
475 232 36
475 233 36
476 233 36
477 234 10
477 235 10
477 235 10
478 236 17
478 237 17
479 237 0
479 237 0
479 238 9
480 239 7
481 239 0
481 239 0
481 240 0
481 241 0
482 241 0
483 242 0
483 243 0
484 243 0
484 244 9
485 245 9
485 245 9
485 245 9
486 245 0
486 246 6
487 247 0
488 247 0
489 248 0
489 248 0
490 249 0
491 249 0
491 249 0
492 249 0
493 250 0
493 251 0
494 251 0
495 251 0
495 251 0
496 252 0
497 253 0
497 253 0
497 253 0
498 253 0
499 254 0
499 254 0
500 255 0
501 255 0
501 255 0
502 255 0
502 256 20
503 256 4
503 257 4
504 257 4
505 257 0
506 258 25
507 259 25
507 259 25
507 259 25
508 259 23
508 260 58
509 261 58
509 261 58
509 261 58
510 262 75
510 263 86
511 263 73
511 263 73
512 263 73
512 264 73
513 264 48
513 264 48
514 265 71
515 265 41
515 265 41
516 266 41
517 267 47
517 267 47
518 267 18
518 268 47
519 268 47
519 269 47
519 269 47
520 270 31
520 271 31
521 271 31
521 272 48
522 273 23
522 275 34
523 275 13
523 275 13
523 276 13
524 277 41
524 277 41
524 278 41
524 279 49
524 280 54
525 281 27
525 281 27
525 282 46
525 283 46
525 283 46
525 284 43
525 285 40
525 285 40
525 286 40
525 287 37
525 287 37
526 287 37
526 288 37
526 289 46
526 289 46
526 290 46
526 291 53
526 291 53
526 292 62
526 293 62
527 293 27
527 294 29
527 295 29
527 295 29
527 296 24
527 297 10
527 297 10
527 298 10
527 299 17
527 299 17
527 300 17
527 301 13
527 301 13
527 302 13
527 303 9
527 303 9
526 303 43
526 304 34
526 305 34
526 305 34
525 306 27
525 307 27
525 307 27
525 308 16
524 309 30
524 309 30
524 310 30
523 310 30
523 311 18
523 311 18
523 312 18
522 313 42
522 313 42
522 314 42
521 315 55
521 315 55
521 316 39
521 317 39
521 317 39
520 318 9
520 319 9
519 319 40
519 319 40
519 320 22
519 321 3
518 321 3
517 322 35
517 323 18
517 323 18
516 323 57
516 324 57
515 325 39
515 325 39
515 326 12
514 326 39
514 327 39
513 327 39
513 329 15
513 329 15
512 329 56
511 330 17
511 331 17
510 331 37
509 332 32
509 332 32
508 333 0
507 333 12
506 333 12
505 333 40
505 334 40
504 334 56
503 334 56
503 335 19
502 335 34
501 335 34
501 335 34
500 335 44
499 335 44
499 335 44
498 335 50
497 335 52
497 335 52
496 335 52
495 335 45
495 335 45
494 335 45
493 335 37
493 335 37
491 335 22
491 335 22
490 335 6
489 334 53
489 334 53
488 334 26
487 334 26
487 333 26
487 333 26
487 333 26
486 333 11
485 333 4
485 333 4
485 332 34
483 332 21
483 331 70
482 331 70
481 331 51
481 331 51
479 330 26
479 329 54
478 329 30
478 329 30
477 329 30
477 328 30
477 328 30
476 327 35
475 327 35
475 327 35
475 326 35
474 326 5
474 325 31
473 325 14
473 325 14
473 324 31
472 323 31
472 323 31
471 323 8
471 322 30
471 321 30
471 321 30
471 320 45
470 320 45
470 319 63
469 319 47
469 318 47
469 317 61
469 316 61
468 315 52
468 315 52
467 315 52
467 314 51
467 313 51
467 313 51
467 312 49
466 311 45
466 311 45
466 310 51
465 310 51
465 309 51
465 309 51
465 308 43
465 307 39
464 307 21
464 306 21
464 305 8
464 305 8
464 304 8
464 303 5
464 303 5
464 302 0
464 301 0
464 301 0
464 300 0
464 299 0
464 299 0
464 298 0
465 297 0
465 297 0
465 297 0
466 296 0
467 295 0
467 295 0
468 294 0
469 293 0
469 293 0
470 293 17
471 292 17
471 291 0
471 291 0
472 291 7
472 291 7
473 291 7
473 290 0
474 289 0
475 289 23
475 289 23
476 289 23
477 289 52
477 288 9
478 288 9
479 287 44
479 287 44
480 287 44
481 287 68
481 286 26
481 285 26
482 285 37
483 285 37
483 285 37
483 284 0
484 284 0
485 283 0
485 283 0
485 283 0
485 282 0
486 282 5
487 281 34
487 281 34
487 280 34
487 280 34
487 279 42
487 279 42
487 278 43
487 277 43
487 277 43
487 276 52
487 275 52
487 275 52
487 274 52
487 273 52
487 273 52
487 272 65
487 271 52
487 271 52
487 270 52
487 269 55
487 269 55
486 268 42
486 267 52
485 267 29
485 266 51
485 266 51
484 265 51
483 265 34
483 264 52
482 264 52
482 263 52
481 263 18
481 263 18
480 262 44
479 262 44
479 261 82
478 261 70
477 261 70
477 261 70
477 261 70
476 261 53
475 260 53
475 260 53
474 260 38
473 260 31
473 260 31
472 260 31
471 260 32
471 261 32
470 261 32
470 261 32
469 261 36
469 262 1
468 263 0
467 263 0
467 264 0
467 264 0
466 265 0
466 265 0
465 265 0
465 266 0
465 267 0
464 267 3
464 268 0
463 268 17
463 269 17
463 269 17
463 269 17
463 270 19
462 271 19
461 272 30
461 273 19
461 273 19
461 274 19
461 275 5
460 275 5
460 276 5
460 277 0
460 277 0
459 277 22
459 278 22
459 279 12
459 279 12
459 280 6
459 281 6
459 281 6
459 282 0
459 283 0
459 283 0
459 284 0
459 285 0
459 285 0
459 286 0
459 287 0
459 287 0
459 288 0
459 289 1
459 289 1
459 290 1
459 291 0
459 291 0
459 292 0
459 293 0
459 293 0
459 294 0
459 295 0
459 295 0
459 296 19
459 297 27
459 297 27
459 298 27
459 299 32
459 299 32
459 300 32
459 301 31
459 301 31
459 302 31
459 303 52
459 303 52
459 304 67
459 305 67
459 305 67
459 306 69
459 307 69
459 307 69
459 308 85
459 309 88
459 309 88
460 309 62
460 310 62
460 311 69
461 311 69
461 312 69
461 313 62
461 313 62
461 313 62
461 314 62
461 315 72
462 315 44
463 315 44
463 316 57
463 316 57
463 317 57
463 317 57
464 318 48
465 319 34
465 319 34
465 320 30
466 321 45
467 322 21
467 322 21
467 323 34
468 323 34
468 323 34
469 324 1
469 324 1
469 325 22
470 325 11
470 325 11
471 325 11
471 326 14
471 327 14
472 327 0
472 327 0
473 327 0
473 328 17
474 329 10
475 329 17
475 329 17
476 330 10
476 331 10
477 331 6
478 331 6
479 331 26
479 332 17
480 333 21
481 333 5
481 333 5
482 333 0
483 333 0
484 334 4
485 335 9
485 335 9
486 335 0
487 335 0
487 335 0
488 335 0
489 335 6
489 336 6
490 337 0
491 337 0
491 337 0
493 337 0
493 338 7
494 338 5
495 338 5
495 339 5
495 339 5
496 339 0
497 339 0
497 339 0
498 339 0
499 339 0
499 340 20
500 340 20
501 340 13
502 341 13
503 341 8
503 341 8
504 341 8
504 341 8
505 341 2
505 341 2
506 341 0
506 342 32
507 342 32
507 342 32
508 342 21
509 342 21
509 342 21
510 342 30
511 342 33
511 342 33
512 342 33
513 342 38
513 342 38
514 342 38
515 342 38
515 342 38
516 342 38
517 342 29
517 342 29
518 342 20
519 342 20
520 341 0
521 341 0
521 341 0
522 341 0
523 340 4
523 339 0
524 339 0
525 339 6
525 338 6
525 338 6
525 337 15
526 337 15
527 336 67
527 335 67
527 334 83
527 334 83
527 333 83
527 333 83
527 332 86
527 331 78
528 331 89
528 330 89
528 329 102
529 329 102
529 329 102
529 328 102
529 327 99
529 327 99
529 326 99
529 325 88
529 325 88
529 324 82
529 323 82
529 323 82
529 322 75
529 321 75
529 321 75
530 319 81
530 319 81
530 318 81
530 317 71
531 317 71
531 316 71
531 315 55
531 315 55
531 314 24
531 313 24
531 313 24
531 312 8
531 311 8
532 311 42
532 310 23
533 309 23
533 309 23
533 308 7
533 307 0
533 307 0
533 306 0
533 305 0
533 305 0
533 304 0
533 303 0
533 303 0
533 302 1
533 301 1
533 301 1
533 300 3
533 299 3
533 299 3
533 298 7
533 297 7
533 296 5
533 295 1
533 295 1
533 294 1
533 293 10
533 293 10
533 292 10
533 291 16
533 291 16
533 290 7
533 289 7
533 288 13
533 287 13
533 287 13
533 286 0
533 285 0
533 285 0
533 284 0
533 283 0
533 283 0
533 282 0
533 281 9
533 281 9
533 280 9
533 279 15
532 279 15
532 279 15
532 278 26
531 277 0
531 277 0
531 276 12
531 275 12
531 275 12
531 274 22
530 273 22
530 273 22
530 272 17
529 271 0
529 271 0
529 270 0
529 269 1
529 269 1
528 267 5
527 267 0
527 266 0
527 265 0
527 265 0
527 264 0
526 263 0
526 263 0
525 262 0
525 261 0
525 260 0
525 259 0
525 259 0
525 258 0
525 257 0
525 257 0
524 256 0
524 255 0
524 255 0
524 254 9
523 253 9
523 253 9
523 252 21
523 251 21
523 251 21
523 250 28
523 249 22
523 249 22
523 248 22
523 247 9
523 247 9
523 246 9
523 245 7
523 245 7
523 244 7
523 243 5
523 243 5
523 242 11
524 242 11
524 241 11
524 241 11
524 240 0
525 239 17
525 239 17
525 238 3
525 237 0
525 237 0
525 236 0
526 235 0
527 234 21
527 233 5
527 233 5
527 232 5
527 231 0
528 231 10
528 231 10
528 230 0
529 229 0
529 229 0
529 228 0
529 227 0
529 227 0
530 226 6
531 225 1
531 225 1
531 224 1
531 223 0
532 223 16
533 223 16
533 222 16
533 221 17
533 221 17
534 221 43
535 220 63
535 219 47
535 219 47
535 217 36
536 217 36
537 217 51
537 216 47
537 215 47
537 215 47
537 214 26
537 213 22
538 213 22
538 213 22
538 212 22
539 212 47
539 211 42
539 211 42
539 210 42
539 209 33
539 209 33
539 208 22
539 207 22
540 207 47
540 206 47
540 205 47
540 205 47
540 204 38
540 203 38
540 203 38
540 202 30
540 201 18
540 201 18
540 200 18
540 199 27
540 199 27
540 198 27
540 197 33
539 197 0
539 197 0
538 196 0
537 196 0
537 196 0
536 196 0
535 196 0
535 196 0
534 196 0
533 197 0
533 197 0
533 198 0
533 199 0
533 199 0
533 200 0
533 201 0
533 201 0
533 202 0
532 203 0
532 203 0
532 204 0
532 205 0
532 205 0
532 206 0
532 207 0
532 207 0
532 208 0
532 209 0
532 209 0
531 210 0
531 211 0
531 212 0
531 213 0
531 214 0
531 215 0
530 215 0
530 215 0
530 216 0
529 217 0
529 218 0
529 219 3
528 219 3
528 220 0
527 221 0
527 221 0
527 222 0
527 223 0
526 223 0
526 223 0
525 224 0
525 225 0
525 225 0
525 226 0
524 226 1
524 227 0
523 227 0
523 227 0
523 228 0
522 229 0
522 229 0
521 230 0
521 231 0
521 231 0
520 232 0
520 233 0
519 233 0
519 234 0
519 235 0
519 235 0
518 236 0
518 237 0
517 237 0
517 238 0
517 239 0
516 239 0
516 239 0
515 240 0
515 241 0
515 241 0
515 241 0
514 241 9
514 242 9
513 243 0
513 243 0
513 243 0
513 244 0
512 245 0
511 245 0
511 246 0
510 246 0
509 247 0
509 247 0
508 247 0
507 247 4
507 247 4
506 247 4
505 247 13
505 247 13
505 246 13
504 246 23
503 246 23
503 245 62
501 245 66
501 245 66
500 244 64
499 244 64
499 244 64
498 243 65
497 243 67
497 243 67
496 242 66
495 242 72
495 241 72
494 241 72
493 241 56
492 240 57
491 239 57
491 239 57
491 238 74
490 238 44
489 237 54
489 237 54
489 236 54
489 235 72
488 235 60
487 234 60
487 233 69
487 233 69
487 232 69
487 231 70
487 231 70
487 230 83
486 229 64
486 229 64
486 228 55
486 227 55
486 227 55
486 226 48
486 225 42
486 224 42
486 223 35
486 223 35
486 222 35
486 221 11
486 221 11
486 220 11
487 219 10
487 219 10
488 219 10
489 219 22
489 218 0
490 218 0
490 217 0
491 217 3
491 217 3
492 217 3
493 217 24
493 216 0
493 215 0
494 215 3
495 215 3
495 214 0
495 214 0
495 213 0
495 213 0
496 212 0
497 211 0
497 209 1
497 209 1
497 209 1
497 208 6
498 207 4
499 207 10
499 206 6
499 205 6
499 205 6
499 204 1
499 203 1
500 203 1
501 203 26
501 202 9
501 201 8
501 201 8
501 200 8
501 199 0
501 199 0
501 198 0
501 197 0
501 197 0
Stop
New Slice
Start
505 202 52
505 201 30
504 201 20
503 201 20
503 201 20
503 201 20
502 201 8
501 201 8
501 201 8
500 201 0
499 201 0
499 201 0
498 201 0
497 202 13
497 203 9
497 203 9
496 203 9
496 204 9
495 205 19
495 205 19
495 206 19
495 207 10
494 207 10
493 208 32
493 209 36
493 209 36
492 210 31
491 210 31
491 211 31
491 211 31
490 212 40
489 212 40
489 212 40
488 213 63
488 213 63
487 213 63
487 213 63
486 213 75
485 214 39
484 215 8
483 215 18
483 215 18
483 215 18
482 215 18
481 215 41
481 216 41
481 216 41
481 217 15
480 217 41
479 217 41
479 218 41
479 218 41
479 219 26
479 219 26
478 219 57
478 220 44
477 221 44
477 222 35
477 223 35
477 223 35
477 224 21
477 225 21
477 225 21
477 226 17
477 227 16
477 227 16
477 228 16
477 229 22
477 229 22
477 230 22
477 231 12
477 231 12
477 232 10
477 233 10
477 233 10
478 234 10
478 235 10
478 235 10
478 236 17
478 237 17
478 237 17
479 237 0
479 238 9
479 239 7
479 239 7
479 240 7
479 240 7
479 241 21
480 242 21
480 243 41
481 244 40
481 245 40
481 245 40
482 246 48
483 247 48
483 247 48
483 247 48
483 248 55
484 249 47
485 249 47
485 250 65
485 250 65
486 251 66
487 251 51
487 251 51
487 252 51
488 252 51
489 253 60
489 253 60
490 253 60
491 253 42
491 253 42
492 254 42
493 254 15
493 255 50
494 255 35
495 255 35
495 255 35
496 255 22
497 255 22
497 255 22
498 255 9
499 256 32
499 256 32
500 256 32
501 257 20
502 257 20
503 257 4
503 257 4
504 257 4
505 257 0
505 257 0
506 258 25
507 258 25
508 259 23
509 259 23
510 259 0
511 259 0
512 259 0
513 259 0
513 260 0
514 260 0
515 261 0
515 261 0
517 261 0
517 261 0
517 261 0
518 261 0
519 261 0
519 262 0
519 263 0
521 263 0
521 263 0
521 263 0
522 264 0
522 265 0
523 265 0
523 265 0
523 267 0
524 267 0
524 267 0
524 268 0
525 269 0
525 269 0
525 270 0
525 271 0
525 271 0
525 272 0
525 273 0
526 273 0
527 274 0
527 275 0
527 275 0
527 276 0
527 277 0
527 277 0
527 278 0
527 279 0
527 279 0
527 280 0
527 281 0
528 281 0
528 282 0
528 283 0
528 284 3
528 285 11
528 286 11
528 287 5
528 287 5
528 288 5
528 289 1
528 289 1
528 290 1
528 291 6
528 291 6
528 292 3
528 293 3
528 293 3
528 294 6
528 295 6
528 295 6
528 296 4
528 297 0
528 297 0
527 298 10
527 299 17
527 299 17
527 300 17
527 301 13
527 301 13
527 302 13
527 303 9
527 303 9
527 304 5
527 305 5
527 305 5
527 305 5
527 306 2
527 307 2
526 307 27
526 308 16
526 309 5
526 309 5
526 310 5
526 311 0
526 311 0
525 313 0
525 314 0
525 315 0
525 315 0
525 316 0
525 316 0
525 317 0
525 317 0
525 318 0
524 318 0
524 319 0
523 319 0
523 319 0
523 320 0
522 320 0
522 321 0
521 321 0
521 321 0
521 322 0
520 323 0
519 323 0
519 323 0
517 323 18
517 324 18
517 324 18
516 324 57
516 325 39
515 325 39
515 325 39
514 326 39
513 326 39
513 327 39
512 327 67
511 327 67
511 328 56
511 328 56
510 329 81
509 329 95
509 329 95
509 330 68
508 330 68
508 331 68
507 331 81
507 331 81
507 332 49
506 333 12
505 333 40
505 334 40
504 335 19
503 335 19
503 335 19
502 335 34
501 336 34
501 337 0
500 337 0
499 337 0
499 337 0
498 337 6
497 337 14
497 337 14
496 337 14
495 337 8
494 336 45
493 336 37
493 336 37
492 336 22
491 335 22
491 335 22
490 335 6
489 335 6
489 334 53
488 334 26
487 334 26
487 333 26
486 333 11
485 333 4
485 333 4
484 333 4
484 332 34
483 332 21
482 331 70
481 331 51
481 331 51
481 330 51
480 330 26
479 329 54
479 329 54
478 329 30
477 328 30
477 328 30
477 327 62
475 327 35
475 327 35
474 326 5
473 326 0
473 325 14
471 325 11
471 325 11
470 324 8
469 324 1
469 323 1
469 323 1
469 323 1
468 323 34
467 322 21
467 321 21
467 321 21
467 321 21
466 321 45
466 320 30
465 319 34
465 319 34
465 318 34
465 317 35
464 317 38
464 316 38
464 315 32
464 315 32
464 314 47
464 313 47
463 313 49
463 312 52
463 312 52
463 311 52
463 311 52
463 310 44
463 309 44
463 309 44
463 308 40
463 307 22
463 307 22
463 306 22
463 305 11
463 305 11
463 305 11
463 304 11
463 303 5
464 302 0
464 301 0
465 301 19
465 300 0
465 299 0
465 298 0
466 297 0
467 297 16
467 296 14
467 295 0
467 295 0
467 294 0
468 293 0
469 293 0
469 292 0
469 291 0
469 291 0
469 291 0
470 289 0
471 289 0
471 289 0
471 288 0
472 288 0
472 287 0
473 287 0
473 287 0
474 287 0
475 287 0
475 287 0
475 286 0
476 286 0
476 285 0
477 285 0
477 285 0
478 285 0
479 285 5
479 285 5
480 285 5
481 285 26
481 284 0
482 283 0
483 283 0
483 283 0
484 283 0
485 282 0
485 281 0
486 281 10
487 280 34
487 279 42
487 279 42
487 278 43
488 277 43
488 277 43
488 276 52
488 275 52
488 274 52
488 273 52
488 272 65
488 271 52
488 271 52
488 270 52
487 269 55
487 269 55
487 268 55
487 268 55
487 267 62
486 267 52
485 267 29
485 266 51
485 266 51
484 265 51
483 265 34
483 265 34
481 265 0
481 265 0
480 265 0
479 264 0
479 264 0
478 264 0
477 264 0
477 264 0
476 264 0
475 264 0
475 263 0
475 263 0
474 263 0
473 263 0
473 263 0
472 263 0
471 263 0
471 263 0
470 263 0
469 263 0
469 263 0
468 263 0
467 264 0
467 265 0
467 265 0
466 265 0
466 265 0
465 265 0
465 266 0
465 266 0
465 267 0
464 267 3
463 267 36
463 268 17
463 268 17
463 269 17
462 269 17
461 270 42
461 271 42
460 272 30
459 272 54
459 273 49
459 273 49
459 273 49
459 274 49
459 275 39
458 275 39
458 275 39
457 276 80
457 277 65
457 277 65
457 278 65
457 279 53
456 280 81
456 281 81
456 281 81
456 282 80
455 283 80
455 283 80
455 284 74
455 285 69
455 285 69
455 286 69
455 287 60
455 287 60
455 288 60
455 289 64
455 289 64
455 290 64
455 291 61
455 291 61
455 292 57
455 293 57
455 293 57
455 294 60
455 295 60
455 295 60
455 296 84
455 297 96
455 297 96
455 298 96
455 299 100
455 299 100
455 300 100
455 301 110
455 301 110
455 302 110
455 303 105
456 303 105
456 304 115
457 305 97
457 305 97
457 306 98
457 307 98
457 307 98
457 308 108
458 309 88
458 309 88
459 311 92
459 311 92
459 312 92
460 312 69
460 313 62
460 313 62
460 314 62
461 314 62
461 315 72
461 315 72
461 316 87
461 317 87
462 317 57
462 318 70
462 319 70
463 319 70
463 320 80
463 320 80
463 321 101
463 321 101
464 322 75
464 323 92
464 323 92
465 324 57
465 324 57
465 325 84
466 325 84
466 326 110
467 327 76
467 327 76
467 327 76
468 328 110
469 329 76
469 329 76
469 329 76
470 330 82
471 330 82
471 331 82
472 331 55
473 331 55
473 332 86
474 333 90
475 333 69
475 333 69
476 334 69
477 334 45
477 334 45
477 335 76
478 335 76
479 335 43
480 335 43
481 336 19
481 336 19
482 336 17
483 336 17
483 336 17
484 336 9
485 337 52
485 337 52
486 337 32
487 337 8
487 337 8
489 338 26
489 338 26
491 338 14
491 339 14
492 339 14
493 339 7
493 339 7
494 339 5
495 339 5
495 339 5
496 339 0
497 339 0
497 339 0
498 339 0
499 339 0
499 339 0
500 339 0
501 339 0
501 339 0
502 339 0
503 339 0
503 339 0
504 339 0
505 339 0
505 339 0
506 339 0
507 339 0
507 339 0
508 339 0
509 339 0
509 339 0
510 339 0
511 339 0
511 339 0
512 339 0
513 339 0
513 339 0
514 339 0
515 339 0
515 339 0
516 339 0
517 339 0
517 339 0
518 339 0
519 339 0
519 339 0
520 338 0
521 338 0
521 337 0
522 337 0
523 337 0
523 336 16
523 336 16
523 335 16
524 335 16
524 334 14
525 334 59
525 333 59
525 333 59
525 333 59
525 332 57
526 331 49
526 330 49
527 329 86
527 328 86
527 327 76
527 327 76
527 326 76
527 325 67
527 325 67
528 324 82
528 323 82
528 323 82
529 322 75
529 321 75
529 321 75
529 320 57
529 319 41
529 319 41
529 318 41
530 317 71
530 317 71
530 316 71
531 315 55
531 314 24
531 313 24
531 313 24
531 312 8
531 311 8
532 310 23
532 309 23
533 309 23
533 308 7
533 307 0
533 307 0
533 306 0
533 305 0
533 305 0
533 304 0
534 303 12
535 302 50
535 301 50
535 301 50
535 299 58
535 299 58
535 298 51
535 297 51
535 297 51
535 296 45
535 295 40
535 295 40
535 294 40
535 293 53
535 293 53
536 291 59
536 291 59
536 290 54
536 289 54
536 289 54
536 288 61
536 287 61
536 287 61
536 286 54
536 285 54
536 285 54
536 284 52
536 283 52
536 283 52
536 282 52
536 281 62
536 281 62
536 280 62
536 279 58
536 279 58
536 278 64
536 277 64
535 276 73
535 275 73
535 275 73
535 274 78
535 274 78
535 273 78
535 273 78
534 271 69
534 271 69
534 269 63
533 269 50
533 268 50
533 267 49
532 267 49
532 266 55
532 265 55
531 265 39
531 264 44
531 263 44
531 263 44
530 263 44
530 262 59
530 261 67
530 261 67
529 261 43
529 260 43
529 259 49
529 259 49
529 258 49
529 257 64
528 257 64
528 256 64
527 255 49
527 255 49
527 254 58
527 253 58
527 253 58
527 252 66
527 251 66
527 251 66
526 251 53
526 250 51
526 249 43
526 249 43
526 248 43
525 247 31
525 247 31
525 246 31
525 245 26
525 245 26
525 243 25
525 243 25
525 242 26
525 241 26
525 241 26
525 240 17
525 239 17
525 239 17
525 238 3
525 237 0
525 237 0
525 236 0
525 235 0
526 234 0
527 234 21
527 233 5
527 233 5
527 232 5
527 231 0
527 231 0
527 231 0
527 230 0
528 230 0
528 229 0
529 229 0
529 229 0
529 228 0
529 227 0
529 227 0
530 227 1
531 226 6
531 225 1
531 225 1
531 224 1
531 223 0
532 223 16
533 222 16
533 221 17
533 221 17
533 220 17
534 219 25
534 219 25
535 218 36
535 217 36
535 217 36
535 216 23
535 215 23
535 215 23
536 214 1
536 213 0
537 213 22
537 212 22
537 211 14
537 211 14
537 210 14
537 209 10
537 209 10
537 209 10
537 208 0
537 207 0
538 207 0
538 206 2
539 205 21
539 205 21
539 204 9
539 203 9
539 203 9
539 203 9
539 202 9
539 201 0
539 201 0
539 200 0
540 200 18
540 199 27
540 199 27
540 198 27
540 197 33
540 197 33
540 196 26
540 195 26
540 195 26
540 194 20
540 193 20
539 193 0
539 193 0
538 193 0
538 193 0
537 193 0
537 193 0
536 193 0
535 193 0
535 193 0
534 193 0
533 193 0
533 194 0
533 195 0
533 195 0
533 196 0
533 197 0
533 197 0
533 198 0
533 199 0
532 200 0
532 201 0
532 201 0
532 202 0
531 203 0
531 203 0
531 204 0
531 205 0
531 205 0
531 206 0
531 207 0
531 207 0
531 208 0
531 209 0
531 209 0
531 210 0
531 211 0
530 211 0
529 212 0
529 213 0
529 213 0
529 214 0
529 215 0
529 215 0
529 215 0
529 216 0
529 217 0
528 217 0
528 218 0
528 219 3
527 219 0
527 220 0
527 221 0
527 221 0
527 221 0
527 222 0
526 223 0
525 224 0
525 225 0
525 226 0
525 227 0
525 227 0
524 227 0
524 228 0
523 228 0
523 229 0
523 229 0
523 230 0
523 230 0
523 231 0
523 231 0
522 231 0
522 232 0
521 232 0
521 233 0
521 233 0
521 233 0
521 234 0
520 234 0
519 235 0
519 235 0
519 236 0
518 237 0
518 237 0
517 238 0
517 239 0
516 239 0
516 240 0
515 241 0
515 241 0
515 242 0
514 242 9
514 243 0
513 243 0
513 243 0
512 244 0
512 245 0
511 245 0
511 245 0
511 245 0
510 245 11
509 245 45
509 245 45
508 246 0
507 247 4
507 247 4
506 247 4
505 247 13
505 247 13
504 247 23
503 247 23
503 247 23
502 247 31
501 247 31
501 247 31
500 247 29
499 247 29
499 246 29
499 246 29
498 246 12
497 246 0
497 245 37
496 245 37
495 245 4
495 245 4
494 244 4
493 244 0
493 243 28
493 243 28
492 243 4
491 242 32
491 241 32
491 241 32
491 240 57
490 239 25
489 239 25
489 238 44
489 237 54
488 236 39
488 235 60
488 235 60
487 234 60
487 233 69
487 233 69
487 232 69
487 231 70
487 231 70
487 231 70
487 230 83
487 229 83
487 229 83
487 228 77
487 227 77
486 227 55
486 226 48
486 225 42
486 225 42
486 224 42
486 223 35
486 223 35
486 222 35
486 221 11
486 221 11
487 220 29
487 219 10
487 219 10
487 219 10
488 218 0
489 218 0
489 217 0
489 217 0
490 217 0
491 217 3
491 217 3
491 217 3
491 216 0
492 216 0
493 216 0
493 215 0
494 215 3
494 215 3
495 215 3
495 214 0
496 213 0
497 213 0
497 212 0
498 212 17
498 211 6
499 211 27
499 211 27
500 209 14
500 209 14
501 208 32
501 207 32
501 207 32
502 206 30
502 205 30
502 205 30
502 204 26
502 203 26
502 203 26
503 203 58
503 202 34
503 202 34
Stop
