New Slice
Start
592 305 12
591 305 0
591 305 0
590 305 0
589 305 1
589 305 1
588 305 1
587 305 8
587 304 8
586 304 20
585 304 20
585 304 20
584 304 28
583 304 28
583 303 9
582 303 19
581 303 28
581 303 28
580 302 4
579 302 20
579 301 20
578 301 20
578 301 20
577 301 33
576 300 8
575 299 22
574 299 34
573 299 34
573 298 18
572 298 26
572 297 26
571 297 26
570 296 22
569 295 12
569 295 12
568 295 12
567 295 20
567 294 20
567 294 20
567 293 3
566 293 3
565 293 10
565 293 10
565 292 10
564 292 10
563 291 5
563 291 5
563 291 5
562 290 0
562 289 0
561 289 0
561 289 0
561 288 0
560 287 0
560 287 0
559 286 0
559 285 0
559 285 0
559 285 0
558 285 0
558 284 0
558 283 0
557 283 0
557 282 0
557 281 0
556 281 0
556 280 0
556 279 0
555 279 0
555 279 0
555 278 0
555 277 0
554 277 0
554 277 0
554 276 0
553 275 0
553 275 0
553 274 0
552 273 0
552 273 0
552 272 0
551 271 2
551 271 2
551 270 2
551 269 1
550 269 7
550 268 7
550 267 14
550 267 14
550 266 11
549 266 11
549 265 11
549 265 11
549 264 4
549 263 4
549 263 4
549 262 6
549 261 5
549 260 5
549 259 8
549 258 8
549 257 11
549 257 11
549 256 11
549 255 11
549 255 11
549 254 11
549 253 11
549 253 11
549 252 11
549 251 11
549 251 11
549 250 11
549 249 17
549 249 17
549 248 17
549 247 14
549 247 14
549 246 14
549 246 14
549 245 20
549 245 20
549 244 20
549 243 12
549 243 12
549 242 11
549 241 11
549 241 11
549 240 13
549 239 13
549 239 13
549 238 13
549 237 13
549 237 13
549 236 13
549 235 19
549 235 19
549 234 19
549 233 24
549 233 24
549 233 24
549 232 24
550 231 21
551 231 11
551 231 11
552 231 2
553 231 2
553 231 2
554 231 0
555 231 0
555 231 0
555 231 0
556 232 0
557 232 0
557 233 0
558 233 0
559 233 0
559 234 0
559 234 0
560 235 0
561 235 0
561 235 0
561 236 0
562 237 0
563 237 0
563 237 0
564 238 0
565 239 0
565 239 0
566 239 0
566 240 0
567 240 0
567 241 0
567 241 0
568 241 0
568 242 0
569 242 0
569 243 0
569 243 0
570 243 0
570 244 0
571 245 0
571 245 0
571 246 0
572 247 0
573 247 0
573 248 0
573 249 0
574 249 0
574 250 0
575 250 0
575 251 0
575 251 0
575 252 0
576 252 0
577 253 0
577 253 0
578 254 0
578 255 0
579 255 0
579 255 0
580 255 2
580 256 0
581 257 0
581 257 0
581 257 0
582 257 3
583 258 18
583 259 18
584 259 18
585 260 17
585 261 17
586 261 17
587 262 18
587 263 10
588 263 10
589 264 10
590 265 11
591 265 11
591 266 11
591 266 11
591 267 0
592 267 2
593 268 0
593 269 0
593 269 0
594 270 0
595 271 0
595 271 0
595 272 0
595 273 0
595 273 0
596 274 0
597 275 0
597 275 0
597 276 0
597 277 0
597 277 0
597 278 0
597 279 0
597 279 0
597 280 0
598 281 0
598 281 0
599 282 0
599 283 0
599 284 0
599 285 4
599 285 4
599 286 4
599 287 8
599 287 8
599 288 8
599 289 4
599 289 4
599 290 4
599 291 9
599 291 9
599 292 8
599 293 8
599 293 8
599 294 15
599 295 15
599 295 15
599 296 14
599 297 20
599 297 20
598 298 11
597 299 19
597 300 19
597 300 19
596 301 6
596 301 6
595 302 6
595 303 11
594 303 4
594 304 17
593 304 17
593 305 17
593 305 17
593 305 17
Stop
New Slice
Start
589 303 0
588 303 0
587 303 0
587 303 0
586 303 0
585 303 0
585 302 0
584 302 0
584 301 0
583 301 0
583 301 0
582 301 0
581 301 4
580 300 0
579 300 2
579 299 2
577 299 8
577 299 8
576 299 8
575 298 7
575 298 7
574 297 18
573 297 18
573 297 18
572 297 26
571 296 17
571 296 17
570 295 7
569 295 12
569 295 12
569 294 12
568 294 12
567 294 20
567 293 3
567 293 3
566 293 3
566 292 3
565 292 10
565 291 0
564 291 0
563 291 5
563 290 0
563 290 0
562 289 0
561 289 0
561 289 0
561 288 0
560 288 0
560 287 0
559 287 0
559 287 0
559 286 0
558 286 0
558 285 0
557 285 10
557 285 10
557 285 10
557 283 0
556 283 0
556 283 0
556 282 0
555 281 0
555 280 0
555 279 0
554 279 0
554 278 0
553 277 0
553 277 0
553 276 0
553 275 0
552 274 0
552 273 0
551 273 0
551 273 0
551 272 0
551 271 2
550 271 6
550 271 6
550 270 6
549 269 7
549 269 7
549 268 7
549 267 14
549 267 14
549 266 11
549 265 11
549 265 11
549 264 4
549 263 4
549 263 4
549 262 6
549 261 5
549 261 5
549 260 5
549 259 8
549 259 8
549 258 8
549 257 11
549 256 11
549 255 11
549 255 11
549 254 11
549 253 11
549 253 11
549 252 11
549 251 11
549 251 11
549 250 11
549 249 17
549 249 17
549 248 17
549 247 14
549 247 14
549 246 14
549 245 20
549 245 20
549 244 20
549 243 12
549 243 12
549 242 11
549 241 11
549 241 11
549 240 13
549 239 13
549 239 13
549 238 13
549 237 13
549 237 13
549 236 13
549 235 19
549 234 19
549 233 24
549 233 24
549 232 24
549 231 21
549 231 21
549 230 26
550 229 26
551 229 22
551 228 17
551 228 17
552 227 14
553 227 14
553 227 14
553 227 14
553 226 17
554 226 24
555 226 24
555 226 24
557 226 37
557 227 26
558 227 36
559 227 37
559 228 37
559 229 30
560 229 30
561 229 29
561 230 29
561 231 21
562 231 21
563 232 11
563 232 11
563 233 11
564 234 18
565 235 18
565 236 3
565 237 3
566 237 11
566 238 0
567 238 0
567 239 0
567 239 0
568 240 0
569 241 0
569 241 0
569 241 0
570 242 0
571 243 0
571 243 0
571 243 0
572 243 0
572 244 0
573 245 1
573 245 1
574 245 1
574 246 0
575 247 1
575 247 1
576 247 14
576 248 0
577 248 0
577 249 0
577 249 0
578 250 12
579 250 12
579 251 5
579 251 5
580 252 16
581 252 16
581 253 9
581 253 9
581 253 9
581 254 9
582 254 13
582 255 6
583 255 8
583 256 11
584 256 11
584 257 11
585 257 17
585 258 22
585 258 22
585 259 22
585 259 22
586 260 17
587 261 21
587 261 21
587 262 18
587 263 10
588 265 7
588 265 7
589 265 7
589 266 7
589 267 0
589 267 0
589 268 0
589 269 0
590 269 0
590 270 0
590 271 0
590 271 0
591 273 0
591 274 0
591 275 0
591 275 0
591 276 0
591 277 0
592 277 0
592 277 0
592 278 0
592 279 0
592 279 0
592 280 0
593 280 0
593 281 0
593 281 0
593 282 0
593 283 0
593 283 0
593 284 0
594 284 0
594 285 0
594 285 0
594 286 0
594 287 0
595 287 0
595 288 0
595 289 0
595 289 0
595 290 0
595 291 0
596 291 0
596 292 0
596 293 0
596 293 0
597 295 5
597 295 5
597 296 7
597 297 11
597 297 11
597 298 11
597 299 19
596 299 6
595 300 6
595 301 6
594 301 0
593 302 0
593 303 4
593 303 4
592 303 0
592 303 0
591 303 0
591 303 0
590 304 0
589 304 1
589 304 1
Stop
New Slice
Start
593 307 24
592 307 28
591 307 26
591 306 26
591 305 0
591 305 0
590 305 0
589 304 1
589 303 0
588 303 0
587 303 0
587 302 0
587 302 0
586 301 0
585 301 0
585 301 0
583 300 0
583 300 0
582 299 0
581 299 0
581 299 0
580 299 0
580 298 0
579 298 0
579 298 0
578 297 0
577 297 0
577 297 0
576 297 0
575 296 0
575 296 0
574 295 0
573 295 0
573 294 0
572 294 0
571 294 0
571 293 0
571 293 0
570 293 0
570 293 0
569 292 0
568 291 0
567 291 0
567 291 0
566 290 0
565 290 0
565 289 0
565 289 0
564 289 0
563 289 0
563 288 0
563 288 0
561 287 0
561 287 0
560 287 0
559 286 0
559 285 0
558 285 0
557 285 10
557 284 0
557 283 0
556 283 0
555 281 0
554 281 0
553 280 0
553 279 0
553 279 0
553 279 0
552 277 0
552 277 0
551 276 3
551 275 3
551 275 3
551 274 0
551 273 0
550 273 6
550 272 5
550 271 6
549 271 6
549 270 6
549 269 7
549 269 7
549 268 7
549 267 14
549 267 14
549 266 11
549 265 11
549 265 11
549 264 4
549 263 4
549 263 4
549 262 6
549 261 5
549 261 5
549 260 5
549 259 8
549 259 8
549 258 8
549 257 11
549 256 11
549 255 11
549 255 11
549 254 11
549 253 11
549 253 11
549 252 11
549 251 11
549 251 11
549 250 11
549 249 17
549 249 17
549 248 17
550 247 14
550 246 14
550 245 20
550 245 20
550 244 20
550 243 12
550 243 12
550 242 11
551 241 7
551 241 7
551 240 3
551 239 3
551 239 3
551 238 0
551 237 0
551 237 0
551 236 0
551 235 0
552 234 0
552 233 0
552 233 0
552 232 0
552 231 2
552 231 2
553 231 2
553 231 2
554 231 0
555 231 0
555 231 0
556 231 2
557 231 2
557 231 2
558 231 9
559 231 16
559 232 0
560 233 0
561 233 0
561 234 0
562 235 0
563 235 10
563 236 0
564 236 3
564 237 3
564 237 3
565 237 3
565 238 0
565 238 0
566 239 0
567 240 0
567 241 0
567 241 0
568 242 0
568 243 0
569 243 0
569 243 0
569 243 0
569 244 0
570 244 0
571 245 0
571 245 0
571 245 0
572 246 0
573 246 0
573 247 0
573 247 0
573 248 0
574 248 0
575 248 0
575 249 0
575 249 0
576 249 0
577 250 0
577 251 0
577 251 0
578 251 5
578 252 5
579 252 5
579 253 0
580 253 9
580 254 9
581 254 9
581 255 2
582 255 6
582 256 3
583 256 11
583 257 11
583 257 11
584 257 11
584 258 18
585 259 22
585 260 17
586 260 17
586 261 17
587 261 21
587 261 21
587 262 18
588 262 11
588 263 10
588 263 10
589 264 10
589 265 7
590 265 11
590 266 11
591 267 0
591 267 0
591 268 0
592 268 0
592 269 0
593 270 0
593 271 0
594 272 0
594 273 0
594 273 0
595 273 0
595 274 0
595 275 0
595 275 0
595 276 0
596 276 0
596 277 0
596 278 0
597 279 0
597 279 0
597 280 0
597 281 0
597 281 0
597 281 0
597 282 0
597 283 0
598 283 0
598 284 0
598 285 0
598 286 0
599 286 4
599 287 8
599 287 8
599 289 4
599 289 4
599 290 4
600 291 5
600 291 5
600 292 15
600 293 15
600 293 15
600 294 20
600 295 20
600 296 18
600 297 24
600 297 24
600 298 24
600 299 30
600 299 30
599 300 27
599 301 25
599 301 25
598 302 18
598 303 18
597 303 18
597 303 18
596 303 11
595 304 22
595 305 22
594 305 17
593 305 17
593 305 17
Stop
Start
593 307 24
593 306 24
592 306 28
591 306 26
591 306 26
Stop
