501 305 8
500 305 0
499 305 0
499 305 0
498 305 0
497 306 21
497 307 21
496 307 21
495 307 19
495 307 19
495 307 19
494 307 19
493 307 9
493 307 9
492 307 3
491 307 3
490 308 21
489 308 21
489 309 29
489 309 29
488 309 21
487 309 21
487 309 21
487 309 21
487 310 21
486 310 10
485 310 0
485 310 0
485 311 19
484 311 19
483 311 10
483 311 10
482 311 10
481 311 8
480 311 9
480 310 0
479 310 0
479 310 0
478 310 4
478 309 4
477 309 4
477 309 4
477 309 4
476 309 17
476 308 0
475 307 0
475 307 0
474 307 2
474 306 2
473 305 1
473 305 1
473 305 1
473 304 1
472 304 1
472 303 0
472 303 0
471 302 1
471 301 1
471 301 1
471 300 2
471 299 2
471 299 2
471 298 0
471 297 0
471 297 0
471 296 0
471 295 5
471 295 5
471 294 5
471 293 3
471 293 3
471 292 3
471 291 8
471 291 8
472 290 8
472 289 8
473 289 8
473 288 22
473 287 22
473 287 22
473 286 35
473 285 35
473 285 35
473 284 36
474 283 32
474 283 32
475 282 13
475 281 18
475 281 18
475 280 18
475 279 25
475 279 25
475 279 25
475 278 26
475 277 26
476 277 26
476 276 33
476 275 33
477 275 28
477 275 28
477 274 22
477 273 22
477 273 22
477 272 27
477 271 32
477 271 32
477 270 32
477 269 26
477 269 26
477 268 26
477 267 26
477 267 26
478 267 26
478 266 23
478 265 23
479 265 34
479 265 34
479 264 28
479 263 28
479 263 28
479 262 27
479 261 23
479 261 23
480 260 23
480 259 32
480 259 32
481 259 15
481 258 15
481 257 25
481 257 25
481 256 25
481 255 28
481 255 28
482 255 0
482 254 4
483 253 4
483 253 4
483 253 4
483 252 18
484 252 10
485 252 10
485 251 10
486 251 7
486 251 7
487 251 15
487 250 37
488 249 37
489 249 28
489 248 28
489 247 21
489 247 21
490 246 21
490 245 15
490 244 15
490 243 2
490 243 2
490 242 0
490 241 0
491 241 0
491 240 0
491 239 0
491 239 0
492 238 0
492 237 9
492 237 9
493 236 0
493 235 0
493 235 0
493 235 0
493 234 0
494 233 0
494 233 0
494 232 0
494 231 0
494 231 0
494 230 2
494 229 2
494 229 2
494 228 0
494 227 0
494 227 0
495 226 3
495 225 2
495 225 2
495 224 2
495 223 7
495 223 7
495 222 7
495 221 3
495 221 3
495 220 3
495 219 0
495 219 0
495 218 0
494 218 0
494 217 0
494 217 0
494 216 0
493 215 3
493 215 3
493 214 0
493 213 0
493 213 0
493 212 0
493 211 0
492 211 3
492 211 3
492 209 0
491 209 0
491 208 0
491 207 0
491 207 0
490 206 0
490 205 0
490 205 0
490 204 0
490 203 0
490 203 0
490 202 0
490 201 0
489 201 0
489 201 0
489 200 0
489 199 0
489 199 0
489 198 0
489 197 0
489 197 0
489 196 0
488 195 5
488 195 5
488 194 3
488 193 3
488 193 3
488 192 1
488 191 1
488 191 1
488 190 0
488 189 1
488 189 1
488 188 1
488 187 0
488 187 0
488 186 0
488 185 4
488 185 4
488 184 14
488 183 14
488 183 14
488 182 25
488 181 25
489 181 0
489 181 0
489 180 3
489 179 3
489 179 3
489 179 3
489 178 11
489 177 13
489 177 13
489 176 13
489 175 7
489 175 7
489 174 7
489 173 1
489 173 1
489 172 7
489 171 7
489 171 7
489 170 9
489 169 9
489 169 9
489 168 13
489 167 16
489 167 16
489 166 16
489 165 19
489 165 19
489 164 19
489 163 24
489 163 24
489 162 24
489 161 22
489 161 22
489 160 19
489 159 19
490 159 19
490 159 19
491 158 24
491 158 24
492 158 24
493 157 23
494 157 17
495 157 17
495 157 17
496 157 2
497 157 2
498 157 8
499 157 15
499 158 15
499 159 0
500 159 0
500 159 0
501 159 0
501 160 0
501 161 0
502 161 0
503 161 0
503 161 0
503 161 0
503 162 0
504 162 0
505 163 5
505 163 5
505 163 5
505 164 0
506 164 12
506 165 12
506 165 12
506 166 1
507 167 1
507 167 1
507 168 0
507 169 0
507 169 0
507 170 0
507 171 0
507 171 0
507 172 0
507 173 0
507 173 0
507 174 0
507 175 0
507 175 0
507 176 0
507 177 0
507 177 0
507 178 4
507 179 4
507 179 4
507 180 4
507 181 14
507 181 14
507 182 14
507 183 12
507 183 12
506 184 12
506 185 11
506 185 11
506 186 16
506 187 16
506 187 16
506 188 17
506 189 17
506 189 17
505 189 7
505 190 8
505 191 12
505 191 12
505 192 12
505 193 14
505 194 14
505 195 16
505 195 16
505 196 16
505 197 28
505 197 28
505 198 23
505 199 23
504 199 19
504 200 12
504 201 12
504 202 14
504 203 18
504 203 18
503 204 18
503 205 13
503 205 13
503 206 13
503 207 16
503 207 16
503 208 16
503 209 15
503 210 17
503 211 17
503 211 17
503 212 17
503 213 17
503 213 17
503 214 17
503 215 10
502 216 0
502 217 0
502 217 0
502 218 0
502 219 6
502 219 6
502 220 0
502 221 0
502 221 0
502 222 0
502 223 0
502 223 0
502 224 0
502 225 0
502 225 0
502 226 0
503 227 7
503 228 7
503 229 4
503 229 4
503 230 4
503 231 4
504 231 4
504 231 4
504 232 0
505 233 7
505 233 7
505 234 4
505 235 4
505 235 4
505 235 4
505 236 9
505 237 9
505 237 9
505 238 5
505 239 15
505 239 15
505 240 15
505 241 8
505 241 8
505 242 8
506 242 16
506 243 18
506 243 18
506 244 18
506 245 18
506 245 18
506 246 10
506 247 10
506 247 10
506 248 0
506 249 0
506 249 0
506 250 0
507 251 0
507 251 0
507 252 0
507 253 0
507 253 0
507 254 0
507 255 0
507 255 0
507 256 0
507 257 0
507 257 0
507 258 0
507 259 0
507 259 0
507 260 0
507 261 0
507 261 0
507 262 0
507 263 0
507 263 0
507 264 0
507 265 0
507 265 0
507 266 0
507 267 0
507 267 0
507 268 0
507 269 0
507 269 0
507 271 0
507 271 0
507 272 0
507 273 0
507 273 0
507 274 0
507 275 0
507 275 0
507 276 0
507 277 0
507 277 0
507 278 0
507 279 0
507 279 0
507 280 0
507 281 0
507 281 0
507 282 0
507 283 0
507 283 0
507 284 0
507 285 0
507 285 0
507 286 0
507 287 0
507 287 0
507 289 0
507 289 0
507 289 0
507 290 0
506 291 0
506 291 0
506 292 0
506 293 0
506 293 0
506 294 0
505 295 0
505 295 0
505 296 0
505 297 0
505 297 0
505 298 0
504 299 0
504 299 0
504 300 0
504 301 0
504 301 0
504 302 0
503 302 0
503 303 6
503 303 6
503 304 11
503 304 11