504 300 0
503 300 0
503 301 0
501 301 0
501 301 0
500 302 0
499 302 0
499 302 0
499 303 0
498 303 0
497 303 0
497 303 0
496 303 0
495 303 0
495 304 0
494 305 0
493 305 0
493 305 0
491 305 0
491 305 0
490 306 0
489 307 0
489 307 0
488 307 0
487 307 0
487 308 10
486 309 10
485 309 0
485 309 0
485 309 0
484 309 0
483 309 0
483 309 0
482 309 0
481 309 0
481 309 0
480 309 0
479 309 0
479 309 0
478 309 4
477 309 4
477 309 4
476 309 17
475 309 17
475 308 0
474 307 2
473 307 18
473 307 18
473 306 18
473 305 1
473 305 1
473 304 1
472 304 1
472 303 0
472 303 0
472 302 0
472 301 0
472 301 0
472 300 0
472 299 0
472 299 0
472 298 0
472 297 0
472 297 0
472 296 0
473 296 0
473 295 0
473 295 0
473 294 0
473 293 0
473 293 0
473 292 0
473 291 0
474 291 0
474 290 0
474 289 0
474 289 0
475 288 0
475 287 0
475 287 0
475 286 7
475 285 7
476 284 16
476 283 13
476 283 13
476 282 13
476 281 18
477 281 12
477 280 12
477 279 15
477 279 15
477 278 22
477 277 22
477 277 22
477 276 28
477 275 28
477 275 28
477 274 22
477 273 22
477 273 22
478 272 27
478 271 32
478 271 32
478 270 32
478 269 26
478 269 26
478 268 26
478 267 26
479 267 31
479 267 31
479 266 34
479 265 34
479 265 34
479 264 28
479 263 28
479 263 28
479 262 27
479 261 23
479 261 23
479 260 23
479 259 32
480 259 32
480 259 32
480 258 32
480 257 32
480 257 32
480 256 32
480 255 32
481 255 28
481 254 33
481 253 33
481 253 33
481 253 33
482 252 18
483 251 18
483 251 18
484 251 10
484 251 10
485 251 10
485 251 10
485 250 27
486 250 31
487 249 37
487 249 37
487 249 37
488 248 37
488 247 36
489 247 21
489 247 21
489 246 21
489 245 15
489 245 15
489 245 15
489 244 15
489 243 2
490 243 2
490 242 0
491 241 0
491 241 0
491 240 0
491 239 0
491 238 0
492 237 9
492 237 9
492 236 9
493 236 0
493 235 0
493 235 0
493 234 0
493 233 7
494 233 0
494 232 0
494 231 0
494 231 0
495 231 0
495 230 2
495 229 2
495 229 2
495 228 0
495 227 0
494 227 0
494 227 0
493 226 15
493 225 23
493 225 23
493 224 23
493 223 21
492 223 32
492 222 32
492 221 26
492 221 26
492 220 26
492 219 28
491 219 28
491 218 22
491 217 22
491 217 22
491 216 26
491 215 26
491 215 26
491 214 18
491 213 10
491 213 10
491 212 10
491 211 3
491 211 3
491 210 3
491 209 0
490 209 15
490 209 15
490 208 2
490 207 2
490 207 2
490 206 0
489 205 0
489 205 0
489 204 0
489 203 0
489 203 0
489 203 0
489 202 0
489 201 0
489 201 0
489 200 0
489 199 0
489 199 0
489 198 0
489 197 0
489 197 0
489 196 0
489 195 0
489 195 0
489 194 0
489 193 0
489 193 0
489 192 0
489 191 0
489 191 0
489 190 0
489 189 0
489 189 0
489 188 0
489 187 0
489 186 0
489 185 0
489 185 0
489 184 0
489 183 0
489 182 0
489 181 0
489 181 0
489 180 3
489 179 3
489 179 3
489 178 11
489 177 13
489 177 13
489 176 13
489 175 7
489 175 7
489 174 7
489 173 1
489 173 1
490 173 1
490 172 7
490 171 7
490 171 7
491 171 0
491 170 0
491 169 0
491 169 0
491 168 0
491 168 0
491 167 3
491 167 3
492 166 3
492 165 4
492 165 4
493 164 0
493 163 0
493 163 0
493 162 0
494 161 0
494 161 0
495 160 0
495 159 0
495 159 0
496 158 2
496 157 2
497 157 2
497 157 2
497 157 2
498 157 8
499 157 15
500 158 15
501 158 22
502 158 22
503 158 32
503 158 32
503 159 10
504 159 10
504 159 10
505 159 29
505 159 29
505 160 29
506 161 30
507 161 30
507 162 18
507 163 18
507 163 18
507 164 12
507 165 12
507 165 12
507 167 1
507 167 1
507 168 0
507 169 0
507 169 0
507 170 0
507 171 0
507 171 0
507 172 0
507 173 0
507 174 0
507 175 0
507 175 0
507 176 0
507 177 0
507 177 0
507 178 4
507 179 4
507 179 4
507 180 4
507 181 14
507 181 14
507 182 14
507 183 12
507 183 12
507 184 12
507 185 11
506 185 11
506 186 16
506 187 16
506 187 16
506 188 17
506 189 17
506 189 17
505 189 7
505 190 8
505 191 12
505 191 12
505 192 12
505 193 14
505 193 14
505 194 14
505 195 16
505 195 16
505 196 16
505 197 28
505 197 28
505 198 23
505 199 23
505 199 23
505 200 20
505 201 20
505 201 20
505 202 19
505 203 22
505 203 22
505 204 22
505 205 24
505 205 24
505 206 24
504 207 16
504 208 16
503 209 15
503 209 15
503 210 17
503 211 17
503 211 17
503 212 17
503 213 17
503 213 17
503 214 17
503 215 10
503 215 10
503 216 10
503 217 6
503 217 6
503 218 6
503 219 12
503 219 12
503 220 16
503 221 16
503 221 16
503 222 7
503 223 7
503 223 7
503 224 8
503 225 8
503 225 8
503 226 9
503 227 7
503 227 7
503 228 7
503 229 4
503 229 4
503 230 4
503 231 4
503 231 4
503 232 0
503 233 0
503 233 0
503 234 2
504 235 2
504 235 2
504 236 0
504 237 0
504 237 0
505 238 5
505 239 15
505 239 15
505 240 15
505 241 8
505 241 8
505 242 8
505 242 8
505 243 0
505 243 0
505 244 0
505 245 0
505 245 0
505 246 0
505 247 0
506 248 0
506 249 0
506 249 0
506 250 0
507 250 0
507 251 0
507 251 0
507 252 0
507 253 0
507 253 0
507 254 0
507 255 0
507 255 0
507 256 0
507 257 0
507 257 0
507 258 0
507 259 0
507 259 0
507 260 0
507 261 0
507 261 0
507 262 0
507 263 0
507 264 0
507 265 0
507 265 0
507 266 0
507 267 0
507 267 0
507 268 0
507 269 0
507 269 0
507 270 0
507 271 0
507 271 0
507 272 0
507 273 0
507 273 0
507 274 0
507 275 0
507 275 0
507 276 0
507 277 0
507 277 0
507 278 0
506 279 0
506 279 0
506 280 0
506 281 0
506 282 0
506 283 0
506 283 0
505 284 0
505 285 0
505 285 0
505 286 0
505 287 0
505 287 0
505 288 0
505 288 0
505 289 0
505 289 0
505 290 0
505 291 0
505 291 0
505 292 0
505 293 0
505 293 0
505 294 0
505 295 0
505 295 0
505 296 0
505 297 0
505 297 0
505 298 0
505 299 2
504 299 0
504 300 0
504 301 0
504 301 0
504 302 0
503 303 6
503 303 6