505 300 2
505 301 3
504 302 0
504 303 6
503 303 6
503 303 6
503 304 11
502 304 8
501 305 8
501 305 8
500 305 0
499 305 0
499 305 0
499 305 0
498 306 20
497 306 21
497 306 21
496 306 21
495 306 19
495 307 19
495 307 19
494 307 19
493 307 9
493 307 9
493 307 9
492 307 3
491 307 3
491 307 3
490 307 0
490 308 21
489 308 21
489 309 29
488 309 21
487 309 21
487 309 21
486 309 10
485 309 0
485 309 0
484 310 0
483 310 0
483 310 0
482 310 0
481 310 0
481 311 8
481 311 8
480 311 9
479 311 9
479 311 9
478 311 19
477 311 19
477 310 4
476 310 17
475 309 17
475 309 17
475 309 17
474 308 10
474 307 2
473 307 18
473 307 18
473 307 18
473 306 18
473 305 1
472 305 1
472 305 1
472 304 1
471 303 6
471 303 6
471 302 1
471 301 1
471 301 1
471 301 1
471 300 2
471 299 2
471 299 2
471 298 0
471 297 0
471 297 0
471 296 0
471 295 5
471 295 5
471 294 5
472 294 0
472 293 0
472 293 0
473 293 0
473 292 0
473 291 0
474 291 0
474 291 0
474 290 0
475 289 0
475 289 0
475 288 0
475 287 0
476 287 0
476 287 0
476 286 7
477 285 0
477 285 0
478 284 0
478 283 0
478 283 0
479 283 0
479 282 0
479 281 0
479 281 0
479 281 0
480 281 0
480 280 0
480 279 0
481 279 0
481 279 0
481 278 0
481 277 0
481 277 0
482 276 0
482 275 0
482 275 0
482 274 0
483 273 0
483 272 1
483 271 1
483 271 1
483 269 12
483 269 12
483 268 12
483 267 21
483 267 21
483 266 17
483 265 17
483 265 17
483 264 19
483 263 19
483 263 19
483 262 3
483 261 0
483 261 0
483 260 0
483 259 0
483 259 0
483 258 0
483 257 0
483 257 0
483 256 0
483 255 0
483 255 0
483 254 4
483 253 4
483 253 4
483 252 18
483 251 18
483 251 18
483 250 24
483 249 32
484 249 36
485 249 36
485 249 36
486 249 39
487 249 37
487 249 37
488 249 37
489 248 28
489 247 21
489 247 21
489 246 21
489 245 15
489 245 15
489 244 15
489 243 2
489 243 2
489 242 0
489 241 0
489 241 0
489 240 8
489 239 8
489 239 8
489 238 20
489 237 27
489 236 27
489 235 24
490 235 24
490 234 24
491 233 23
491 232 23
491 231 33
492 230 25
492 229 25
492 229 25
492 228 26
492 227 26
492 227 26
492 226 27
492 225 36
492 225 36
492 224 36
492 223 32
492 223 32
492 222 32
492 221 26
492 221 26
492 220 26
492 219 28
492 219 28
492 218 22
492 217 22
492 217 22
491 216 26
491 215 26
491 215 26
491 214 18
491 213 10
491 213 10
491 212 10
491 211 3
491 211 3
491 209 0
491 209 0
491 208 0
490 208 2
490 207 2
490 207 2
489 207 2
489 206 0
489 205 0
489 205 0
489 204 0
489 203 0
489 203 0
488 202 6
488 201 6
487 201 6
487 200 6
487 199 11
487 199 11
487 198 11
487 197 0
487 197 0
487 196 5
487 195 5
487 195 5
487 194 3
487 193 3
487 192 1
487 191 1
487 191 1
487 190 0
487 189 1
487 189 1
487 188 1
487 187 0
487 187 0
487 186 0
487 185 4
487 185 4
487 185 4
487 184 14
487 183 14
487 183 14
488 183 14
488 182 25
488 181 25
488 181 25
488 180 27
489 180 3
489 179 3
489 179 3
489 178 11
489 177 13
489 177 13
489 176 13
489 175 7
489 175 7
489 174 7
489 173 1
489 173 1
489 172 7
489 171 7
489 171 7
489 170 9
489 169 9
489 169 9
489 168 13
489 167 16
489 167 16
489 166 16
490 165 19
491 165 4
491 164 4
492 163 8
492 163 8
492 162 8
493 162 0
493 161 0
493 161 0
493 160 3
493 160 3
494 159 0
495 159 0
495 159 0
495 159 0
496 159 0
497 158 2
497 158 2
498 158 8
499 158 15
499 158 15
500 158 15
501 158 22
501 159 0
502 159 0
503 159 10
503 159 10
503 159 10
503 160 10
504 160 10
504 161 0
505 161 18
505 162 5
505 163 5
505 163 5
505 164 0
505 165 0
505 165 0
505 166 0
505 167 0
505 167 0
505 168 0
505 169 0
506 169 0
506 169 0
506 170 0
506 171 0
506 171 0
506 172 0
506 173 0
506 173 0
506 174 0
506 175 0
506 175 0
506 176 0
506 177 0
506 177 0
506 178 4
506 179 4
506 179 4
506 180 4
506 181 14
506 181 14
506 182 14
506 183 12
506 183 12
506 184 12
506 185 11
506 185 11
506 186 16
506 187 16
506 187 16
506 188 17
506 189 17
506 189 17
506 190 16
506 191 21
506 191 21
506 192 21
506 193 13
506 193 13
506 194 13
506 195 10
506 195 10
506 196 10
506 197 27
506 197 27
506 198 22
506 199 22
506 199 22
506 200 22
505 200 20
505 201 20
505 201 20
505 202 19
505 203 22
505 203 22
505 204 22
505 205 24
505 205 24
505 206 24
505 207 37
505 207 37
504 207 16
504 208 16
504 209 15
504 209 15
504 210 17
504 211 17
504 211 17
504 212 17
504 213 17
504 213 17
504 214 17
504 215 10
504 215 10
504 216 10
504 217 6
504 217 6
504 218 6
504 219 12
504 219 12
504 220 16
504 221 16
504 221 16
504 222 7
504 223 7
504 223 7
504 224 8
504 225 8
504 225 8
504 226 9
504 227 7
504 227 7
504 228 7
504 229 4
504 229 4
504 230 4
504 231 4
504 231 4
504 232 0
504 233 0
504 233 0
504 234 2
504 235 2
504 235 2
504 236 0
504 237 0
504 237 0
504 239 0
504 239 0
504 240 0
505 240 15
505 241 8
505 241 8
505 242 8
505 243 0
505 243 0
505 244 0
505 245 0
505 245 0
505 246 0
506 246 10
506 247 10
507 247 10
507 247 10
507 248 0
507 249 0
508 249 20
508 250 12
509 251 10
509 251 10
509 253 5
509 253 5
509 254 5
510 255 18
510 255 18
510 256 15
510 257 15
510 257 15
510 258 14
510 259 14
510 259 14
510 261 9
510 262 6
510 263 7
510 264 7
510 265 11
510 266 11
510 267 11
510 267 11
510 268 1
510 269 1
510 269 1
510 270 5
510 271 5
510 271 5
510 272 0
510 273 0
510 273 0
510 274 0
510 275 5
510 275 5
510 276 5
510 277 5
510 277 5
510 278 5
510 279 0
510 279 0
510 280 0
510 281 0
510 281 0
510 282 0
510 283 0
510 284 0
509 285 0
509 286 0
509 287 0
509 287 0
509 288 0
509 289 0
509 290 0
509 291 0
508 291 0
508 292 0
508 293 0
508 293 0
508 294 0
507 295 0
507 295 0
507 295 0
507 296 0
507 297 10
507 297 10
507 298 10
506 299 14
506 299 14
506 300 14
506 301 15
505 301 3
505 301 3
