New Layer
Start
544 180 7
544 181 7
544 181 7
543 181 6
543 182 0
542 183 0
541 184 0
541 185 0
540 185 0
540 186 0
540 187 0
539 187 0
539 188 0
539 189 0
539 190 0
539 191 0
539 191 0
539 192 0
539 193 0
539 194 0
539 195 2
539 196 2
539 197 1
539 198 1
539 199 2
539 200 4
539 200 4
539 201 4
539 202 2
539 203 2
539 204 0
539 205 0
539 206 13
540 206 0
540 207 1
540 208 1
540 209 1
540 210 1
540 211 3
540 212 2
540 213 2
540 214 2
540 215 2
540 215 2
540 216 4
540 217 4
540 218 9
540 219 13
541 219 13
541 220 13
541 221 13
542 221 10
542 222 10
542 223 10
542 224 17
542 224 17
542 225 17
542 226 11
543 226 11
543 227 11
543 228 14
543 230 20
543 230 20
543 231 14
543 232 14
543 233 14
543 234 14
543 235 14
543 235 14
543 236 16
543 237 16
543 238 11
544 239 11
544 240 8
544 241 8
544 242 8
544 243 9
544 243 9
544 244 9
544 245 7
544 246 7
544 247 5
544 248 8
544 249 8
544 250 8
544 251 8
544 252 4
544 253 4
544 253 4
544 254 9
544 255 8
543 255 5
543 256 5
543 257 14
543 258 14
543 259 9
543 260 7
542 260 7
542 261 7
542 262 10
542 263 10
541 264 15
541 265 15
540 266 4
540 266 4
540 267 5
539 268 9
539 269 7
539 270 7
539 271 10
539 272 8
539 273 8
538 274 3
538 274 3
538 275 3
538 276 7
538 277 7
538 278 7
538 279 7
538 280 7
538 281 13
538 282 13
538 283 14
538 284 12
538 285 12
539 285 8
539 286 7
540 286 9
540 287 9
540 288 8
540 288 8
540 289 8
540 290 9
541 290 9
541 291 11
541 292 11
541 293 12
541 294 12
541 295 12
542 295 9
542 296 10
542 297 10
543 297 10
543 297 10
544 298 9
544 299 9
545 299 9
545 300 3
545 301 3
546 301 6
546 302 8
547 303 3
547 304 3
547 305 7
548 306 7
549 307 2
549 308 8
550 308 8
550 309 8
550 310 9
551 310 1
551 310 1
552 311 0
552 312 0
553 312 0
553 313 0
553 314 5
554 314 3
554 315 12
555 315 12
556 315 14
556 316 14
557 316 14
557 316 14
558 316 15
559 316 16
560 316 16
560 316 16
561 316 20
562 316 20
563 316 25
563 317 31
564 317 22
564 318 22
565 319 18
565 320 20
566 320 12
567 320 12
567 321 12
568 321 2
569 321 2
570 321 0
571 321 0
572 321 0
572 322 4
573 322 9
573 323 9
574 323 9
575 323 17
576 323 24
577 323 24
578 323 35
579 323 35
579 322 35
580 322 38
580 321 35
581 321 35
581 320 35
582 320 41
582 319 40
583 318 31
583 317 31
584 316 23
584 315 23
584 315 23
584 314 11
584 313 0
585 313 6
585 312 6
585 311 2
585 311 2
585 309 0
585 309 0
585 308 0
585 307 0
587 307 1
587 306 0
587 305 0
587 304 0
587 303 0
587 302 0
587 301 0
587 300 0
587 299 0
586 299 0
586 298 0
585 297 1
585 296 1
585 295 6
584 295 0
584 294 5
584 294 5
583 294 5
583 293 5
583 292 6
582 292 7
582 291 7
582 290 13
581 289 12
581 288 12
581 288 12
580 288 12
580 287 8
580 286 8
580 285 9
580 284 9
580 283 5
579 283 5
579 282 10
579 281 10
579 280 11
579 280 11
578 280 11
578 279 11
578 278 9
578 278 9
577 278 13
577 277 16
577 276 16
576 275 16
576 274 16
576 273 12
576 272 12
576 271 12
576 270 11
574 270 12
574 269 12
574 268 9
574 267 9
574 267 9
574 266 13
573 266 13
573 265 14
572 265 16
572 264 16
571 264 16
570 264 10
569 264 1
568 264 1
568 263 3
567 262 0
567 261 0
566 261 0
565 260 0
565 259 9
565 259 9
565 258 19
564 257 19
564 257 19
562 256 5
562 255 5
562 254 0
561 253 5
561 252 5
561 252 5
561 251 12
561 250 12
561 249 14
561 248 14
561 247 13
561 246 13
561 246 13
560 246 7
560 245 7
560 244 8
560 243 8
559 242 8
559 241 12
559 240 12
559 239 12
559 238 12
559 237 11
559 236 11
558 236 15
558 235 13
558 235 13
558 234 13
558 233 13
558 232 14
558 231 14
558 231 14
557 231 9
557 230 11
557 229 14
557 228 14
557 227 9
557 226 9
557 225 14
557 224 14
556 224 14
556 223 14
556 223 14
556 222 18
556 221 18
556 220 18
556 219 18
556 218 15
557 217 11
557 216 11
557 215 12
558 214 15
558 213 19
558 212 19
558 212 19
558 211 17
558 210 17
558 209 17
558 208 17
558 207 17
558 206 16
558 206 16
557 206 13
557 204 11
556 204 11
556 203 14
556 202 14
556 201 18
556 201 18
555 200 11
555 199 19
555 198 19
555 198 19
555 198 19
555 197 19
555 195 15
555 195 15
554 195 15
554 194 13
554 193 13
553 192 13
553 191 14
553 190 14
552 189 16
552 189 16
552 188 16
551 188 8
551 187 14
551 186 16
550 186 9
550 185 9
550 184 10
549 183 10
549 182 11
549 182 11
548 182 12
548 181 16
547 181 16
547 180 16
546 180 11
545 180 7
544 180 7
543 180 6
543 180 6
542 180 6
542 181 6
542 182 0
542 182 0
542 184 0
542 184 0
542 185 0
541 185 0
540 186 0
540 187 0
540 187 0
Stop
New Layer
Start
546 180 11
545 180 7
544 180 7
544 181 7
543 181 6
543 182 0
542 182 0
542 183 0
541 184 0
541 185 0
540 185 0
540 185 0
539 185 3
539 186 3
539 187 0
539 188 0
539 188 0
539 189 0
539 190 0
539 191 0
539 192 0
539 193 0
538 193 5
538 194 3
538 195 10
538 196 10
538 197 7
538 197 7
538 198 7
538 199 11
538 200 12
538 201 12
538 202 10
538 203 10
538 204 8
538 205 8
538 206 17
538 207 16
538 208 16
537 208 16
537 209 17
537 210 17
537 210 17
537 211 24
537 212 20
537 212 20
Stop
Start
539 210 12
539 211 16
539 212 14
539 213 14
539 214 10
539 215 10
539 216 11
539 217 11
540 217 4
540 218 9
540 219 13
541 219 13
541 220 13
541 221 13
541 222 13
541 223 12
542 224 17
542 224 17
542 225 17
542 226 11
542 227 11
542 227 11
542 228 14
542 229 14
542 230 20
542 231 14
542 232 14
542 233 14
542 233 14
542 234 14
543 234 14
543 235 14
543 236 16
543 237 16
543 237 16
543 238 11
543 239 11
543 240 7
543 241 7
543 242 9
544 242 8
544 243 9
544 244 9
544 245 7
544 246 7
544 246 7
544 247 5
544 248 8
544 249 8
544 250 8
544 251 8
544 252 4
544 253 4
544 254 9
544 255 8
544 256 8
544 257 4
544 258 4
544 259 0
544 260 0
544 261 0
544 261 0
544 262 1
543 262 10
543 263 10
543 264 11
542 264 11
542 265 11
542 266 3
542 267 4
541 267 5
541 268 5
541 269 5
541 270 5
540 271 9
540 271 9
540 272 6
540 273 6
540 274 4
540 275 4
539 275 2
539 276 8
539 277 8
539 278 8
539 279 5
539 280 5
539 281 11
539 282 11
539 282 11
539 283 9
539 284 8
539 285 8
539 285 8
539 286 7
539 287 7
539 288 9
539 289 9
539 290 10
539 291 12
539 292 12
539 293 14
539 294 14
539 295 12
539 295 12
540 295 12
540 296 8
540 297 8
541 297 8
541 299 7
541 299 7
542 299 10
542 300 3
542 301 3
542 301 3
542 302 4
543 302 4
543 303 8
544 303 9
544 304 9
545 304 9
546 305 15
547 305 7
548 306 7
548 306 7
549 306 0
550 306 0
550 307 2
550 308 8
551 308 0
551 309 0
551 310 1
551 311 1
551 312 3
551 313 3
551 313 3
551 314 8
552 314 5
552 315 13
553 315 13
553 316 13
554 316 12
554 317 22
555 317 22
556 317 22
556 317 22
557 317 22
558 317 23
560 317 24
560 318 24
560 318 24
561 318 27
562 319 28
563 319 28
563 320 28
564 320 20
564 321 20
565 321 20
566 321 12
567 322 22
568 322 14
569 323 14
570 323 7
570 324 21
571 324 18
572 324 18
573 324 18
574 324 18
575 324 23
575 324 23
576 324 29
577 324 29
577 323 24
578 323 35
578 322 35
579 322 35
580 321 35
581 321 35
581 320 35
581 319 32
582 319 40
582 318 30
583 318 31
583 317 31
584 317 31
585 316 25
585 315 25
586 315 25
586 314 17
586 313 6
586 313 6
586 312 6
586 311 2
586 310 2
587 309 7
587 308 7
587 307 1
587 306 0
587 305 0
587 304 0
587 304 0
587 303 0
587 302 0
587 301 0
586 301 0
586 300 0
586 299 0
585 298 0
585 297 1
585 296 1
585 296 1
584 295 0
584 294 5
584 293 5
584 293 5
584 292 6
584 291 6
583 290 11
583 290 11
582 289 17
582 288 17
581 288 12
581 287 8
580 286 8
580 286 8
580 285 9
580 284 9
580 283 5
580 282 9
579 282 10
579 281 10
579 280 11
578 280 11
578 279 11
578 278 9
578 277 12
578 276 12
577 276 16
577 275 16
577 275 16
577 274 16
577 273 12
577 272 12
576 271 12
576 270 11
576 269 11
575 269 10
575 268 13
574 268 9
573 268 9
573 267 9
572 267 8
571 266 15
570 266 11
569 266 5
569 265 1
568 265 1
568 264 1
567 264 0
566 263 0
565 263 0
565 262 0
564 261 0
564 260 0
563 260 0
563 259 11
563 259 11
562 259 2
562 258 5
562 257 5
562 256 5
562 255 5
562 254 0
562 254 0
562 253 5
562 252 5
561 252 5
561 251 12
561 250 12
561 249 14
561 248 14
560 248 0
560 247 0
560 246 7
560 245 7
560 245 7
560 244 8
560 243 8
559 243 8
559 242 8
559 241 12
559 240 12
559 239 12
559 238 12
558 238 14
558 237 15
558 236 15
558 235 13
558 234 13
558 233 13
558 232 14
558 231 14
557 230 11
557 229 14
557 228 14
557 227 9
557 227 9
557 226 9
557 225 14
557 224 14
557 223 14
557 222 18
557 222 18
557 221 18
557 220 18
557 219 18
557 218 15
557 217 11
557 216 11
557 215 12
557 214 12
557 213 16
558 213 19
558 212 19
558 211 17
558 210 17
559 210 23
559 209 23
559 208 23
559 207 23
559 207 23
559 206 23
559 205 25
558 204 16
558 203 18
558 203 18
557 203 14
557 201 18
556 200 18
556 199 17
556 199 17
555 199 19
555 198 19
555 197 19
555 196 15
554 196 15
554 195 15
554 194 13
553 194 7
553 193 13
553 192 13
552 192 13
552 191 14
552 190 14
551 189 8
551 188 8
551 187 14
550 186 9
550 185 9
549 184 10
548 184 6
548 183 6
547 183 6
547 183 6
546 183 0
545 183 0
544 183 0
543 183 0
542 183 0
542 183 0
Stop
New Layer
Start
544 181 7
543 181 6
543 182 0
543 183 0
542 183 0
542 184 0
541 185 0
541 186 0
540 186 0
540 187 0
540 188 0
539 189 0
539 190 0
539 191 0
538 191 8
538 192 5
538 193 5
538 194 3
538 195 10
537 195 10
537 196 10
537 197 7
537 197 7
537 198 7
537 199 11
537 201 12
537 202 10
537 203 10
537 204 8
538 204 8
538 204 8
538 205 8
539 205 0
539 206 13
539 207 16
539 208 16
540 208 1
540 209 1
540 210 1
540 211 3
540 212 2
540 213 2
540 214 2
540 215 2
540 216 4
540 217 4
540 218 9
540 219 13
540 220 13
541 220 13
541 221 13
541 222 13
541 223 12
541 224 15
541 225 15
541 225 15
541 226 17
541 227 17
541 228 22
542 228 14
542 229 14
542 230 20
542 231 14
543 232 14
543 233 14
543 234 14
543 235 14
544 235 4
544 236 8
544 237 8
544 238 11
544 239 11
544 240 8
544 241 8
545 241 8
545 242 8
545 242 8
545 243 9
545 244 9
546 245 0
546 246 0
546 247 0
546 247 0
546 248 0
547 248 0
547 249 0
547 250 0
547 251 0
547 252 0
547 252 0
547 253 0
547 254 0
547 256 0
548 257 0
548 258 0
548 259 0
548 259 0
548 260 0
548 261 0
548 261 0
548 262 0
548 263 0
548 264 0
548 265 0
548 266 0
548 267 0
548 268 0
548 268 0
548 269 0
548 270 0
548 271 0
548 272 0
548 273 0
548 274 0
548 274 0
548 275 0
548 276 0
548 278 0
548 278 0
548 279 0
548 279 0
548 280 0
548 281 0
548 282 0
548 283 0
548 284 0
548 284 0
548 285 0
548 286 0
548 287 0
548 288 0
548 289 0
548 290 0
548 290 0
548 291 0
548 292 0
550 292 0
550 293 0
550 294 0
550 295 0
550 296 0
550 297 0
550 298 0
550 298 0
550 299 0
550 299 0
550 300 0
550 301 0
551 301 0
551 302 0
551 303 0
551 304 0
551 305 0
552 306 0
553 307 0
553 308 0
553 309 0
554 309 0
554 310 0
555 310 0
555 311 0
556 311 0
557 312 0
558 312 0
559 312 0
559 313 0
560 313 0
561 313 0
561 314 2
562 314 2
562 315 20
563 315 25
563 315 25
564 315 13
564 316 13
564 317 22
565 318 22
566 318 11
566 318 11
567 318 11
568 318 0
569 318 0
570 318 0
571 318 0
572 318 0
573 318 0
574 318 0
575 318 0
576 318 0
576 318 0
577 318 0
577 317 0
578 317 3
578 316 0
578 315 0
579 315 0
579 314 0
579 313 0
579 313 0
580 313 0
580 312 0
581 312 0
581 311 0
581 310 0
581 309 0
581 308 0
581 307 0
580 307 0
580 306 0
580 305 0
579 305 0
579 304 0
579 303 0
578 303 0
578 302 0
578 301 0
578 301 0
578 300 0
578 299 0
578 298 0
578 296 0
578 296 0
578 295 0
577 294 0
577 293 0
575 292 0
575 291 0
574 291 0
574 291 0
573 291 0
573 290 0
573 289 0
573 288 0
573 287 0
573 286 0
573 285 0
572 285 0
572 284 0
572 283 0
572 282 0
572 281 0
572 281 0
571 280 0
571 279 0
571 278 0
570 278 0
570 277 0
570 276 0
570 275 0
569 275 0
569 274 0
569 274 0
569 273 0
568 273 0
568 272 0
568 271 0
567 270 0
567 269 0
566 269 0
566 268 0
566 267 0
565 267 0
565 266 0
564 266 0
564 265 0
564 264 0
563 264 0
562 263 0
562 262 0
561 262 0
561 262 0
561 261 0
560 261 0
560 260 0
560 259 0
559 258 0
559 257 0
559 256 0
558 256 0
558 255 0
557 255 0
557 254 0
557 253 0
557 252 0
556 252 0
556 252 0
556 251 0
555 251 0
555 250 0
555 249 0
554 249 0
554 248 0
554 248 0
554 247 0
553 247 0
553 246 0
553 245 0
552 245 0
552 244 0
552 243 0
552 242 0
552 241 0
552 240 0
552 239 0
551 238 0
551 237 0
551 237 0
551 236 0
551 235 0
551 234 0
550 233 0
550 232 0
550 231 0
550 230 0
550 229 0
549 229 0
549 228 0
549 227 0
549 226 0
549 225 0
549 224 0
549 223 0
549 222 0
549 221 0
549 221 0
549 220 0
549 218 0
549 218 0
549 217 0
549 216 0
549 215 0
549 214 0
550 213 0
550 212 0
550 212 0
551 212 0
551 211 0
551 210 0
551 209 0
551 208 0
551 207 0
551 206 0
551 205 0
551 204 0
551 203 0
551 202 0
551 201 0
551 200 0
551 199 0
551 198 0
552 197 3
552 196 2
552 196 2
552 195 2
552 194 7
552 193 13
552 192 13
551 192 8
550 191 0
549 190 0
548 190 0
548 189 0
547 189 0
547 188 0
546 188 0
545 188 0
545 187 0
544 187 0
544 186 0
544 186 0
543 186 0
542 186 0
542 186 0
Stop
