New Layer
Start
650 280 201
650 281 201
651 281 201
651 282 199
652 282 197
653 282 190
653 283 190
653 283 190
654 283 190
655 284 177
656 284 177
657 284 165
658 284 151
659 284 151
660 284 144
661 284 144
662 284 150
663 284 150
664 284 157
665 284 165
666 284 165
667 284 175
667 284 175
668 284 175
669 285 199
670 285 202
670 285 202
671 285 202
672 285 204
673 285 204
674 285 193
676 285 178
677 285 157
677 285 157
678 285 157
678 286 157
679 287 130
679 288 130
679 288 130
680 288 130
680 289 130
680 290 130
680 291 132
680 292 135
680 293 135
680 294 146
680 294 146
680 295 146
680 296 139
680 297 130
681 298 117
681 299 117
681 299 117
682 300 95
682 301 108
682 302 108
682 303 111
682 304 113
682 305 113
682 305 113
682 307 105
682 307 105
682 308 102
682 309 104
682 310 104
682 311 109
682 312 109
682 313 130
682 314 130
682 314 130
682 315 134
682 316 138
683 316 138
683 317 138
683 318 140
683 318 140
683 319 140
684 320 133
684 321 132
685 321 132
685 322 132
685 323 125
685 324 125
686 324 118
686 325 119
686 325 119
686 326 115
686 327 115
686 328 116
686 330 118
686 331 118
686 332 118
686 333 132
686 334 132
686 335 132
686 336 132
686 337 131
686 338 133
686 339 133
686 340 134
686 341 134
686 342 136
686 343 136
686 344 130
686 344 130
686 345 136
686 346 136
686 347 143
686 348 143
685 348 148
685 350 138
684 350 138
684 351 138
683 351 148
682 351 148
681 351 147
681 352 134
680 353 140
680 354 147
680 355 147
680 356 140
680 358 137
680 358 137
680 359 125
680 360 125
680 361 115
680 362 126
680 363 126
678 364 138
678 365 138
677 366 145
677 366 145
676 367 148
675 369 150
675 370 150
674 370 150
674 371 141
674 371 141
673 371 157
673 372 157
672 373 135
671 374 127
670 375 127
670 376 106
669 376 122
669 377 122
668 378 99
668 378 99
668 379 80
667 379 80
666 379 88
665 379 88
664 380 90
663 380 86
662 380 86
661 380 81
660 380 81
659 380 79
658 380 79
657 380 76
656 380 77
656 380 77
655 380 77
654 380 81
653 380 81
652 380 82
651 380 82
651 379 82
650 379 82
649 379 88
648 379 88
648 378 101
647 378 100
647 377 106
646 376 106
645 376 101
644 376 89
643 376 89
643 375 94
642 375 93
642 374 93
641 374 93
640 373 121
639 371 128
638 371 128
638 370 126
637 370 130
636 369 130
636 368 133
635 367 135
634 366 132
633 364 136
633 363 131
632 363 123
632 362 123
631 361 132
631 360 143
631 359 143
631 358 147
630 358 130
630 357 130
630 356 128
630 355 127
630 355 127
630 354 127
630 353 122
630 352 122
630 351 122
630 350 122
630 349 138
630 348 147
630 347 147
630 346 151
630 345 151
630 344 163
630 344 163
630 343 167
630 342 167
631 342 186
631 341 187
631 340 187
631 339 182
631 338 182
631 337 181
631 336 169
631 336 169
631 335 169
631 334 167
631 333 167
631 332 164
631 331 151
631 330 151
631 329 143
631 328 143
631 327 143
631 326 143
631 326 143
631 325 153
631 324 144
632 323 144
632 322 143
632 321 143
632 320 147
632 319 153
632 318 153
633 317 179
633 316 179
633 315 181
633 315 181
633 314 185
633 313 185
633 313 185
633 312 183
632 312 172
632 311 172
632 310 160
632 309 160
632 308 155
632 307 166
632 306 166
632 305 173
632 304 173
632 302 155
632 301 155
632 300 145
632 299 145
632 299 145
632 298 148
633 298 132
633 297 132
634 297 132
634 296 126
635 295 115
636 295 109
636 294 109
637 294 109
637 293 110
638 293 114
639 292 114
640 291 116
641 291 137
641 289 134
642 289 134
642 288 129
643 288 155
644 288 155
644 288 155
645 287 182
646 287 206
646 286 197
647 286 197
647 285 197
648 285 214
649 284 207
650 284 210
650 283 199
651 283 199
652 283 197
652 282 197
653 282 190
653 281 158
653 281 158
Stop
New Layer
Start
650 282 199
651 282 199
651 282 199
652 282 197
653 282 190
654 282 190
655 282 172
656 282 172
656 283 172
657 283 147
657 284 165
658 284 151
658 285 158
659 285 158
659 286 158
660 286 167
661 286 167
662 286 172
663 286 172
664 286 179
664 286 179
666 286 187
666 286 187
667 286 194
668 286 194
669 286 199
670 286 202
671 286 202
671 286 202
671 287 213
671 288 213
671 288 213
671 289 219
671 290 219
672 291 225
672 292 229
672 293 229
672 294 221
672 295 221
672 296 215
672 298 203
672 298 203
672 299 194
672 300 194
672 301 180
672 301 180
672 302 180
672 303 163
671 303 178
671 304 169
671 305 169
671 306 156
672 306 144
672 307 144
672 308 150
673 308 150
673 309 163
674 309 160
674 310 160
674 310 160
674 311 166
674 312 166
674 313 165
674 314 165
674 315 169
674 316 168
674 317 168
674 318 162
674 319 162
674 320 158
674 321 170
675 321 170
675 322 170
675 322 170
676 322 157
676 323 154
676 324 154
677 324 147
677 325 157
677 326 161
677 327 161
677 328 160
677 329 160
677 330 157
677 331 157
677 332 166
677 332 166
677 333 165
677 334 165
677 335 151
677 336 151
678 336 151
678 337 156
678 338 158
678 339 158
679 339 151
679 340 163
679 341 163
679 342 165
678 343 178
677 343 178
677 344 171
676 344 186
676 345 183
675 345 193
675 346 193
674 347 195
674 348 195
674 349 193
674 350 179
674 351 179
674 352 168
674 353 168
674 354 155
674 355 155
674 355 155
674 356 152
674 357 175
674 358 175
673 359 178
673 360 178
673 361 186
672 362 186
672 363 186
671 363 187
671 364 190
670 366 179
670 366 179
669 366 189
669 367 194
668 367 193
668 368 193
667 368 193
667 368 193
666 368 197
666 369 187
665 369 187
664 369 195
663 369 195
662 369 195
661 369 195
660 369 195
659 369 187
658 369 187
657 369 187
656 369 186
655 369 186
654 369 184
653 369 184
652 369 181
651 369 182
650 369 182
649 369 189
648 369 189
648 369 189
647 369 197
646 368 211
645 367 200
644 367 179
644 366 199
643 366 199
643 365 197
642 365 200
642 364 200
642 363 201
642 363 201
642 361 204
642 361 204
642 360 219
641 359 219
641 358 202
640 357 205
640 356 181
639 356 185
638 355 168
638 354 168
638 353 165
637 353 175
637 352 175
637 351 170
637 350 170
637 349 147
637 348 126
637 348 126
637 347 126
637 346 113
637 345 113
637 344 109
637 343 128
637 342 128
637 341 145
637 340 145
636 339 140
636 338 140
636 337 138
636 336 131
636 336 131
636 335 131
636 334 160
637 334 160
637 333 160
638 332 158
638 330 177
639 330 177
639 329 208
640 329 208
640 328 208
640 327 219
641 327 219
641 326 219
641 325 234
641 324 242
642 324 242
642 323 242
642 322 239
642 321 239
643 321 230
643 320 221
643 319 218
643 318 218
643 317 207
644 317 207
644 316 207
645 315 193
645 314 197
645 313 197
645 312 188
646 312 167
646 311 167
646 310 162
646 309 162
646 308 165
645 308 178
645 307 186
645 306 186
645 305 178
645 304 178
645 303 172
645 303 172
645 302 165
645 301 165
645 299 170
645 298 179
645 297 179
646 296 211
646 295 217
647 295 217
647 294 217
648 293 222
648 292 222
649 292 222
649 291 212
650 290 218
650 289 218
650 289 218
650 288 214
651 288 214
651 287 214
651 286 221
651 285 221
651 284 210
651 284 210
651 284 210
Stop
New Layer
Start
649 281 205
650 281 201
650 281 201
651 281 201
651 282 199
652 282 197
653 283 190
654 284 185
655 285 177
656 285 177
657 285 167
658 285 158
658 285 158
659 285 158
660 285 167
661 285 167
662 285 172
663 285 172
664 285 179
665 285 187
665 284 165
666 284 165
667 284 175
668 284 175
669 284 182
670 284 178
671 284 178
672 284 170
672 284 170
672 285 204
673 285 204
674 285 193
675 285 193
675 286 193
676 286 178
676 287 192
677 287 162
677 288 162
677 289 164
677 290 164
677 291 168
677 292 165
677 293 165
677 294 167
677 295 167
677 296 162
677 297 149
677 297 149
677 298 149
677 299 150
676 300 161
676 301 156
676 302 156
675 302 165
675 303 148
675 304 139
674 304 139
674 305 139
673 305 147
673 306 144
672 307 144
671 307 156
671 308 150
670 308 150
669 309 167
669 310 167
669 311 192
669 311 192
669 312 192
668 312 201
668 313 211
668 314 211
668 315 208
668 316 193
669 316 193
670 316 186
670 317 186
671 317 186
671 318 180
672 319 165
673 320 162
674 320 158
674 321 170
675 321 170
675 322 170
675 323 167
676 323 154
676 324 154
676 325 158
676 326 161
677 327 161
677 328 160
677 329 160
677 330 157
677 331 157
677 332 166
677 332 166
677 333 165
677 334 165
677 335 151
677 336 151
677 337 156
677 338 158
677 339 158
677 340 171
677 341 171
677 342 178
677 343 178
677 343 178
678 343 178
678 344 171
679 344 161
680 344 161
681 344 166
681 345 169
681 346 169
682 346 163
682 347 156
683 347 156
683 348 156
683 348 156
684 349 142
684 350 138
684 351 138
685 352 124
685 353 124
685 354 125
685 355 125
686 355 117
686 356 114
686 357 112
686 358 112
686 359 110
686 360 110
686 361 99
687 361 99
687 362 100
687 363 100
687 364 107
687 365 107
687 365 107
687 366 104
687 366 104
686 366 104
686 367 98
685 368 99
685 370 90
684 370 90
683 370 100
682 371 93
681 371 111
681 372 111
681 372 111
681 373 106
680 373 117
680 374 100
679 375 100
679 376 95
678 376 101
678 377 101
676 377 104
676 378 91
676 378 91
676 379 90
675 379 79
675 380 79
674 380 79
673 381 65
672 381 65
672 382 65
671 382 68
670 382 68
670 383 67
669 383 64
668 383 67
667 383 67
666 383 71
665 383 71
665 383 71
664 383 70
663 383 62
662 383 62
661 383 53
661 383 53
660 383 53
659 383 56
658 383 56
657 383 62
656 383 70
654 382 67
654 382 67
654 381 67
653 381 67
652 381 70
651 381 75
651 380 82
650 380 82
649 380 88
648 379 88
647 379 97
647 378 100
646 378 100
645 378 100
644 378 100
643 377 89
643 377 89
643 376 89
642 376 84
641 376 84
639 375 110
638 375 110
637 374 110
636 374 110
635 374 108
635 373 114
634 373 114
634 372 116
633 371 116
633 371 116
632 371 118
632 370 121
631 370 121
631 369 121
630 369 126
630 368 138
630 367 138
630 366 135
630 365 125
629 364 125
629 363 126
629 362 126
629 361 131
629 360 131
628 359 118
628 359 118
628 358 120
628 357 120
628 357 120
628 356 121
628 355 109
628 354 109
628 352 109
628 351 118
628 350 118
628 350 118
627 349 117
627 348 116
627 347 116
627 346 113
627 345 113
626 345 113
626 344 119
626 343 126
626 342 126
626 341 129
626 340 129
626 339 128
627 338 128
627 337 128
628 337 138
628 335 135
628 335 135
628 334 127
628 333 127
628 332 132
628 331 129
629 331 140
629 330 140
629 329 133
629 328 133
629 327 132
630 327 132
630 326 132
630 325 139
630 324 135
631 323 144
631 322 143
631 321 143
631 320 147
631 319 153
631 318 153
631 317 149
631 316 149
631 315 161
631 314 167
632 313 167
632 312 172
633 312 183
633 311 183
634 310 172
634 310 172
635 310 183
635 309 183
635 308 173
635 307 167
635 307 167
636 307 167
636 306 167
636 305 148
636 304 148
636 303 141
636 302 136
637 302 136
637 301 136
638 300 128
639 300 128
640 299 138
641 299 153
641 298 155
642 298 155
643 297 169
644 296 170
645 295 185
645 294 185
646 294 217
646 293 218
646 292 218
646 291 214
647 291 214
647 290 193
647 289 193
648 288 210
648 287 210
648 286 214
649 285 214
649 285 214
650 284 210
650 282 199
651 282 199
651 282 199
Stop
