New Layer
Start
545 182 0
544 183 0
543 183 0
543 184 0
542 184 0
542 185 0
542 186 0
541 186 0
541 187 0
541 188 0
541 189 0
540 189 0
540 190 0
540 191 0
540 192 0
540 193 0
539 193 0
539 194 0
539 195 2
539 195 2
539 196 2
539 197 1
539 198 1
539 198 1
539 199 2
539 200 4
539 201 4
540 201 0
540 202 0
540 203 0
540 203 0
540 204 0
540 205 0
540 206 0
541 206 0
541 207 1
541 208 1
541 209 1
541 210 1
541 211 3
541 212 2
541 213 2
541 214 2
541 215 2
541 216 4
541 216 4
542 216 0
542 217 0
542 218 4
542 219 9
542 220 9
543 220 9
543 221 10
543 222 10
543 223 10
543 224 17
543 224 17
543 225 17
543 226 11
543 227 11
543 228 14
544 229 3
544 230 4
544 231 2
544 232 2
544 233 4
544 234 4
544 235 4
545 235 4
545 236 8
545 237 8
545 238 11
545 239 11
545 239 11
545 240 8
545 241 8
546 241 0
546 242 0
546 243 0
546 244 0
546 245 0
546 245 0
546 246 0
546 247 0
546 248 0
546 249 0
546 250 0
546 251 0
546 251 0
546 252 0
546 253 0
546 254 0
546 255 0
546 256 0
546 257 0
546 258 0
545 258 4
545 259 0
545 260 0
544 260 0
544 261 0
544 262 1
544 263 1
544 264 2
544 265 2
544 266 4
544 267 0
544 268 0
544 269 0
544 269 0
544 270 0
544 271 0
544 272 0
544 273 0
544 274 0
544 274 0
544 275 0
544 276 0
544 277 0
544 278 4
544 279 6
545 279 6
545 280 6
545 281 1
545 281 1
546 282 0
546 283 0
546 284 0
547 285 0
547 286 0
547 287 0
547 288 0
547 288 0
547 289 0
547 290 0
547 291 0
547 292 0
547 293 0
547 293 0
547 294 0
547 295 0
548 296 0
548 297 0
548 298 0
548 299 0
548 300 0
548 301 0
549 301 0
549 301 0
549 302 0
549 303 0
549 304 0
549 305 0
549 306 0
549 307 2
549 308 8
549 309 8
549 310 9
550 310 9
550 311 9
551 312 3
552 313 0
553 313 0
554 314 3
555 314 3
555 314 3
556 314 3
557 314 3
558 314 3
559 314 2
560 314 2
560 315 16
561 315 20
561 316 20
562 316 20
562 317 27
563 318 31
563 318 31
564 318 22
564 319 18
565 319 18
565 320 20
566 320 12
566 322 22
567 322 22
567 322 22
568 322 14
569 322 14
570 322 7
571 322 4
572 322 4
573 322 9
573 322 9
573 321 0
574 321 0
575 321 6
575 320 6
576 320 17
577 320 17
577 319 0
578 319 17
579 319 17
579 318 3
580 318 18
580 317 18
581 317 18
581 316 3
581 315 3
582 315 17
582 314 0
582 313 0
583 312 0
583 311 0
584 311 0
584 310 0
584 309 0
585 309 0
585 308 0
585 307 0
585 306 0
585 305 0
585 304 0
585 303 0
585 302 0
585 302 0
585 301 0
585 300 0
585 299 0
584 298 0
584 297 0
584 297 0
583 297 0
583 295 0
583 295 0
581 295 0
581 294 0
581 293 0
581 292 0
581 291 0
581 290 6
581 289 12
581 288 12
580 288 12
580 287 8
580 287 8
580 286 8
579 286 0
579 285 5
579 284 5
578 284 5
578 283 5
578 281 10
578 281 10
577 281 12
577 280 10
577 279 10
576 278 13
576 277 16
576 276 16
576 276 16
576 275 16
576 274 16
575 274 14
575 273 11
575 272 11
574 272 11
574 271 14
573 271 14
573 270 12
572 270 12
571 270 12
570 270 6
569 269 0
568 268 2
568 267 2
568 266 5
567 266 0
567 265 0
566 264 0
566 263 0
566 262 0
565 262 0
565 261 0
565 260 0
565 259 9
564 259 9
564 258 19
564 257 19
564 257 19
564 256 21
563 256 19
563 254 17
563 253 16
562 253 5
562 252 5
562 251 12
562 250 12
561 250 12
561 249 14
561 248 14
561 247 13
561 246 13
561 245 13
561 245 13
560 244 8
560 243 8
560 242 8
560 242 8
560 241 12
559 241 12
559 240 12
559 239 12
559 238 12
559 237 11
559 237 11
559 236 11
559 235 10
559 234 16
559 233 16
559 232 18
559 232 18
560 231 18
560 230 15
560 229 16
560 228 16
560 227 22
560 226 22
560 225 19
560 224 19
559 224 19
559 223 17
559 222 21
559 221 21
559 220 20
558 220 19
558 219 19
558 218 17
557 218 15
557 217 11
557 216 11
557 215 12
556 215 12
556 214 12
556 214 12
556 213 16
556 212 16
556 211 14
556 210 12
556 209 12
556 208 11
555 208 6
555 207 6
555 206 4
555 206 4
555 205 4
555 204 4
555 203 4
555 203 4
555 202 4
555 201 11
555 200 11
555 199 19
555 198 19
555 197 19
555 196 15
555 195 15
555 195 15
555 194 13
555 193 13
554 193 13
554 192 13
554 191 15
553 191 14
553 190 14
553 189 16
552 188 16
551 187 14
550 187 9
549 187 9
549 186 9
548 186 2
547 186 2
546 185 0
545 185 0
545 185 0
Stop
New Layer
Start
546 182 8
545 182 0
545 184 0
545 184 0
544 184 0
544 185 0
543 185 0
543 186 0
543 187 0
542 187 0
542 188 0
542 188 0
542 189 0
541 189 0
541 190 0
540 190 0
540 191 0
539 191 0
539 193 0
539 193 0
538 193 5
538 194 3
538 195 10
538 196 10
538 197 7
538 198 7
538 199 11
538 199 11
538 200 12
538 201 12
538 202 10
539 202 2
539 203 2
539 204 0
540 204 0
540 204 0
540 205 0
540 206 0
541 206 0
541 207 1
541 208 1
541 209 1
541 210 1
541 211 3
541 212 2
541 213 2
541 214 2
541 215 2
542 216 0
542 217 0
542 218 4
543 218 4
543 219 9
543 219 9
543 220 9
543 221 10
543 222 10
543 223 10
543 224 17
543 225 17
543 226 11
543 226 11
543 227 11
543 228 14
544 228 3
544 229 3
544 230 4
544 231 2
544 232 2
545 233 4
545 234 4
545 234 4
545 235 4
545 236 8
545 237 8
545 238 11
545 239 11
545 240 8
546 240 0
546 241 0
546 242 0
546 242 0
546 243 0
546 244 0
546 245 0
546 246 0
546 247 0
546 248 0
546 249 0
546 250 0
546 250 0
546 251 0
546 252 0
546 253 0
546 254 0
546 255 0
546 256 0
546 256 0
546 257 0
546 258 0
545 258 4
545 259 0
545 260 0
544 260 0
544 261 0
544 262 1
544 263 1
544 264 2
544 264 2
544 265 2
544 266 4
544 267 0
543 267 4
543 268 4
543 269 7
543 270 7
543 271 8
543 272 6
543 273 6
543 274 6
543 274 6
543 275 6
543 276 8
543 277 8
544 278 4
544 279 6
544 280 6
544 281 1
545 281 1
545 282 1
546 283 0
546 284 0
546 285 0
546 286 0
547 287 0
547 288 0
547 289 0
547 289 0
547 290 0
547 291 0
547 292 0
547 293 0
547 294 0
547 295 0
547 296 0
547 297 0
547 298 0
548 298 0
548 299 0
548 300 0
548 301 0
548 302 2
548 302 2
548 303 3
548 304 3
548 305 7
548 306 7
548 307 6
548 308 14
549 308 8
549 308 8
549 309 8
551 309 0
551 310 1
551 311 1
551 312 3
552 312 0
552 313 0
552 314 5
553 314 5
554 315 12
554 315 12
555 315 12
556 316 14
557 316 14
558 316 15
558 316 15
558 317 23
559 317 24
560 317 24
560 318 24
561 318 27
561 319 28
562 319 28
562 320 29
563 320 28
564 321 20
564 321 20
565 321 20
565 322 27
566 322 22
567 322 22
568 322 14
568 323 14
569 323 14
570 323 7
570 323 7
572 323 4
572 323 4
573 323 9
574 323 9
575 323 17
575 322 17
576 322 24
576 320 17
577 320 17
578 319 17
579 319 17
579 318 3
579 318 3
579 317 3
580 317 18
580 317 18
581 317 18
582 316 17
582 315 17
583 315 23
583 314 11
584 314 11
584 313 0
584 313 0
585 313 6
585 312 6
585 311 2
585 310 2
585 310 2
585 309 0
585 308 0
585 307 0
585 306 0
585 305 0
585 304 0
585 303 0
586 302 0
586 301 0
586 301 0
586 300 0
586 299 0
586 298 0
585 297 1
585 297 1
585 296 1
584 296 0
584 295 0
584 295 0
584 294 5
584 293 5
584 292 6
583 292 6
583 291 6
583 290 11
582 290 13
582 289 17
582 288 17
581 288 12
581 287 8
580 287 8
580 286 8
580 285 9
579 285 5
579 285 5
579 284 5
578 284 5
578 283 5
578 282 10
578 281 10
578 280 11
578 279 11
578 278 9
578 277 12
578 276 12
577 275 16
577 275 16
577 275 16
577 274 16
576 273 12
576 272 12
575 272 11
574 272 11
574 271 14
573 271 14
573 270 12
572 270 12
572 269 12
571 269 12
570 268 11
569 268 2
569 267 2
568 266 5
568 265 1
567 265 0
567 264 0
566 263 0
566 262 0
565 261 0
565 260 0
565 260 0
564 259 9
564 258 19
564 258 19
564 257 19
564 256 21
564 255 21
563 255 19
563 254 17
563 253 16
563 251 25
563 251 25
563 250 25
563 249 30
562 249 14
562 248 14
562 247 13
562 246 13
562 245 13
562 245 13
562 244 11
562 243 11
562 242 6
562 241 10
562 240 10
562 239 10
561 238 10
561 238 10
561 237 10
561 236 10
561 235 10
561 234 16
561 233 16
561 233 16
560 233 16
560 232 18
560 231 18
560 230 15
560 230 15
560 229 16
560 228 16
560 227 22
560 226 22
560 225 19
560 224 19
559 224 19
559 223 17
559 222 21
559 221 21
559 220 20
559 219 20
559 218 22
559 217 23
559 216 23
558 216 17
558 215 15
558 214 15
558 214 15
558 213 19
558 212 19
558 211 17
558 210 17
558 209 17
558 208 17
557 208 11
557 207 11
557 207 11
557 206 13
557 205 11
557 204 11
557 203 14
557 202 14
557 201 18
557 200 18
557 199 17
557 198 20
556 198 20
556 197 20
556 196 18
555 196 15
555 195 15
555 194 13
555 194 13
554 194 13
554 193 13
554 192 13
553 191 14
553 190 14
553 189 16
552 189 16
552 188 16
551 188 8
551 187 14
551 187 14
551 186 16
550 186 9
549 185 9
548 185 2
548 184 6
547 184 6
546 184 0
545 184 0
544 184 0
543 184 0
543 184 0
Stop
New Layer
Start
545 182 0
545 183 0
544 183 0
544 183 0
544 184 0
543 184 0
543 185 0
543 186 0
543 187 0
542 187 0
542 188 0
542 189 0
542 190 0
541 190 0
541 191 0
541 192 0
541 193 0
541 194 0
541 195 0
541 196 0
541 197 0
541 197 0
541 198 0
541 199 0
541 200 0
541 201 0
541 202 0
541 202 0
541 203 0
541 204 0
541 205 0
541 206 0
541 207 1
541 208 1
541 209 1
541 210 1
541 211 3
541 212 2
541 212 2
541 213 2
540 213 2
540 214 2
540 215 2
540 216 4
540 217 4
540 218 9
540 219 13
540 220 13
540 221 13
540 222 13
540 223 12
540 224 15
540 225 15
540 226 17
540 227 17
541 228 22
541 229 22
541 229 22
541 230 24
541 231 20
541 232 20
542 232 14
542 233 14
542 234 14
542 235 14
542 235 14
543 235 14
543 237 16
543 238 11
543 238 11
543 239 11
543 240 7
543 241 7
543 242 9
543 243 14
544 243 9
544 244 9
544 244 9
544 245 7
544 246 7
544 247 5
544 248 8
544 249 8
544 250 8
544 250 8
544 251 8
544 252 4
544 253 4
544 254 9
544 255 8
544 256 8
544 256 8
544 257 4
544 258 4
544 259 0
543 259 9
543 260 7
543 261 7
543 262 10
542 262 10
542 263 10
542 264 11
542 265 11
542 265 11
542 266 3
542 267 4
542 268 4
541 268 5
541 269 5
541 270 5
541 270 5
541 271 9
541 272 6
541 273 6
541 274 4
541 275 4
541 275 4
541 276 10
540 276 10
540 277 10
540 278 8
540 279 5
540 280 5
540 281 8
540 282 8
540 282 8
540 283 6
540 284 7
540 285 7
540 285 7
540 286 9
540 287 9
540 288 8
540 289 8
540 289 8
540 290 9
540 291 11
540 292 11
540 293 12
540 294 12
540 295 12
540 295 12
540 296 8
540 297 8
540 297 8
540 298 7
541 298 7
541 299 7
541 300 10
542 300 3
542 301 3
542 302 4
542 303 8
543 303 8
543 304 8
543 304 8
543 305 18
543 306 18
543 307 22
543 308 19
543 309 19
544 309 22
544 310 17
544 311 17
545 311 17
545 312 16
545 313 16
546 313 17
546 314 14
547 315 18
548 315 18
549 315 19
549 316 19
550 316 19
551 316 16
552 317 24
552 317 24
553 317 24
554 317 22
554 318 22
555 318 22
556 318 22
557 318 22
557 319 26
558 319 24
559 319 26
560 319 26
561 319 28
562 319 28
562 320 29
563 320 28
564 320 20
564 321 20
565 321 20
566 321 12
566 321 12
567 321 12
567 322 22
568 322 14
569 322 14
570 322 7
571 322 4
571 322 4
572 322 4
573 322 9
574 322 9
575 322 17
576 322 24
577 322 24
578 321 26
579 321 26
579 320 26
579 319 17
579 319 17
580 319 32
580 318 18
581 318 18
581 317 18
582 317 30
582 316 17
583 316 23
583 315 23
585 315 25
585 314 17
586 314 17
586 313 6
587 313 15
587 313 15
587 312 15
588 312 18
588 311 17
588 310 17
589 310 17
589 309 10
590 309 7
590 308 7
590 307 6
591 307 6
591 306 12
591 305 12
591 305 12
591 304 6
591 303 6
591 303 6
592 302 8
592 301 11
592 300 11
592 299 16
592 298 16
592 297 15
592 296 15
592 295 14
592 294 21
592 294 21
592 293 21
592 292 16
592 291 16
591 290 15
591 289 9
590 288 9
590 287 13
590 286 13
590 286 13
590 285 15
590 285 15
590 284 15
589 284 16
589 283 16
588 282 9
588 281 9
588 281 9
588 280 13
587 280 8
587 279 8
587 278 8
586 278 5
586 277 16
586 276 16
586 276 16
586 275 12
586 274 12
585 274 12
585 273 6
583 273 9
583 272 9
582 272 20
582 271 16
581 270 18
580 269 18
580 268 17
579 268 15
579 267 15
578 267 15
578 266 12
577 265 11
577 264 11
577 264 11
576 264 11
576 263 13
575 262 13
575 261 14
575 261 14
575 260 14
575 259 17
574 259 17
574 258 18
573 258 18
573 257 18
572 257 17
572 256 18
571 255 18
571 254 17
570 254 18
570 253 25
570 252 25
569 252 17
569 251 15
569 250 15
568 249 13
568 248 13
568 247 12
568 246 10
568 246 10
567 246 14
567 245 14
567 244 12
566 244 12
566 243 12
566 242 14
565 241 11
565 240 11
565 239 12
564 239 12
564 238 12
564 237 14
563 237 12
563 236 12
563 236 12
563 235 12
563 234 14
563 233 14
563 232 16
562 232 18
562 231 18
562 230 20
562 229 19
562 228 19
562 227 22
562 226 22
562 225 17
562 225 17
562 224 17
562 224 17
562 223 16
562 222 20
562 221 20
562 220 23
560 219 20
560 218 22
560 218 22
560 217 23
560 217 23
560 216 23
560 215 19
560 214 19
560 213 18
560 212 18
560 211 21
560 210 23
559 209 23
559 208 23
559 207 23
559 207 23
559 206 23
559 205 25
559 204 25
558 203 18
558 202 18
558 202 18
558 201 14
558 200 14
557 200 18
557 199 17
557 198 20
557 197 20
557 196 18
557 195 18
557 194 14
556 193 12
556 192 12
556 191 15
556 190 15
556 190 15
555 190 15
555 189 20
555 189 20
555 188 20
554 188 20
554 187 24
553 187 21
552 186 22
552 186 22
552 185 22
551 185 16
550 185 9
549 185 9
548 185 2
548 184 6
547 184 6
546 184 0
545 184 0
544 184 0
543 184 0
542 184 0
542 184 0
Stop
