New Layer
Start
640 490 172
639 490 173
638 490 173
638 491 178
637 491 175
637 491 175
636 491 175
636 493 177
635 494 167
635 495 167
634 495 164
634 496 174
634 497 174
634 498 174
634 499 168
634 500 168
633 501 165
633 502 165
633 503 157
633 504 160
632 504 166
632 505 166
632 506 160
632 506 160
632 507 160
632 508 163
632 509 165
632 510 165
631 510 165
631 511 167
631 512 167
631 513 166
630 513 163
630 514 151
630 515 151
630 516 157
630 517 157
630 518 162
630 519 162
630 520 159
630 521 152
630 522 152
630 523 147
630 524 147
630 525 138
630 526 134
630 527 134
631 528 138
631 529 138
632 530 143
632 531 143
633 531 151
633 532 145
634 533 145
634 534 145
634 535 141
634 536 141
635 537 154
635 538 157
635 539 157
635 540 159
635 541 159
635 542 164
635 542 164
636 542 178
636 543 178
636 544 170
636 546 164
636 547 159
636 548 159
636 548 159
636 549 156
636 550 155
636 551 155
636 552 154
636 553 154
636 554 157
636 555 157
636 555 157
637 556 155
637 557 158
637 558 158
637 558 158
637 560 150
637 561 149
637 562 153
637 563 153
637 563 153
637 564 161
637 565 161
637 566 161
637 567 158
637 568 158
637 569 158
637 570 158
637 571 163
637 572 163
637 573 176
637 574 180
637 575 180
637 576 178
637 576 178
637 577 178
637 578 186
637 579 199
637 580 199
637 581 194
636 582 194
636 583 198
636 584 198
635 585 181
635 586 185
635 587 185
635 588 190
634 588 172
634 589 172
634 590 176
634 591 181
634 591 181
634 592 181
634 593 186
633 593 186
633 594 186
633 595 198
632 596 174
632 597 176
632 598 188
632 599 188
631 599 188
631 600 196
631 601 196
631 602 196
631 603 198
631 604 198
630 604 184
630 605 187
630 606 187
630 606 187
629 607 184
629 608 184
629 609 187
629 610 177
628 611 168
628 612 166
628 612 166
628 613 166
628 614 167
628 615 161
628 615 161
629 615 173
629 616 173
630 616 173
630 617 156
631 618 168
632 619 161
632 620 146
633 620 165
633 621 165
634 621 165
634 622 152
635 623 163
635 624 143
636 624 152
636 625 152
637 625 152
637 626 124
638 626 125
639 626 125
640 626 134
640 627 111
641 627 121
641 627 121
642 627 121
643 627 129
644 627 129
645 627 133
646 627 134
647 627 134
648 627 133
649 627 133
650 627 131
651 627 131
652 627 129
653 627 127
654 627 127
654 627 127
655 627 126
656 627 126
657 627 125
657 626 147
658 626 146
659 626 146
660 626 149
661 625 168
661 625 168
662 625 161
662 624 161
663 624 161
664 624 154
665 623 167
666 623 167
666 623 167
667 623 159
668 623 159
668 622 159
669 622 152
670 622 135
670 621 167
671 621 167
671 620 167
672 620 148
673 620 148
673 619 173
674 619 153
675 619 153
675 618 174
676 618 158
677 617 139
678 617 139
678 616 165
679 616 149
679 615 149
680 615 149
680 614 166
681 614 150
681 613 168
682 613 152
682 612 152
682 611 166
683 610 166
684 610 147
684 609 165
685 609 165
685 609 165
685 608 176
686 608 161
687 606 175
688 605 163
689 605 151
689 604 166
690 603 166
690 602 169
691 602 155
691 601 165
692 600 165
692 599 184
693 599 169
693 598 169
694 598 153
694 597 166
694 597 166
695 597 166
695 596 173
696 596 164
696 595 164
697 594 168
697 593 168
698 593 159
698 592 162
698 591 162
698 589 162
699 589 153
699 588 153
699 587 155
700 587 155
700 586 155
701 585 151
701 585 151
701 584 150
702 584 150
702 583 150
702 582 141
703 582 147
703 581 147
704 581 147
704 580 151
704 580 151
705 580 149
705 579 149
705 578 149
705 576 145
706 576 145
706 575 148
707 574 148
708 573 148
708 573 148
709 572 155
709 571 155
710 570 150
710 569 150
711 568 136
711 567 136
712 566 140
712 565 146
712 564 146
713 563 127
713 562 127
713 561 140
714 561 140
714 560 144
714 559 144
714 558 145
715 558 133
715 557 133
715 556 142
716 555 153
716 555 153
716 554 153
717 554 128
717 553 139
718 553 117
718 552 117
718 552 117
719 552 117
719 551 127
719 550 127
720 550 97
720 549 112
720 548 112
720 547 112
720 546 115
721 546 115
721 545 115
721 544 120
721 543 133
722 543 102
722 542 102
723 541 90
723 540 90
723 540 90
724 539 98
724 538 98
724 537 92
724 536 109
724 535 109
725 534 91
725 533 91
725 532 96
725 531 93
725 530 93
725 529 98
726 528 98
726 527 111
727 526 87
727 525 94
728 524 95
728 523 95
728 522 100
728 521 100
729 521 70
729 520 78
729 519 85
729 518 85
729 517 84
729 516 84
729 515 89
729 514 89
729 514 89
729 513 91
729 512 90
729 511 90
729 510 94
729 509 94
729 508 91
729 507 90
729 506 90
729 505 86
729 504 86
729 504 86
729 503 98
729 502 98
729 501 98
729 500 96
729 500 96
729 499 96
729 497 91
728 497 115
728 497 115
728 496 103
727 496 103
727 495 101
727 494 101
726 494 119
726 493 110
725 492 110
725 492 110
725 491 107
724 491 119
724 490 113
723 490 113
723 489 113
722 489 132
722 488 123
721 487 141
721 486 133
720 486 133
720 485 133
720 485 133
720 484 125
720 483 116
719 483 125
719 482 125
718 482 125
718 481 120
717 480 130
717 479 125
716 478 123
715 477 123
715 476 118
714 476 132
714 475 132
713 475 132
713 474 119
712 474 125
711 473 125
710 473 134
710 472 128
709 472 135
708 472 135
708 471 122
707 471 126
706 471 126
705 470 133
704 470 146
703 470 146
703 469 140
702 469 137
701 469 137
700 469 143
700 468 143
700 468 143
699 468 143
698 468 153
697 468 171
696 468 171
695 468 185
694 469 185
694 470 195
693 470 203
693 471 203
693 472 193
693 473 194
693 474 194
693 475 198
693 476 198
693 477 199
693 478 199
693 479 197
692 479 196
692 479 196
692 480 188
692 481 188
691 481 188
691 482 180
691 483 180
690 483 183
690 482 183
690 482 183
690 482 183
689 482 183
688 482 189
687 482 199
686 482 199
685 482 214
684 482 214
684 483 214
683 483 227
682 483 227
681 483 227
680 483 218
679 483 218
679 484 207
679 484 207
678 484 202
677 484 202
676 484 200
676 485 187
675 485 185
674 485 185
673 485 187
672 485 187
671 485 184
670 486 184
670 487 169
670 488 169
670 489 159
670 490 159
671 491 158
671 492 156
672 492 144
672 493 144
673 493 144
673 494 165
674 494 147
674 495 147
674 496 160
675 496 160
675 497 162
676 497 149
676 498 149
676 498 149
676 499 167
677 499 163
677 500 163
678 500 163
678 501 166
679 501 166
679 502 166
680 502 166
680 503 176
681 503 179
681 504 184
681 504 184
681 505 184
682 505 194
682 506 202
683 506 202
684 507 202
685 507 202
685 508 207
686 508 206
686 509 210
687 509 210
687 509 210
688 509 198
688 510 198
689 511 191
689 512 191
690 512 191
690 513 197
690 514 206
690 515 206
691 515 191
691 516 203
691 517 203
692 517 203
692 517 203
693 518 193
693 519 193
693 520 188
694 520 175
694 521 189
694 522 189
694 523 192
695 523 192
695 524 192
695 525 195
695 526 195
696 526 179
696 527 179
696 527 179
696 528 183
696 529 183
696 530 180
696 531 180
695 531 189
695 532 178
694 532 178
693 532 185
693 533 167
692 533 158
691 533 158
690 534 147
689 534 147
688 534 137
687 534 130
686 534 130
685 533 120
684 533 120
684 532 148
683 532 142
683 531 169
683 530 169
682 530 169
682 529 185
682 528 185
681 528 175
680 527 186
679 527 186
679 526 186
678 526 175
678 525 186
677 525 186
677 524 204
676 524 193
675 524 184
675 523 184
674 523 184
674 522 196
673 522 186
673 521 186
672 521 186
671 520 194
671 519 195
670 518 195
669 517 205
669 516 205
668 516 200
668 515 212
667 514 212
667 513 211
666 513 210
666 512 206
665 512 206
665 512 206
664 512 211
664 511 211
663 511 207
663 510 219
662 509 219
661 508 217
661 507 216
660 507 216
660 506 216
659 506 220
659 505 210
659 504 210
658 504 210
658 503 198
657 502 192
657 501 192
656 501 198
656 501 198
656 500 209
655 500 209
655 499 209
655 498 210
654 498 209
654 497 209
653 496 196
653 495 197
652 495 199
652 494 199
652 493 203
651 493 200
651 493 200
650 493 200
650 492 200
649 492 193
648 492 193
647 491 179
647 491 179
646 491 179
645 491 176
644 491 169
643 491 169
642 491 172
641 491 172
640 491 178
639 491 178
639 491 178
Stop
New Layer
Start
645 491 176
644 491 169
643 491 169
642 491 172
641 491 172
640 491 178
639 491 178
638 491 178
638 492 174
638 493 174
637 493 177
637 494 168
636 494 168
636 495 168
636 496 170
635 496 173
635 497 173
635 498 173
634 498 174
634 499 168
634 500 168
633 501 165
633 501 165
633 502 165
633 503 157
633 504 160
633 505 160
633 506 159
633 507 159
633 508 164
633 509 163
633 510 163
633 511 166
632 512 167
632 512 167
632 513 166
631 513 166
631 514 157
631 515 157
631 516 164
631 517 164
631 517 164
631 518 170
631 519 170
631 520 169
631 521 166
631 522 166
631 523 157
631 524 157
631 525 152
631 526 142
632 527 142
632 528 138
633 528 155
633 529 155
633 530 151
634 530 151
634 531 151
634 532 145
635 533 154
635 534 154
635 535 158
635 536 158
636 536 166
636 537 167
636 538 163
636 539 163
636 539 163
637 541 170
637 541 170
637 542 178
637 543 178
637 543 178
637 544 170
637 545 164
637 546 164
638 547 163
638 547 163
638 548 163
638 549 166
638 549 166
638 550 164
638 551 164
638 552 163
638 553 163
638 554 167
638 555 167
638 556 161
638 557 168
638 558 168
638 559 163
638 560 163
638 561 168
639 562 165
639 563 165
639 564 171
639 565 171
639 566 160
639 567 167
639 568 167
639 569 168
639 569 168
639 571 170
640 571 167
640 571 167
640 572 167
640 573 172
640 574 188
640 575 188
640 576 197
640 577 197
640 578 187
640 579 192
640 580 192
640 581 197
640 582 197
640 583 194
640 583 194
640 584 194
640 585 202
640 586 205
639 587 205
639 588 205
639 589 205
638 589 205
638 589 205
638 590 215
637 590 217
637 592 220
637 592 220
636 593 223
636 594 223
635 594 208
635 595 212
635 595 212
634 595 198
634 596 198
634 597 202
634 598 214
634 599 214
634 599 214
634 600 218
634 601 218
633 601 218
633 602 217
633 603 220
632 603 198
632 604 198
632 604 198
631 605 196
631 606 196
631 606 196
631 607 194
630 607 184
630 608 184
630 609 187
630 609 187
630 610 177
629 611 177
629 612 175
629 613 175
629 615 173
629 615 173
629 616 173
629 617 156
629 618 156
629 618 156
629 619 144
629 620 127
630 621 127
630 621 127
631 621 146
631 622 133
632 623 133
633 623 152
633 624 131
634 624 131
634 625 131
635 625 143
636 626 124
636 626 124
637 627 102
638 627 105
639 627 105
640 627 111
641 627 121
642 627 121
643 627 129
644 627 129
645 627 133
646 627 134
647 627 134
648 627 133
648 627 133
649 627 133
650 627 131
651 627 131
652 627 129
653 627 127
653 627 127
654 627 127
655 627 126
656 627 126
657 627 125
658 627 124
659 627 124
660 627 128
661 627 128
662 626 143
663 626 143
663 625 161
664 625 154
665 625 143
665 624 143
666 624 143
667 624 127
668 623 159
669 623 152
670 622 135
671 622 135
672 622 112
673 621 148
674 621 127
675 620 127
676 620 103
677 620 82
678 620 82
678 619 110
679 619 92
679 618 121
680 617 121
680 616 149
680 615 149
681 615 127
681 614 150
682 614 132
682 613 152
683 612 152
684 611 147
685 611 147
686 610 132
686 610 132
687 610 132
687 609 151
688 609 134
689 608 134
690 607 134
690 607 134
691 606 133
692 605 133
693 605 118
693 604 134
694 604 119
694 603 119
695 603 119
695 602 134
696 602 124
697 601 132
697 600 132
698 600 117
698 599 127
699 598 113
699 598 113
700 598 113
700 597 130
701 597 118
701 596 122
701 595 122
701 594 129
702 593 129
702 592 133
702 591 133
702 590 135
702 589 139
702 588 139
702 586 152
703 586 134
703 585 143
703 584 148
703 584 148
703 583 148
703 582 147
704 581 147
704 580 151
704 579 151
705 578 149
705 577 145
706 576 145
707 575 148
707 574 148
707 573 149
708 573 148
708 572 155
708 571 155
709 571 155
709 570 159
710 570 150
710 569 150
711 568 136
711 567 136
712 567 136
712 566 140
712 566 140
713 566 117
713 565 127
713 564 127
714 564 127
714 563 127
714 562 127
715 562 103
715 561 120
715 560 125
716 559 125
716 558 133
716 557 133
717 557 113
717 556 120
717 555 128
717 554 128
718 554 99
718 553 117
718 552 117
718 552 117
719 552 117
719 551 127
719 550 127
720 550 97
720 549 112
720 548 112
720 547 112
721 547 112
721 546 115
721 545 115
721 544 120
721 544 120
721 543 133
722 543 102
722 542 102
722 541 114
722 540 114
723 539 98
723 538 98
723 537 92
724 537 92
724 535 109
724 534 123
724 534 123
725 534 91
725 533 91
725 532 96
726 532 96
726 531 93
726 530 93
727 529 74
727 528 74
727 527 87
728 527 87
728 526 87
728 525 94
729 525 65
729 524 67
729 523 67
729 522 70
729 521 70
730 521 64
730 520 68
730 519 76
730 518 76
730 517 69
730 517 69
730 516 69
730 515 74
730 514 74
730 513 75
731 513 75
731 512 75
731 512 75
731 510 80
731 509 80
731 509 80
731 508 78
731 507 75
731 506 75
731 505 76
731 504 76
731 503 80
730 503 80
730 502 83
730 501 83
729 501 98
729 500 96
729 500 96
728 500 124
728 499 124
728 498 115
727 498 115
727 497 115
727 496 103
726 496 122
726 496 122
725 496 122
725 495 119
724 495 136
724 494 136
724 493 126
723 493 126
723 492 126
723 491 119
723 490 113
722 490 132
722 489 132
722 488 123
721 487 141
721 486 133
721 485 133
720 485 133
719 484 135
718 484 135
718 483 125
717 482 131
717 482 131
716 482 135
715 481 140
715 480 140
714 480 148
714 479 142
713 479 142
713 478 137
712 478 147
712 477 147
711 477 147
711 476 133
710 476 138
710 475 138
709 475 149
709 474 141
708 474 141
708 474 141
707 474 147
706 474 147
706 473 147
705 473 153
704 473 160
704 472 156
703 472 156
702 472 159
702 472 159
701 472 159
700 472 168
699 472 168
698 472 173
697 472 181
697 473 193
696 473 193
695 474 197
694 475 199
694 476 199
693 476 198
693 477 199
693 478 199
693 478 199
693 479 197
692 479 196
692 480 188
692 481 188
692 482 180
691 483 180
691 484 165
690 484 168
689 485 155
688 485 172
688 486 172
687 486 184
686 486 184
685 486 187
684 486 187
683 487 153
682 487 153
681 487 145
680 487 142
680 487 142
679 487 142
678 488 148
677 488 148
676 488 154
675 488 158
675 489 146
674 489 146
673 489 148
673 490 148
673 490 148
673 491 147
674 491 138
674 492 135
675 492 135
675 493 135
675 494 147
676 494 134
676 495 134
676 496 145
677 497 142
677 498 142
678 498 142
678 499 163
679 499 162
679 500 162
680 500 162
681 500 160
681 501 169
682 502 169
682 502 169
682 503 183
683 503 183
683 504 194
685 505 194
685 506 202
686 507 195
686 508 206
686 508 206
686 509 210
687 509 210
687 510 210
688 510 198
688 511 205
688 511 205
689 511 191
689 512 191
689 513 197
690 513 197
690 514 206
690 516 207
691 516 203
691 516 203
691 517 203
692 517 203
692 518 198
692 518 198
693 518 193
693 519 193
693 520 188
693 521 203
694 521 189
694 522 189
694 523 192
694 524 192
694 524 192
694 525 195
694 526 195
694 527 195
694 528 197
694 529 197
695 529 197
695 530 189
695 531 189
695 532 178
695 533 164
695 534 164
694 534 164
694 535 142
693 535 149
692 535 148
691 535 148
690 535 140
689 535 140
689 535 140
688 535 133
687 535 117
686 534 130
685 533 120
685 533 120
684 533 120
684 531 181
683 531 169
683 530 169
682 530 169
682 529 185
681 529 175
680 528 167
679 528 167
678 528 157
678 527 175
677 527 175
677 526 175
676 526 165
676 525 181
675 525 177
674 524 184
674 523 184
673 523 179
673 522 186
673 521 186
673 521 186
673 520 194
673 519 200
672 518 200
672 517 210
671 517 207
671 516 207
671 515 206
670 515 206
669 515 211
669 514 211
668 514 212
667 513 211
666 513 210
665 513 210
664 513 207
664 512 211
663 512 207
663 512 207
662 512 207
662 511 207
661 510 211
661 509 211
661 509 211
661 508 217
660 507 216
660 506 216
660 505 207
659 505 210
659 504 210
659 503 198
658 502 195
658 501 195
657 501 192
657 500 205
656 500 209
656 499 209
656 498 210
655 498 210
655 497 210
655 496 199
654 496 196
653 496 196
653 495 197
652 495 199
651 494 195
650 494 195
649 494 186
648 494 186
647 494 179
647 493 184
647 493 184
646 493 184
645 493 178
644 493 172
643 493 172
642 493 171
641 493 171
640 492 172
639 492 174
638 492 174
638 492 174
638 492 174
Stop
New Layer
Start
630 489 130
630 490 130
630 491 134
628 491 120
628 492 122
627 492 119
627 493 119
627 494 126
626 494 126
626 495 126
626 496 120
626 497 118
625 497 113
625 498 113
625 499 121
624 499 121
624 500 121
624 500 121
623 500 106
623 501 102
623 502 102
622 502 89
622 503 92
622 504 95
621 505 95
621 506 109
620 507 96
620 508 104
620 509 100
620 510 100
620 511 103
620 512 103
620 513 103
620 514 97
620 514 97
620 515 97
620 516 98
621 516 106
621 517 106
621 518 105
622 518 105
622 519 105
622 520 105
622 521 106
622 522 106
622 523 102
622 524 102
622 524 102
622 525 97
622 526 87
623 526 108
623 527 108
623 528 102
623 529 102
623 530 92
623 531 92
624 532 105
624 532 105
624 533 110
624 534 110
624 535 102
624 536 102
624 537 98
624 537 98
624 538 94
624 539 94
625 539 94
625 540 89
625 540 89
625 541 89
625 542 95
625 543 95
625 544 88
625 545 100
625 546 100
625 547 89
625 547 89
625 548 89
625 549 90
625 549 90
625 550 90
625 551 90
625 552 95
625 553 95
625 555 93
625 555 93
625 556 91
625 557 92
625 558 92
625 559 98
625 559 98
625 560 98
625 561 92
625 562 97
625 563 97
625 564 99
626 564 109
626 565 109
626 566 110
626 567 111
626 568 111
626 569 108
627 569 108
627 570 108
627 571 103
627 572 103
627 573 113
627 574 116
627 575 116
627 576 118
627 577 118
627 579 125
627 579 125
627 580 125
627 580 125
627 581 132
627 582 132
627 583 133
627 584 133
627 584 133
627 585 133
627 586 138
627 587 138
627 588 142
626 588 142
626 589 142
626 590 143
626 591 144
626 591 144
626 592 144
626 593 148
626 594 148
626 595 151
626 596 151
626 597 159
626 598 165
626 599 165
625 599 155
625 600 158
625 601 158
625 602 162
624 602 162
624 603 156
624 604 156
623 605 138
623 606 138
623 607 142
623 608 142
623 609 142
623 610 137
623 610 137
624 610 146
624 611 146
624 612 141
624 613 141
625 613 141
625 614 135
625 615 131
626 616 149
626 617 137
626 617 137
627 618 137
627 619 122
628 619 130
628 620 115
629 620 127
629 621 127
630 621 127
630 622 117
631 622 133
632 622 133
632 623 133
633 623 152
633 624 131
634 624 131
635 624 143
635 625 143
636 625 152
637 625 152
637 626 124
637 626 124
638 626 125
638 627 105
639 627 105
640 627 111
640 628 111
641 628 121
642 628 121
643 628 129
643 628 129
644 628 129
645 628 133
646 628 134
647 628 134
648 628 133
649 628 133
650 628 131
651 628 131
652 628 129
653 628 127
653 628 127
654 628 127
655 628 126
656 628 126
657 628 125
658 628 124
658 627 124
659 627 124
660 627 128
661 627 128
661 626 149
662 626 143
663 626 143
663 625 161
664 625 154
665 624 143
666 624 143
667 624 127
668 624 127
669 624 111
669 623 152
670 623 135
671 623 135
671 622 135
672 622 112
673 622 112
673 622 112
673 621 148
674 621 127
675 620 127
677 619 110
678 619 110
679 619 92
679 618 121
680 618 121
681 618 103
681 617 103
681 617 103
682 616 107
683 616 107
684 616 93
685 616 93
686 615 82
687 615 82
687 615 82
687 614 95
688 613 105
689 612 100
690 612 100
690 611 110
691 611 106
691 610 106
692 610 106
693 610 99
693 609 100
694 609 94
695 608 101
696 608 97
696 607 97
697 607 97
697 606 103
698 606 97
699 606 93
699 605 93
700 605 93
700 604 103
701 604 94
701 603 94
702 603 94
702 603 94
702 602 100
703 602 95
703 601 97
703 600 97
704 599 106
704 598 106
704 597 107
704 596 109
705 595 100
705 594 101
706 594 101
706 593 101
706 592 101
706 591 101
707 591 101
707 590 104
707 590 104
707 589 101
707 588 101
708 588 89
708 587 92
708 586 92
709 586 92
709 585 96
710 584 90
710 584 90
711 584 86
711 583 86
711 582 86
712 582 86
712 581 86
713 579 72
713 579 72
713 578 79
713 577 76
713 576 76
714 576 76
714 575 83
714 574 83
715 573 73
715 573 73
715 572 70
716 572 70
716 571 70
716 570 75
716 569 75
716 569 75
716 568 85
716 567 85
716 566 82
716 565 92
717 564 74
717 563 82
717 562 82
718 562 65
718 561 78
718 560 79
719 560 79
719 559 79
719 558 93
719 557 93
719 557 93
720 556 79
720 555 76
720 554 76
720 553 90
720 552 90
721 552 90
721 551 97
721 550 97
721 549 112
721 549 112
721 548 112
721 547 112
721 546 115
721 545 115
722 545 86
722 544 93
722 543 102
722 542 102
723 542 76
723 541 90
724 540 90
724 539 98
724 538 98
725 538 74
725 537 68
725 536 79
726 536 79
726 535 79
726 534 91
727 534 67
727 533 67
727 532 77
728 531 71
728 530 71
728 529 74
729 528 56
729 527 64
730 526 57
730 525 59
730 524 67
731 524 67
731 524 67
731 523 67
732 523 63
732 522 58
732 521 58
732 520 60
732 519 64
732 518 64
732 518 64
732 517 58
733 517 58
733 516 58
733 515 61
733 514 61
733 513 63
733 513 63
733 512 63
734 511 61
734 510 62
734 509 62
734 508 64
734 507 61
734 506 61
734 505 59
734 505 59
734 504 59
734 503 57
734 502 57
733 501 65
733 500 60
732 500 60
732 499 60
731 499 75
731 498 75
730 498 75
729 497 91
729 496 92
728 496 103
728 495 101
727 495 101
727 494 101
726 493 110
726 493 110
725 493 110
725 492 110
725 492 110
725 491 107
725 490 99
725 489 99
723 489 113
723 488 101
723 487 101
723 486 101
723 485 101
723 484 94
723 483 87
722 483 101
722 482 101
722 481 92
722 481 92
721 481 107
721 479 102
721 478 95
721 477 95
720 477 95
720 476 86
719 476 91
719 475 91
718 475 91
718 474 87
717 474 97
717 474 97
716 474 108
716 473 108
715 473 108
715 472 95
714 472 110
714 471 94
713 471 94
713 470 94
712 470 104
711 469 94
710 469 102
710 468 102
709 468 111
708 468 111
708 467 99
707 467 109
706 467 109
705 467 118
705 466 98
704 466 106
703 466 106
702 466 115
701 466 115
701 466 115
700 466 129
699 466 129
698 466 133
697 466 135
697 467 154
696 467 154
695 468 185
694 469 185
694 470 195
693 470 203
693 471 203
693 472 193
692 472 194
692 473 191
692 474 191
692 475 199
692 476 199
692 477 202
691 477 202
691 478 202
691 479 196
690 479 198
690 480 189
690 480 189
689 480 189
688 480 192
688 481 192
687 481 203
687 481 203
686 482 199
685 482 214
683 483 227
683 483 227
682 483 227
681 484 214
680 484 207
679 484 207
678 484 202
677 484 202
677 485 183
676 485 187
675 485 185
675 486 185
674 486 185
674 487 158
673 488 163
673 489 148
673 489 148
673 490 148
673 491 147
673 492 144
674 492 135
674 493 135
675 493 135
675 494 147
676 494 134
676 495 134
677 495 128
677 497 142
678 497 142
678 497 142
679 497 148
679 498 148
680 498 148
680 499 162
681 499 160
681 500 160
682 500 161
683 501 169
683 502 169
684 502 165
685 502 165
685 503 180
686 503 173
686 504 187
687 504 187
687 505 187
687 506 195
687 506 195
687 507 195
687 508 206
688 509 198
688 510 198
689 510 186
689 511 191
690 512 191
690 513 197
691 513 177
691 514 191
692 514 191
692 514 191
693 514 172
693 515 172
694 515 153
694 516 167
695 516 167
695 517 167
695 518 173
696 518 148
696 519 148
696 520 159
696 521 166
697 521 166
697 522 166
698 523 152
698 524 152
698 525 157
698 526 164
698 526 164
698 527 164
698 528 169
698 529 169
698 530 170
698 530 170
698 531 170
698 532 158
698 533 145
697 534 151
696 535 136
695 536 142
695 536 142
695 537 141
694 537 141
693 537 142
692 537 137
691 537 137
690 537 130
689 537 130
689 537 130
688 537 124
687 537 109
686 536 117
685 536 106
684 535 106
683 535 94
682 535 94
682 534 110
681 534 107
680 534 108
679 534 108
678 533 106
677 533 106
676 533 97
676 532 114
676 532 114
675 532 102
674 532 102
673 532 94
672 532 94
672 531 113
671 531 102
670 531 102
670 530 102
669 530 93
668 530 87
667 530 87
667 529 105
666 529 97
666 529 97
666 528 97
665 528 97
665 527 123
664 527 115
664 526 115
662 525 111
662 524 125
662 524 125
662 523 125
661 522 136
661 521 136
660 521 136
660 520 144
659 520 128
659 520 128
658 520 128
658 519 135
657 518 127
657 517 134
656 516 128
656 515 151
655 515 151
655 514 151
655 514 151
654 514 148
654 513 151
654 512 157
653 512 157
653 511 157
653 510 165
652 510 158
652 510 158
652 509 158
652 508 161
651 508 148
651 507 151
651 506 151
651 505 158
651 504 158
651 503 166
651 502 167
651 501 167
650 501 167
650 500 181
650 499 181
649 499 169
649 498 179
648 498 179
648 497 179
648 496 182
648 495 186
647 495 179
647 494 179
647 493 184
646 493 184
646 492 184
645 492 178
645 491 176
644 491 169
643 491 169
643 490 174
642 489 172
641 489 172
641 489 172
640 489 172
639 489 173
638 489 173
637 489 177
636 489 177
635 489 174
634 489 165
633 489 165
632 489 144
631 489 144
630 489 130
629 489 130
628 489 115
627 489 104
627 489 104
626 489 104
626 489 104
Stop
