New Layer
Start
164 126 26
165 126 26
168 123 26
172 122 26
176 119 26
182 116 26
188 113 26
194 110 26
204 104 26
206 103 26
207 101 26
207 100 26
207 102 26
207 104 26
207 107 26
207 111 26
206 115 26
206 121 26
205 135 26
205 141 26
204 147 26
204 151 26
204 155 26
204 159 26
204 161 26
204 163 26
204 164 26
204 167 26
204 169 26
204 170 26
204 171 26
204 172 26
204 172 26
Stop
Start
152 181 26
154 181 26
157 179 26
161 176 26
167 174 26
174 171 26
192 165 26
201 163 26
208 162 26
216 160 26
223 158 26
229 156 26
234 155 26
237 154 26
240 153 26
242 152 26
243 152 26
244 152 26
245 151 26
246 151 26
247 151 26
248 151 26
248 151 26
Stop
New Layer
Start
416 127 26
416 126 26
417 124 26
419 121 26
422 117 26
425 115 26
429 111 26
432 108 26
441 104 26
444 103 26
447 103 26
450 103 26
453 103 26
456 104 26
458 106 26
461 107 26
463 110 26
465 113 26
467 117 26
469 121 26
469 127 26
469 132 26
469 139 26
468 146 26
465 151 26
462 156 26
459 164 26
449 174 26
445 177 26
440 181 26
436 183 26
433 184 26
428 185 26
425 185 26
423 185 26
421 185 26
419 183 26
416 181 26
412 179 26
409 175 26
409 171 26
409 169 26
409 167 26
409 165 26
411 164 26
413 163 26
415 163 26
416 163 26
417 163 26
420 163 26
424 164 26
428 166 26
433 169 26
438 173 26
442 176 26
446 180 26
450 184 26
452 186 26
453 187 26
454 189 26
456 191 26
456 192 26
457 192 26
457 192 26
Stop
New Layer
Start
140 238 26
141 238 26
150 238 26
154 238 26
157 239 26
159 240 26
162 241 26
164 242 26
167 245 26
169 246 26
172 249 26
174 253 26
175 256 26
175 259 26
175 262 26
173 265 26
171 268 26
169 271 26
167 272 26
165 275 26
164 276 26
162 277 26
162 278 26
162 279 26
161 279 26
162 279 26
166 280 26
169 282 26
174 283 26
177 284 26
180 286 26
185 288 26
185 289 26
186 290 26
187 291 26
187 293 26
186 294 26
184 296 26
182 298 26
179 300 26
177 301 26
174 303 26
170 304 26
167 304 26
163 305 26
159 306 26
148 306 26
143 306 26
138 305 26
135 304 26
131 302 26
126 299 25
123 297 25
119 293 117
116 290 119
113 285 118
113 285 118
Stop
New Layer
Start
442 247 26
442 248 26
442 249 26
442 251 26
442 253 26
442 256 26
442 259 26
442 262 26
442 266 26
442 270 26
442 274 26
442 277 26
442 279 26
442 282 26
443 282 26
445 285 26
446 285 26
447 286 26
449 286 26
452 286 26
455 286 26
460 285 26
465 284 26
471 282 26
477 280 26
480 279 27
483 278 26
484 278 26
485 277 26
486 277 25
486 277 25
Stop
Start
469 259 26
469 260 26
469 261 26
469 263 26
469 267 26
469 280 26
469 287 26
469 295 26
469 302 26
469 310 26
469 317 26
469 323 26
469 330 26
469 335 26
469 338 26
469 341 26
469 343 26
469 344 26
469 345 26
469 344 26
469 344 26
Stop
