New Layer
Start
267 175 26
268 175 26
268 176 26
268 177 26
268 178 26
268 179 26
267 180 26
266 180 26
265 182 26
264 183 26
263 184 26
262 186 28
260 187 30
258 188 25
257 189 20
254 191 31
253 191 26
251 192 28
244 196 31
241 198 31
239 199 26
236 200 26
234 201 24
232 202 27
231 203 26
228 203 26
227 204 26
226 205 26
224 205 26
223 206 26
222 207 26
220 207 26
220 208 26
218 209 26
218 210 26
217 212 26
216 213 26
215 214 26
214 215 26
214 217 26
212 218 26
212 219 26
211 220 26
210 221 26
210 223 26
209 224 26
208 225 26
208 227 26
206 229 26
205 230 26
205 233 26
204 235 26
203 237 26
202 242 26
201 244 26
200 247 26
199 249 26
198 251 26
197 253 26
197 255 26
196 258 26
195 261 26
194 263 26
193 266 26
193 268 26
193 270 26
193 272 26
193 275 26
192 277 26
192 279 26
192 283 26
192 285 26
192 287 26
192 289 26
192 291 26
192 294 26
192 296 26
193 298 26
194 300 26
194 302 26
195 304 26
196 306 26
197 307 26
197 309 26
198 311 26
199 313 26
200 317 25
200 318 24
201 319 23
202 321 53
202 322 36
203 323 134
203 324 149
203 325 143
203 326 130
204 327 139
205 328 149
205 329 145
205 330 130
206 331 114
206 332 94
207 332 84
207 333 30
207 334 25
208 334 26
209 333 28
210 332 29
211 331 33
212 330 117
213 329 131
213 328 147
215 331 64
215 332 49
215 334 29
215 335 28
215 337 31
216 337 56
216 339 86
216 341 110
216 342 126
216 343 118
216 346 76
216 348 76
216 349 56
216 351 58
216 352 40
216 353 34
216 355 38
215 357 31
215 358 48
215 360 111
215 361 114
214 362 111
214 363 143
214 365 136
214 366 143
214 367 136
214 369 123
213 371 149
213 372 127
213 373 116
213 374 128
213 376 131
213 377 123
213 378 122
213 379 122
213 380 108
213 381 104
213 382 107
213 383 90
213 384 94
212 385 100
212 387 90
212 388 100
212 389 105
212 390 106
212 391 111
212 392 82
212 394 72
212 395 68
212 396 63
212 397 65
212 398 69
212 399 67
212 401 77
212 402 64
212 403 36
212 404 22
212 405 20
212 406 25
212 407 31
212 408 27
212 409 26
212 411 27
212 412 30
212 413 27
212 414 25
212 415 28
212 416 26
212 417 26
212 418 26
213 418 26
214 420 26
215 420 26
216 420 26
217 421 27
218 421 27
219 421 31
220 421 26
222 422 54
224 423 70
226 423 77
229 424 62
233 426 70
235 427 50
238 428 78
240 429 80
246 432 75
249 432 80
251 433 72
252 434 77
254 435 82
256 435 81
257 436 62
259 437 71
261 437 72
262 438 72
263 439 66
264 439 43
266 440 87
266 441 70
268 442 70
270 442 41
274 445 27
276 446 29
279 446 25
281 447 28
284 448 25
286 449 23
288 450 28
290 450 28
292 452 164
294 452 164
295 452 164
298 453 166
301 454 167
304 455 168
306 455 168
308 455 168
311 455 167
317 456 168
319 456 168
321 456 168
324 457 169
327 457 168
329 457 168
332 457 169
334 457 169
336 457 169
338 457 169
339 457 168
342 457 169
344 457 169
345 457 168
346 457 169
348 457 169
349 457 168
353 456 168
354 456 169
356 455 168
357 455 167
359 455 167
359 454 167
360 454 167
362 454 167
363 454 167
364 454 167
366 454 167
368 453 166
369 453 166
371 452 164
374 452 164
376 452 164
377 451 144
382 449 23
384 448 25
386 448 25
388 448 25
390 447 26
392 445 26
395 445 26
396 444 26
398 443 26
400 442 26
403 441 26
404 440 26
405 440 26
408 438 26
409 438 26
410 437 26
415 434 26
416 432 26
418 431 26
420 429 26
421 428 26
422 426 26
423 425 26
424 424 26
425 423 26
425 422 26
426 420 26
427 419 26
428 418 26
429 415 26
429 414 26
429 412 26
431 408 26
431 405 26
431 404 26
432 404 26
432 402 26
432 401 26
433 400 26
433 399 26
433 398 26
433 397 26
434 396 26
434 394 26
434 393 26
434 392 26
434 391 26
434 389 26
434 387 26
434 386 26
434 385 26
434 384 26
434 383 26
434 382 26
434 380 26
434 379 26
434 378 26
434 377 26
434 376 26
434 375 26
434 374 26
434 373 26
434 371 26
434 370 26
434 369 26
434 368 26
434 367 25
435 366 27
435 365 59
437 365 39
438 365 47
439 365 43
441 365 29
441 366 27
442 366 25
443 366 26
444 366 26
444 365 27
445 364 27
445 363 26
445 361 25
444 360 26
444 359 26
443 359 26
443 358 26
442 358 26
440 357 26
439 357 26
438 357 26
438 356 26
436 356 26
435 356 26
434 355 26
433 355 26
432 355 26
431 355 26
430 355 30
430 354 28
429 354 28
428 354 30
428 353 24
427 353 21
426 353 25
426 351 26
425 351 26
425 350 26
424 350 26
424 348 26
424 347 26
424 346 26
424 345 26
424 344 26
424 342 26
424 341 26
424 340 26
424 339 26
424 338 26
424 337 26
424 336 26
424 335 26
424 334 26
424 333 26
424 332 26
424 331 26
425 331 26
425 330 26
425 329 26
426 329 26
426 328 26
426 327 21
427 327 28
428 327 26
429 327 29
430 327 25
431 327 24
432 327 28
433 327 22
434 327 27
435 327 26
435 326 28
436 325 26
436 324 25
436 321 25
436 320 27
436 318 27
436 317 30
435 315 25
434 314 27
433 313 26
433 311 26
433 310 25
433 309 26
432 308 29
431 306 75
431 305 68
430 304 127
430 302 117
430 301 112
429 300 117
429 297 129
429 296 124
428 295 132
428 294 131
428 293 127
428 292 127
427 291 133
427 289 137
426 288 124
426 286 130
426 285 128
426 284 137
425 283 123
425 280 143
424 279 128
424 278 120
424 276 126
424 275 121
424 274 123
424 273 132
424 272 125
424 271 118
424 270 119
424 268 91
424 266 52
424 265 31
424 264 25
424 261 26
424 260 26
424 258 26
424 257 26
424 254 26
424 252 26
424 251 26
424 249 26
424 248 26
424 246 26
424 244 26
424 243 26
424 241 26
424 240 26
424 237 26
423 236 26
423 234 26
423 233 26
422 231 26
422 230 26
422 229 26
421 226 26
421 224 26
420 223 26
420 221 26
419 219 26
418 217 26
417 215 26
417 213 26
416 211 26
415 208 26
414 206 26
413 205 26
412 203 26
412 201 26
411 200 26
410 199 26
409 196 26
408 195 26
407 194 26
406 192 26
405 192 26
405 191 26
404 191 26
403 190 26
402 189 26
401 188 26
400 188 26
399 187 26
398 187 26
397 186 26
396 185 26
395 185 26
392 184 26
390 183 26
389 183 26
388 183 26
386 183 26
385 183 26
383 183 26
381 183 26
380 183 26
379 183 26
378 183 26
377 183 26
376 183 26
374 183 26
372 183 26
371 183 26
370 183 26
369 183 26
368 183 26
367 183 26
366 183 26
365 183 26
364 183 26
363 183 26
362 183 26
360 183 26
359 183 26
358 183 26
356 183 26
354 183 26
352 183 26
351 183 27
349 182 19
348 182 27
346 182 33
344 182 95
343 181 77
342 181 75
341 181 96
340 181 106
339 181 100
338 181 98
338 180 71
338 179 71
338 178 70
338 176 58
338 175 62
338 174 60
338 172 62
339 171 63
339 170 57
339 169 52
339 168 48
340 168 49
340 167 57
341 166 46
341 165 44
341 164 49
341 163 47
341 162 41
341 161 42
341 160 47
340 159 51
339 159 35
339 158 35
338 157 34
338 156 37
336 156 27
336 154 27
335 154 27
334 152 27
334 151 29
333 150 25
332 149 26
332 148 26
331 147 26
331 145 26
331 144 26
331 143 26
330 143 26
330 142 26
329 142 26
329 141 26
328 141 26
327 140 31
326 139 33
325 139 44
324 138 36
323 138 60
322 137 70
322 136 60
321 136 77
320 135 65
319 135 52
318 134 32
317 133 34
316 133 46
315 133 52
314 132 37
313 132 31
312 131 27
311 131 27
311 130 27
310 130 24
309 129 26
308 129 25
307 129 24
307 128 27
306 128 25
305 128 26
304 129 29
304 130 27
302 131 24
302 132 33
301 132 29
301 134 35
300 135 50
299 136 47
298 137 28
298 138 36
297 139 53
296 140 51
295 141 45
295 142 37
296 143 29
297 144 26
300 144 26
301 145 26
302 145 26
303 145 26
304 146 26
305 146 26
306 146 26
307 146 26
308 146 26
309 146 26
310 146 26
311 146 26
312 146 26
313 146 26
315 145 26
317 144 26
318 144 26
319 144 26
319 143 29
320 142 32
321 142 26
322 142 23
322 141 41
323 141 61
324 141 74
325 141 73
326 141 58
327 141 39
328 141 26
328 142 26
329 142 26
330 142 26
331 143 26
330 144 27
329 144 27
329 145 26
329 146 25
329 147 26
329 148 25
329 149 24
329 150 24
330 150 25
330 151 26
331 152 26
331 153 26
331 154 26
332 154 26
332 155 26
333 156 26
334 156 26
334 158 26
335 159 26
335 160 23
335 161 26
335 162 28
336 163 23
336 164 35
336 165 52
336 166 58
336 167 56
336 168 59
336 169 63
335 169 72
333 170 86
332 170 98
331 170 105
330 170 126
329 170 133
328 170 132
327 170 127
326 170 133
325 169 144
325 168 137
324 168 127
323 167 90
321 166 44
321 165 29
320 165 36
319 164 35
318 163 39
318 162 42
317 162 42
317 161 37
316 160 25
316 159 26
315 159 26
314 159 26
313 159 26
312 159 26
311 159 27
310 159 28
309 159 32
307 159 32
306 159 30
306 160 38
305 160 47
305 161 54
304 163 43
304 164 45
304 165 38
304 166 38
304 167 53
304 168 58
303 168 59
302 168 81
301 169 83
300 169 98
299 169 109
298 169 115
297 169 127
296 169 131
295 169 129
294 169 143
293 169 145
293 168 138
292 168 131
291 167 106
290 167 102
289 166 71
289 165 35
289 164 27
288 163 23
288 162 27
288 161 23
288 159 26
288 158 26
288 157 26
288 156 26
288 155 26
288 154 26
287 154 28
286 153 29
285 153 30
284 152 27
283 152 27
282 152 27
281 153 27
281 154 26
280 154 26
280 156 23
280 157 26
279 158 26
279 159 26
279 160 29
279 161 31
279 163 36
279 164 41
278 165 37
277 166 29
277 167 28
277 168 26
277 169 29
277 170 26
277 171 25
277 172 29
278 173 26
278 174 28
279 174 24
280 175 35
280 176 30
281 177 52
282 177 72
283 178 75
284 178 77
285 179 86
285 180 84
286 180 85
286 181 86
286 182 91
285 182 104
284 183 88
283 184 94
281 185 113
280 186 143
278 187 156
277 188 168
276 188 176
274 189 170
272 190 155
270 191 166
269 192 154
268 192 157
267 193 157
266 194 142
264 195 142
263 195 140
262 196 131
261 196 133
260 196 131
258 196 139
257 196 133
255 197 109
253 197 128
252 197 131
251 197 128
249 197 113
245 197 80
243 197 28
242 197 26
240 197 30
239 197 26
236 197 26
235 197 26
233 197 26
232 196 26
230 196 26
229 195 26
228 195 26
227 195 26
226 195 26
225 195 26
225 194 26
225 194 26
Stop
